,0,1,2,3,4,5,6,7,8,9,10,11,12,13,14,15,16,17,18,19,20,21,22,23,24,25,26,27,28,29,30,31,32,33,34,35,36,37,38,39,40,41,42,43,44,45,46,47,48,49,50,51,52,53,54,55,56,57,58,59,60,61,62,63,64,65,66,67,68,69,70,71,72,73,74,75,76,77,78,79,80,81,82,83,84,85,86,87,88,89,90,91,92,93,94,95,96,97,98,99,100,101,102,103,104,105,106,107,108,109,110,111,112,113,114,115,116,117,118,119,120,121,122,123,124,125,126,127,128,129,130,131,132,133,134,135,136,137,138,139,140,141,142,143,144,145,146,147,148,149,150,151,152,153,154,155,156,157,158,159,160,161,162,163,164,165,166,167,168,169,170,171,172,173,174,175,176,177,178,179,180,181,182,183,184,185,186,187,188,189,190,191,192,193,194,195,196,197,198,199,200,201,202,203,204,205,206,207,208,209,210,211,212,213,214,215,216,217,218,219,220,221,222,223,224,225,226,227,228,229,230,231,232,233,234,235,236,237,238,239,240,241,242,243,244,245,246,247,248,249,250,251,252,253,254,255,256,257,258,259,260,261,262,263,264,265,266,267,268,269,270,271,272,273,274,275,276,277,278,279,280,281,282,283,284,285,286,287,288,289,290,291,292,293,294,295,296,297,298,299,300,301,302,303,304,305,306,307,308,309,310,311,312,313,314,315,316,317,318,319,320,321,322,323,324,325,326,327,328,329,330,331,332,333,334,335,336,337,338,339,340,341,342,343,344,345,346,347,348,349,350,351,352,353,354,355,356,357,358,359,360,361,362,363,364,365,366,367,368,369,370,371,372,373,374,375,376,377,378,379,380,381,382,383,384,385,386,387,388,389,390,391,392,393,394,395,396,397,398,399,400,401,402,403,404,405,406,407,408,409,410,411,412,413,414,415,416,417,418,419,420,421,422,423,424,425,426,427,428,429,430,431,432,433,434,435,436,437,438,439,440,441,442,443,444,445,446,447,448,449,450,451,452,453,454,455,456,457,458,459,460,461,462,463,464,465,466,467,468,469,470,471,472,473,474,475,476,477,478,479,480,481,482,483,484,485,486,487,488,489,490,491,492,493,494,495,496,497,498,499,500,501,502,503,504,505,506,507,508,509,510,511,512,513,514,515,516,517,518,519,520,521,522,523,524,525,526,527,528,529,530,531,532,533,534,535,536,537,538,539,540,541,542,543,544,545,546,547,548,549,550,551,552,553,554,555,556,557,558,559,560,561,562,563,564,565,566,567,568,569,570,571,572,573,574,575,576,577,578,579,580,581,582,583,584,585,586,587,588,589,590,591,592,593,594,595,596,597,598,599,600,601,602,603,604,605,606,607,608,609,610,611,612,613,614,615,616,617,618,619,620,621,622,623,624,625,626,627,628,629,630,631,632,633,634,635,636,637,638,639,640,641,642,643,644,645,646,647,648,649,650,651,652,653,654,655,656,657,658,659,660,661,662,663,664,665,666,667,668,669,670,671,672,673,674,675,676,677,678,679,680,681,682,683,684,685,686,687,688,689,690,691,692,693,694,695,696,697,698,699,700,701,702,703,704,705,706,707,708,709,710,711,712,713,714,715,716,717,718,719,720,721,722,723,724,725,726,727,728,729,730,731,732,733,734,735,736,737,738,739,740,741,742,743,744,745,746,747,748,749,750,751,752,753,754,755,756,757,758,759,760,761,762,763,764,765,766,767,768,769,770,771,772,773,774,775,776,777,778,779,780,781,782,783,784,785,786,787,788,789,790,791,792,793,794,795,796,797,798,799,800,801,802,803,804,805,806,807,808,809,810,811,812,813,814,815,816,817,818,819,820,821,822,823,824,825,826,827,828,829,830,831,832,833,834,835,836,837,838,839,840,841,842,843,844,845,846,847,848,849,850,851,852,853,854,855,856,857,858,859,860,861,862,863,864,865,866,867,868,869,870,871,872,873,874,875,876,877,878,879,880,881,882,883,884,885,886,887,888,889,890,891,892,893,894,895,896,897,898,899,900,901,902,903,904,905,906,907,908,909,910,911,912,913,914,915,916,917,918,919,920,921,922,923,924,925,926,927,928,929,930,931,932,933,934,935,936,937,938,939,940,941,942,943,944,945,946,947,948,949,950,951,952,953,954,955,956,957,958,959,960,961,962,963,964,965,966,967,968,969,970,971,972,973,974,975,976,977,978,979,980,981,982,983,984,985,986,987,988,989,990,991,992,993,994,995,996,997,998,999,1000,1001,1002,1003,1004,1005,1006,1007,1008,1009,1010,1011,1012,1013,1014,1015,1016,1017,1018,1019,1020,1021,1022,1023,1024,1025,1026,1027,1028,1029,1030,1031,1032,1033,1034,1035,1036,1037,1038,1039,1040,1041,1042,1043,1044,1045,1046,1047,1048,1049,1050,1051,1052,1053,1054,1055,1056,1057,1058,1059,1060,1061,1062,1063,1064,1065,1066,1067,1068,1069,1070,1071,1072,1073,1074,1075,1076,1077,1078,1079,1080,1081,1082,1083,1084,1085,1086,1087,1088,1089,1090,1091,1092,1093,1094,1095,1096,1097,1098,1099,1100,1101,1102,1103,1104,1105,1106,1107,1108,1109,1110,1111,1112,1113,1114,1115,1116,1117,1118,1119,1120,1121,1122,1123,1124,1125,1126,1127,1128,1129,1130,1131,1132,1133,1134,1135,1136,1137,1138,1139,1140,1141,1142,1143,1144,1145,1146,1147,1148,1149,1150,1151,1152,1153,1154,1155,1156,1157,1158,1159,1160,1161,1162,1163,1164,1165,1166,1167,1168,1169,1170,1171,1172,1173,1174,1175,1176,1177,1178,1179,1180,1181,1182,1183,1184,1185,1186,1187,1188,1189,1190,1191,1192,1193,1194,1195,1196,1197,1198,1199,1200,1201,1202,1203,1204,1205,1206,1207,1208,1209,1210,1211,1212,1213,1214,1215,1216,1217,1218,1219,1220,1221,1222,1223,1224,1225,1226,1227,1228,1229,1230,1231,1232,1233,1234,1235,1236,1237,1238,1239,1240,1241,1242,1243,1244,1245,1246,1247,1248,1249,1250,1251,1252,1253,1254,1255,1256,1257,1258,1259,1260,1261,1262,1263,1264,1265,1266,1267,1268,1269,1270,1271,1272,1273,1274,1275,1276,1277,1278,1279,1280,1281,1282,1283,1284,1285,1286,1287,1288,1289,1290,1291,1292,1293,1294,1295,1296,1297,1298,1299,1300,1301,1302,1303,1304,1305,1306,1307,1308,1309,1310,1311,1312,1313,1314,1315,1316,1317,1318,1319,1320,1321,1322,1323,1324,1325,1326,1327,1328,1329,1330,1331,1332,1333,1334,1335,1336,1337,1338,1339,1340,1341,1342,1343,1344,1345,1346,1347,1348,1349,1350,1351,1352,1353,1354,1355,1356,1357,1358,1359,1360,1361,1362,1363,1364,1365,1366,1367,1368,1369,1370,1371,1372,1373,1374,1375,1376,1377,1378,1379,1380,1381,1382,1383,1384,1385,1386,1387,1388,1389,1390,1391,1392,1393,1394,1395,1396,1397,1398,1399,1400,1401,1402,1403,1404,1405,1406,1407,1408,1409,1410,1411,1412,1413,1414,1415,1416,1417,1418,1419,1420,1421,1422,1423,1424,1425,1426,1427,1428,1429,1430,1431,1432,1433,1434,1435,1436,1437,1438,1439,1440,1441,1442,1443,1444,1445,1446,1447,1448,1449,1450,1451,1452,1453,1454,1455,1456,1457,1458,1459,1460,1461,1462,1463,1464,1465,1466,1467,1468,1469,1470,1471,1472,1473,1474,1475,1476,1477,1478,1479,1480,1481,1482,1483,1484,1485,1486,1487,1488,1489,1490,1491,1492,1493,1494,1495,1496,1497,1498,1499,1500,1501,1502,1503,1504,1505,1506,1507,1508,1509,1510,1511,1512,1513,1514,1515,1516,1517,1518,1519,1520,1521,1522,1523,1524,1525,1526,1527,1528,1529,1530,1531,1532,1533,1534,1535,1536,1537,1538,1539,1540,1541,1542,1543,1544,1545,1546,1547,1548,1549,1550,1551,1552,1553,1554,1555,1556,1557,1558,1559,1560,1561,1562,1563,1564,1565,1566,1567,1568,1569,1570,1571,1572,1573,1574,1575,1576,1577,1578,1579,1580,1581,1582,1583,1584,1585,1586,1587,1588,1589,1590,1591,1592,1593,1594,1595,1596,1597,1598,1599,1600,1601,1602,1603,1604,1605,1606,1607,1608,1609,1610,1611,1612,1613,1614,1615,1616,1617,1618,1619,1620,1621,1622,1623,1624,1625,1626,1627,1628,1629,1630,1631,1632,1633,1634,1635,1636,1637,1638,1639,1640,1641,1642,1643,1644,1645,1646,1647,1648,1649,1650,1651,1652,1653,1654,1655,1656,1657,1658,1659,1660,1661,1662,1663,1664,1665,1666,1667,1668,1669,1670,1671,1672,1673,1674,1675,1676,1677,1678,1679,1680,1681,1682,1683,1684,1685,1686,1687,1688,1689,1690,1691,1692,1693,1694,1695,1696,1697,1698,1699,1700,1701,1702,1703,1704,1705,1706,1707,1708,1709,1710,1711,1712,1713,1714,1715,1716,1717,1718,1719,1720,1721,1722,1723,1724,1725,1726,1727,1728,1729,1730,1731,1732,1733,1734,1735,1736,1737,1738,1739,1740,1741,1742,1743,1744,1745,1746,1747,1748,1749,1750,1751,1752,1753,1754,1755,1756,1757,1758,1759,1760,1761,1762,1763,1764,1765,1766,1767,1768,1769,1770,1771,1772,1773,1774,1775,1776,1777,1778,1779,1780,1781,1782,1783,1784,1785,1786,1787,1788,1789,1790,1791,1792,1793,1794,1795,1796,1797,1798,1799,1800,1801,1802,1803,1804,1805,1806,1807,1808,1809,1810,1811,1812,1813,1814,1815,1816,1817,1818,1819,1820,1821,1822,1823,1824,1825,1826,1827,1828,1829,1830,1831,1832,1833,1834,1835,1836,1837,1838,1839,1840,1841,1842,1843,1844,1845,1846,1847,1848,1849,1850,1851,1852,1853,1854,1855,1856,1857,1858,1859,1860,1861,1862,1863,1864,1865,1866,1867,1868,1869,1870,1871,1872,1873,1874,1875,1876,1877,1878,1879,1880,1881,1882,1883,1884,1885,1886,1887,1888,1889,1890,1891,1892,1893,1894,1895,1896,1897,1898,1899,1900,1901,1902,1903,1904,1905,1906,1907,1908,1909,1910,1911,1912,1913,1914,1915,1916,1917,1918,1919,1920,1921,1922,1923,1924,1925,1926,1927,1928,1929,1930,1931,1932,1933,1934,1935,1936,1937,1938,1939,1940,1941,1942,1943,1944,1945,1946,1947,1948,1949,1950,1951,1952,1953,1954,1955,1956,1957,1958,1959,1960,1961,1962,1963,1964,1965,1966,1967,1968,1969,1970,1971,1972,1973,1974,1975,1976,1977,1978,1979,1980,1981,1982,1983,1984,1985,1986,1987,1988,1989,1990,1991,1992,1993,1994,1995,1996,1997,1998,1999,2000,2001,2002,2003,2004,2005,2006,2007,2008,2009,2010,2011,2012,2013,2014,2015,2016,2017,2018,2019,2020,2021,2022,2023,2024,2025,2026,2027,2028,2029,2030,2031,2032,2033,2034,2035,2036,2037,2038,2039,2040,2041,2042,2043,2044,2045,2046,2047,2048,2049,2050,2051,2052,2053,2054,2055,2056,2057,2058,2059,2060,2061,2062,2063,2064,2065,2066,2067,2068,2069,2070,2071,2072,2073,2074,2075,2076,2077,2078,2079,2080,2081,2082,2083,2084,2085,2086,2087,2088,2089,2090,2091,2092,2093,2094,2095,2096,2097,2098,2099,2100,2101,2102,2103,2104,2105,2106,2107,2108,2109,2110,2111,2112,2113,2114,2115,2116,2117,2118,2119,2120,2121,2122,2123,2124,2125,2126,2127,2128,2129,2130,2131,2132,2133,2134,2135,2136,2137,2138,2139,2140,2141,2142,2143,2144,2145,2146,2147,2148,2149,2150,2151,2152,2153,2154,2155,2156,2157,2158,2159,2160,2161,2162,2163,2164,2165,2166,2167,2168,2169,2170,2171,2172,2173,2174,2175,2176,2177,2178,2179,2180,2181,2182,2183,2184,2185,2186,2187,2188,2189,2190,2191,2192,2193,2194,2195,2196,2197,2198,2199,2200,2201,2202,2203,2204,2205,2206,2207,2208,2209,2210,2211,2212,2213,2214,2215,2216,2217,2218,2219,2220,2221,2222,2223,2224,2225,2226,2227,2228,2229,2230,2231,2232,2233,2234,2235,2236,2237,2238,2239,2240,2241,2242,2243,2244,2245,2246,2247,2248,2249,2250,2251,2252,2253,2254,2255,2256,2257,2258,2259,2260,2261,2262,2263,2264,2265,2266,2267,2268,2269,2270,2271,2272,2273,2274,2275,2276,2277,2278,2279,2280,2281,2282,2283,2284,2285,2286,2287,2288,2289,2290,2291,2292,2293,2294,2295,2296,2297,2298,2299,2300,2301,2302,2303,2304,2305,2306,2307,2308,2309,2310,2311,2312,2313,2314,2315,2316,2317,2318,2319,2320,2321,2322,2323,2324,2325,2326,2327,2328,2329,2330,2331,2332,2333,2334,2335,2336,2337,2338,2339,2340,2341,2342,2343,2344,2345,2346,2347,2348,2349,2350,2351,2352,2353,2354,2355,2356,2357,2358,2359,2360,2361,2362,2363,2364,2365,2366,2367,2368,2369,2370,2371,2372,2373,2374,2375,2376,2377,2378,2379,2380,2381,2382,2383,2384,2385,2386,2387,2388,2389,2390,2391,2392,2393,2394,2395,2396,2397,2398,2399,2400,2401,2402,2403,2404,2405,2406,2407,2408,2409,2410,2411,2412,2413,2414,2415,2416,2417,2418,2419,2420,2421,2422,2423,2424,2425,2426,2427,2428,2429,2430,2431,2432,2433,2434,2435,2436,2437,2438,2439,2440,2441,2442,2443,2444,2445,2446,2447,2448,2449,2450,2451,2452,2453,2454,2455,2456,2457,2458,2459,2460,2461,2462,2463,2464,2465,2466,2467,2468,2469,2470,2471,2472,2473,2474,2475,2476,2477,2478,2479,2480,2481,2482,2483,2484,2485,2486,2487,2488,2489,2490,2491,2492,2493,2494,2495,2496,2497,2498,2499,2500,2501,2502,2503,2504,2505,2506,2507,2508,2509,2510,2511,2512,2513,2514,2515,2516,2517,2518,2519,2520,2521,2522,2523,2524,2525,2526,2527,2528,2529,2530,2531,2532,2533,2534,2535,2536,2537,2538,2539,2540,2541,2542,2543,2544,2545,2546,2547,2548,2549,2550,2551,2552,2553,2554,2555,2556,2557,2558,2559,2560,2561,2562,2563,2564,2565,2566,2567,2568,2569,2570,2571,2572,2573,2574,2575,2576,2577,2578,2579,2580,2581,2582,2583,2584,2585,2586,2587,2588,2589,2590,2591,2592,2593,2594,2595,2596,2597,2598,2599,2600,2601,2602,2603,2604,2605,2606,2607,2608,2609,2610,2611,2612,2613,2614,2615,2616,2617,2618,2619,2620,2621,2622,2623,2624,2625,2626,2627,2628,2629,2630,2631,2632,2633,2634,2635,2636,2637,2638,2639,2640,2641,2642,2643,2644,2645,2646,2647,2648,2649,2650,2651,2652,2653,2654,2655,2656,2657,2658,2659,2660,2661,2662,2663,2664,2665,2666,2667,2668,2669,2670,2671,2672,2673,2674,2675,2676,2677,2678,2679,2680,2681,2682,2683,2684,2685,2686,2687,2688,2689,2690,2691,2692,2693,2694,2695,2696,2697,2698,2699,2700,2701,2702,2703,2704,2705,2706,2707,2708,2709,2710,2711,2712,2713,2714,2715,2716,2717,2718,2719,2720,2721,2722,2723,2724,2725,2726,2727,2728,2729,2730,2731,2732,2733,2734,2735,2736,2737,2738,2739,2740,2741,2742,2743,2744,2745,2746,2747,2748,2749,2750,2751,2752,2753,2754,2755,2756,2757,2758,2759,2760,2761,2762,2763,2764,2765,2766,2767,2768,2769,2770,2771,2772,2773,2774,2775,2776,2777,2778,2779,2780,2781,2782,2783,2784,2785,2786,2787,2788,2789,2790,2791,2792,2793,2794,2795,2796,2797,2798,2799,2800,2801,2802,2803,2804,2805,2806,2807,2808,2809,2810,2811,2812,2813,2814,2815,2816,2817,2818,2819,2820,2821,2822,2823,2824,2825,2826,2827,2828,2829,2830,2831,2832,2833,2834,2835,2836,2837,2838,2839,2840,2841,2842,2843,2844,2845,2846,2847,2848,2849,2850,2851,2852,2853,2854,2855,2856,2857,2858,2859,2860,2861,2862,2863,2864,2865,2866,2867,2868,2869,2870,2871,2872,2873,2874,2875,2876,2877,2878,2879,2880,2881,2882,2883,2884,2885,2886,2887,2888,2889,2890,2891,2892,2893,2894,2895,2896,2897,2898,2899,2900,2901,2902,2903,2904,2905,2906,2907,2908,2909,2910,2911,2912,2913,2914,2915,2916,2917,2918,2919,2920,2921,2922,2923,2924,2925,2926,2927,2928,2929,2930,2931,2932,2933,2934,2935,2936,2937,2938,2939,2940,2941,2942,2943,2944,2945,2946,2947,2948,2949,2950,2951,2952,2953,2954,2955,2956,2957,2958,2959,2960,2961,2962,2963,2964,2965,2966,2967,2968,2969,2970,2971,2972,2973,2974,2975,2976,2977,2978,2979,2980,2981,2982,2983,2984,2985,2986,2987,2988,2989,2990,2991,2992,2993,2994,2995,2996,2997,2998,2999,3000,3001,3002,3003,3004,3005,3006,3007,3008,3009,3010,3011,3012,3013,3014,3015,3016,3017,3018,3019,3020,3021,3022,3023,3024,3025,3026,3027,3028,3029,3030,3031,3032,3033,3034,3035,3036,3037,3038,3039,3040,3041,3042,3043,3044,3045,3046,3047,3048,3049,3050,3051,3052,3053,3054,3055,3056,3057,3058,3059,3060,3061,3062,3063,3064,3065,3066,3067,3068,3069,3070,3071,3072,3073,3074,3075,3076,3077,3078,3079,3080,3081,3082,3083,3084,3085,3086,3087,3088,3089,3090,3091,3092,3093,3094,3095,3096,3097,3098,3099,3100,3101,3102,3103,3104,3105,3106,3107,3108,3109,3110,3111,3112,3113,3114,3115,3116,3117,3118,3119,3120,3121,3122,3123,3124,3125,3126,3127,3128,3129,3130,3131,3132,3133,3134,3135,3136,3137,3138,3139,3140,3141,3142,3143,3144,3145,3146,3147,3148,3149,3150,3151,3152,3153,3154,3155,3156,3157,3158,3159,3160,3161,3162,3163,3164,3165,3166,3167,3168,3169,3170,3171,3172,3173,3174,3175,3176,3177,3178,3179,3180,3181,3182,3183,3184,3185,3186,3187,3188,3189,3190,3191,3192,3193,3194,3195,3196,3197,3198,3199,3200,3201,3202,3203,3204,3205,3206,3207,3208,3209,3210,3211,3212,3213,3214,3215,3216,3217,3218,3219,3220,3221,3222,3223,3224,3225,3226,3227,3228,3229,3230,3231,3232,3233,3234,3235,3236,3237,3238,3239,3240,3241,3242,3243,3244,3245,3246,3247,3248,3249,3250,3251,3252,3253,3254,3255,3256,3257,3258,3259,3260,3261,3262,3263,3264,3265,3266,3267,3268,3269,3270,3271,3272,3273,3274,3275,3276,3277,3278,3279,3280,3281,3282,3283,3284,3285,3286,3287,3288,3289,3290,3291,3292,3293,3294,3295,3296,3297,3298,3299,3300
0,11.50149206,6.442371492,10.06803335,6.963142909,6.355185272000001,4.505605357,8.708670106,5.215859324,4.516068508,6.00094258,4.570771944,10.72197403,5.686403123,11.15289902,6.80146911,7.280425217,9.264126575,6.315970509,4.7461321960000005,8.968372459,4.4031022580000005,7.055727082000001,8.201784479,8.276174758,6.6878140010000005,5.099945352,6.4025454029999995,6.8619766910000015,5.327775238,5.086924109,9.169905676,6.332520677000001,7.255834097,5.15407988,7.7251166960000015,7.1945858560000016,6.3680700660000005,4.852083966,6.030109086,5.0859527060000005,9.090945526,6.182953304,6.46408533,7.3724780339999985,7.443572777999999,7.562455722,5.632205614,9.458288917,6.107286892,7.180064599,4.70077951,6.180118491,6.342723522000001,9.207647722,4.3220868260000005,5.5820590060000015,4.638904575,9.564482411,4.479225634,5.486773769,6.080817861,5.36516649,8.492506169,6.912919058,6.338581211,8.250269444,6.463140937,7.087047044,7.3940686960000015,7.831392153999999,6.335388312999999,13.5181696,8.005862952000001,4.417853148,6.8746792889999995,4.738113684,5.035287448,6.635549515,4.650025679,6.81094212,7.3732038310000005,6.413856415,8.638084422,9.042507137000001,5.273553656,5.664064442999999,7.488676497999999,4.9273997419999995,5.407971438,8.560319865,5.330746971,6.998517367000001,5.24807257,8.531623349,7.795500189,6.114101886,10.23013373,4.389235505,4.317163208,7.0484042879999995,5.454337732000001,6.0064216020000005,6.4053457210000015,8.564987106,7.452004938,9.153700446,9.57436994,4.767665404,5.0284764000000015,7.1580560470000005,4.9751590939999994,5.126707822,4.796996409,6.735165042999999,5.935333825,9.052949647,4.32670593,5.290257243,5.880046843,6.875871997000001,10.854647199999999,8.629766072,5.741546848,8.742215148,7.780149285,5.2821427739999995,4.973961296000001,5.456137135,4.676784881000001,7.379573947999999,5.443773075,10.96838826,6.546830569,6.58209914,5.835749924,8.040748607000001,6.532607877,4.731770722,6.287236872,5.3135597510000006,4.372232695,4.589372707,9.914731286,9.148258279,5.644284422999999,6.348863904,4.936908325,6.065469641,10.26790921,4.728262443,6.9791131360000005,4.731528248,7.200273342999999,5.525224796,8.73827955,6.63257591,5.736863747999999,6.193571929,7.708140667,5.346744183999999,9.101556646,4.770013274,6.886826602,6.292550022,6.777024409,4.7640755619999995,8.893178767,6.802069413,8.907980371,4.965191657,4.35156473,5.958083646,7.25387529,9.170295199,8.207702661,8.34902625,8.033019292999999,9.792479002,7.6076755060000005,4.580852244,5.576925352999999,4.432778325,5.21360975,4.557041882,4.396621081,9.955099639,9.25701749,7.689693802000001,7.15825626,6.037861945,5.155064684,6.463150015,7.0963414160000005,7.4351252510000005,6.205401942000001,6.486973405,7.81797012,8.750490682,6.242774596,5.575816372999999,8.151872376,8.859764105,7.5742523760000005,9.452456485,6.214428539,6.935434267000001,5.637472746,8.262827551,4.736596797,5.449053957,5.088603815,9.873359407,5.9408638210000015,5.816516943,6.2151221670000005,9.254887091,6.333001498,5.873113525,6.279914262,5.8423294110000015,7.321422592999999,8.551113701,6.497064924,6.941721338,4.502733147,11.15365941,5.6392328,7.131342328,5.480434799999999,5.870379436,6.156483795,10.03350703,5.0859636969999995,5.353907635,11.35395009,5.3847811839999995,6.161352357999999,4.850398866,5.281831766,7.98134041,5.848019184,4.254925335,8.836448303,7.383963457,5.531576804,6.8135084610000005,5.430313792000001,4.652612597,6.2297097820000005,4.926018202,5.735378008,4.925996222,6.71879443,4.73094431,9.879670747,7.67250849,10.36222301,5.799352482000001,6.3073298829999995,9.14176897,5.646238632,6.867631255,5.066943491,5.269260018,4.656442299999998,7.515971531,5.3691125689999994,6.873610404,6.212164821,6.918278269,7.1180385510000015,4.668945893,7.053280387999999,6.95825291,7.809522096,6.511460258,8.429819001,7.0283960999999975,4.482832818,8.180887468,11.56632956,8.401735942,8.617592396000001,7.52255705,4.381808875,7.4321755629999995,5.779905319,4.91761119,5.50538799,5.851914086,6.664978773,6.666931131,9.28747002,10.63615461,4.965512438999999,7.38189164,6.971159806,5.0145074119999995,6.285051645,8.891757899,5.930476106,5.6066843429999995,9.721787048,5.862713192,7.796469302999999,6.919588462999999,7.455708127,4.7159481219999995,6.921718477000001,4.920637311,4.43064762,5.77188515,6.41641135,6.7577459410000005,4.677197275,7.604141019,7.015955397000001,9.768861845,6.822428426,7.3812923779999995,6.175912899,5.272539419,5.972877177999999,4.628634701,7.85747222,4.677607076,6.731795485,10.385073,8.393103538,5.046282286,6.899490806,5.764388783999999,4.830382449,6.131059483,11.62638356,6.986157612,6.201104777,7.840455771,8.595916075,8.1596453,4.320360882,7.539984349,7.735142194,5.405552861,6.64350281,7.077242565,4.702353014,7.499452923,5.5716171160000005,8.167678421,5.09188012,6.280016149,4.673708582,6.040137232999999,7.7412463670000005,7.398333918,8.760252202,5.736360539,7.722674279,8.952642838,5.054043426000001,10.27555551,8.508830226,4.594475587,4.959274703999999,5.419809435,8.130212756,5.424384506,8.207199825,5.159400717,6.0044885279999995,4.9844395630000005,6.602749149,5.725360734,5.392266001,9.639912936,8.518327482,6.034278314,8.479845527,8.505095942,7.3506679,5.654903653,6.3100328889999995,4.517108428999999,4.862970081,8.765548638,6.239062075,7.874146979,5.206580257,7.698496987,5.923440667,6.262111708,8.554487137999999,8.978221469,6.516017941,6.992607146,8.038289322999999,6.511164832,6.820190116,6.199315937000001,5.264528017,9.226419169,6.873461868,5.724435119,6.196317231,6.1732865110000015,4.685959639,6.89612314,5.5803443470000005,8.029406892999999,10.82099309,4.26431945,7.753742904,4.842169406,5.886866531,5.529670061,6.314380907,5.518627996,5.337513745,8.730809927000001,6.606106575,4.66008699,5.664551311,10.439303500000001,6.021911433,7.941893792,6.420154256,5.092464181,8.090246118,5.415750967,10.39802045,7.6181913,4.316782454,5.7515813179999995,11.63373314,8.098534772,6.424526056,7.0022076160000015,6.2180518739999995,8.946694328,5.549040442000001,4.785903966,6.468842968,5.647339016,8.773264314,6.089321832,5.1168363889999995,7.991553841,7.494752684,5.121722231000001,4.81519485,6.52027907,5.118722662,5.994238788,4.630387717,4.911844295,7.759447618999999,6.876955646,4.917988200000001,7.200370982999999,8.15957021,7.996568055,5.034626225,8.847838932,6.4970241060000005,5.37073751,6.402874167999999,5.052630738,7.390427669,5.598747313,8.114011657,5.511852782,4.897979253,5.507905119,4.536293378,4.875413443,4.290743096,6.461321272999999,6.715975808,7.2153369760000015,5.755598452999999,7.47280029,11.02730793,5.443701507999999,4.6127299289999995,6.861131134,7.583613467999999,4.652456265,6.9293406210000015,4.732947578,6.958004777,8.29403347,4.90748459,7.481996745,9.091452775,8.204906614,5.741285284,8.802906869,6.428653317,8.368052882999999,8.492165179,5.248801922,5.863990518,5.639136412,5.862467633,4.882989067,7.114008457000001,8.082603092000001,4.690814377,7.285857315,7.320758047000001,5.4627725929999995,5.00460421,6.180513027999999,6.954288654,6.06538784,8.113059577000001,7.730653266,7.4893468410000015,5.74437226,5.208793355,7.245645597,9.412565927000001,6.130252785,6.471244032,8.316313206,5.687845633999999,6.9516435770000005,6.159203784,5.51544592,5.319563626,8.432106688,7.07083247,7.640022632999999,6.784477229,6.128621085,6.728392949,8.112246432000001,5.449545027,6.7326107639999995,4.926277385,7.443092495,7.377849677,8.045419546,5.769309223,9.266944661,6.4884140860000015,5.212826134,6.035814003,7.7146268870000005,7.195582722,6.680828914,8.43331268,6.8359341910000015,6.872657203999999,6.185372178,6.020043544,7.048924332,6.439546226,8.900956033,6.317324022999999,10.20504472,5.381582572999999,5.393992398,5.566302514,10.06964081,7.507132493999999,6.301476125,6.616266115,4.572022598,7.782885019,6.138979802000001,5.85502014,5.240553382,5.706342867999999,7.973275611,9.259936745,9.216038679,6.867657446,8.311252084,6.868651367000001,7.3593069710000005,7.3534335870000005,6.916516764,7.78015881,5.786803711,7.798265936,8.533321373,9.021019512,8.617996527999999,6.5855388989999994,4.661497348,4.601253648999999,5.132001679,7.545107729,9.352492796,7.670480082999999,6.036228106,6.857401229,6.393015501,7.4082506760000015,9.379424159,12.32992484,4.823402232,12.81585995,4.925324033,5.7320245089999995,5.561082711,4.526467321,6.296002155,8.241074441,4.423739797,4.341388545,6.784552929,9.769910333,7.593538708,7.525699899,8.787406464,8.983043647999999,5.6552837270000005,5.775140801,7.03544428,6.814657762,7.953558554,6.071206987,7.544465934,6.108396282999999,4.477864555,6.101232988,5.757462478,5.6018965010000015,8.145411332,7.8692976660000005,5.454809909,6.5911395729999995,5.542561347,4.607433326000001,4.697766051,5.043430254,4.36194964,4.786052767,4.716666741,4.810935013,4.916650177,8.926447154,8.624608300000002,5.061354205,6.11046741,5.687936016,4.832727126,4.7068470719999995,5.574318664,7.518359977999999,6.902908213,9.783735115,5.363832816,5.97688963,5.141545503,4.705465579,5.267913254,6.723613137999999,6.564454745,4.962264526,7.937933528999999,5.494424146,9.441531392,5.171516071,6.368912965,4.768977945,4.592269858,5.377686762000001,4.728898031,6.766877631,5.039417578,7.680947374,9.382871158,4.364108596,4.985862256,6.101112595,6.211260066,7.443231093,5.407194324,8.624577894,6.858240706,10.13089679,7.502348725,8.343720004,8.96259621,8.097994906,8.44714149,6.617412926,7.892730356,6.7924410810000015,7.215989645,5.965638642,4.562670778999999,6.515265858999999,7.490217031,4.890064016,5.50307157,5.418014192,5.9805856,4.739157045,5.11431957,7.890329705,8.855776118,7.694793318999999,6.633601893,6.8340253529999995,6.174919383,4.739932348,5.714116882999999,4.865162686000001,4.76342044,8.842475775,4.365342534,4.795490706,9.498292937,7.0478048960000015,6.10117245,4.403795579,6.893625925,4.4118517289999994,6.812062731,5.24057934,7.280950301,7.279883672,8.655320846,6.575390835,5.2931145939999995,4.655549527,7.637765495,7.313104768,6.995355601,4.9202716419999994,7.775431281,7.486675139,8.948615102,7.476625594,6.359928742,8.479946768,5.641710955,5.382061124,5.605229659,5.4266708679999995,9.268021422,9.233436613,6.296072915,4.665310839,4.769654473,7.741264094,7.295070475,8.694152005,4.703188514,4.73137228,8.302395982,9.589908413,5.02483017,7.8751290260000015,9.554254401,7.996915411,5.073759293999999,4.996063821,6.028797129,6.718370799,6.520389487,4.804730512,7.009454946,5.69158257,7.614257169,9.43343236,6.2694017460000016,5.685989747000001,5.189859342,4.318528115,6.205628982,6.864317047,4.977732468999999,6.801875676,6.379296404,7.465328396,10.68098878,10.20422249,11.03713673,8.575320878,7.2375769389999975,11.12521411,9.452257348,8.447606115,7.068338011,5.531425389,6.29291329,8.751102793,6.148215037999999,7.820360544,4.983576857,5.395988377,7.143778747000001,8.807778597,4.44578936,6.9422162279999995,8.046113507000001,8.185623235,4.479437112,5.429372829,5.225641677,5.40635653,9.904297866,4.760438996,13.21365963,14.04399296,6.179690399,7.317390355,7.654732461,9.276246399,9.927301976,9.095603859,6.906418691,6.636219003,5.777721504,8.03905262,5.199403117,7.1911385060000015,9.110071831,5.713084212,4.755315989,8.192638067,7.307062595,8.916503766,10.500537699999999,5.277852091000001,9.670309726000001,6.59853266,6.865779507,8.763052978,6.212970972999999,5.726540881,6.4830062029999995,9.188995015,7.024908383,4.444937755,6.8087699829999995,6.912405784,13.03482453,7.6772387029999996,6.523648737,7.318174152999999,5.559040573,6.5103868060000005,5.146776313999999,8.453039052000001,7.927180521,10.63755358,8.27583208,5.928761242999999,8.298536544,5.708766175,8.224036112,9.299234846000001,5.93555323,6.379356809,6.066986377,7.307184427999999,6.945203962999999,6.199280129,5.363093172,7.007375679,6.605539922,9.118548002,7.505895602000001,5.893262593999999,5.17024385,5.630679413999999,9.398298573,7.3857299770000004,5.560797935,4.731213039,5.066541125,9.228349003,9.309733629,5.019317625,7.716850031,6.519214325,12.83227933,4.870987565,6.790473669,7.168289328999999,4.845528261,6.578078577,7.015386017000001,7.529372865,9.203012141,5.484610617,9.473441216,5.324563533,5.732609931,8.336984847,4.924556245,5.916140738999999,7.322960307000001,5.076560008,8.909155152,9.148088334,6.845693193,8.585230357999999,5.064816158999999,11.93149863,5.624558396,6.566565825,4.471495029,6.3211837110000015,8.073890824,4.828403741,5.788047626,9.157879863,7.1412064179999994,8.603444676,4.372123707,5.9176570889999995,8.094267894,10.06853187,5.318289878,7.783592089,6.623214377,5.072958995,6.9369175310000015,7.467304247,7.628553847,12.04691509,6.407246455,5.984853556,4.769200289,9.24079399,8.643519688,8.393519035,5.723229633,5.536520601,6.126867283999999,7.336186783,5.053818764,4.853436576,5.123748687,5.627458017,7.2356939160000024,5.439165781,4.887526853,6.009773751,7.596793203,14.02962029,5.838318323999999,5.863296922999999,6.301831883999999,6.731944745,5.17387308,4.835868541,6.183070763,6.08954038,5.93455281,5.4458257439999995,6.74320556,5.611829361,7.418318977999999,8.165669609,5.714627999,12.50580816,5.603057636,5.294750402,8.520960934,6.8092225410000005,4.950667775,6.002745362000001,4.484269885,6.237674939,5.0761826480000005,6.018643624,5.978812415,7.604349087,7.111170129,7.87325726,7.658372657999999,5.0209045969999995,4.17489039,8.439847839,7.421242446,5.354989235,7.375963262999999,6.190145287999999,11.26120273,10.7500283,8.795989335,7.997413855,5.619281189,6.487996552,9.515781328,5.43954116,5.452216445,6.154555443,5.224540115,5.395071102999999,6.787386457,7.975265396,7.413251548,6.7197630660000005,6.443936817999999,6.031281456,6.498953908,6.593576112,6.675671212,7.841119326,5.419690623999999,9.362507968,7.161481741,6.429778861,9.347164662,5.6808227229999995,6.6371404689999975,6.931560366,6.551670495,6.257415394,5.162116518,9.980327603,6.874553822999999,4.837028045,7.127014,6.4717973639999995,8.435752102,4.613670225,5.345079833,6.733900498,8.161269613,7.7485334639999985,8.492169164,7.309976377000001,6.342043971,5.103586048,4.91406744,4.652400275,11.32268758,4.812456313999999,8.670946212,7.169802344,6.265072977000001,4.6556931939999995,11.01649095,5.880747653999999,7.45823126,7.209433763,5.761698047,5.894761114,6.492072221,4.626298574,4.7687151960000005,7.484842939,5.83456608,6.90915846,5.057366238,6.690069414,8.280477355,6.32452735,8.600904819,10.62871395,9.094848205,7.233059582,9.621776987,11.02367792,6.349988569,4.797932459,6.528808996,5.386894357999999,6.662483094,6.001574205,8.714568658,6.356030538,7.433460137000001,6.5352050120000005,5.618376026,4.624338012,5.153025703,7.233646498,8.161926882000001,7.181744817,7.236297828,5.42748054,5.2267540619999995,6.482587499,4.819385476,6.534103375,6.6107444310000005,10.22120325,10.68831166,4.385573681,4.83398048,6.5008605610000005,7.0902443239999995,4.7568136889999995,4.080157915,7.65801647,7.982765316,5.776629647999999,4.419595289,5.049290114,7.001724227,6.991261278,5.513399188999999,6.277013854,6.747357121,4.9347583760000004,6.409848909,5.546247567999999,6.046290567000001,7.235040406,5.320747449,5.331262357,5.855207900000001,6.069988502999999,5.63318545,6.142360981,7.582832517999999,4.179136109,9.187360894,4.544650561,6.877137817,6.455489012,6.777285158,5.595771653,5.071100004,4.684647518999999,5.081060894,5.683690829,6.200430451,7.556824983999999,5.8800395420000005,11.32584034,5.6736500360000015,7.232424162,4.549951302,5.8264697010000015,4.4195598480000005,5.662846947,5.574215952,6.079310808,7.626620827999999,4.472888028,5.523273652,4.559197562,7.744768485,6.476417975,7.580464434,11.72005118,5.039351295,6.888086932999999,10.16318109,9.015902407999999,8.369266742999999,5.502208249,7.1180161779999995,4.270002957,4.754453235,4.8120005919999995,4.833651855,5.011228498,6.846926064,9.430013621,5.882321717000001,6.203535717,9.670787504,5.991879869,8.920904725,6.156220374,8.401487833,8.498269192,5.944929012999999,9.169280378,6.6023793410000025,5.481843021,7.051380282,5.04308136,7.082828115,6.5834618670000005,8.331862875,7.37458871,7.1469545010000015,6.183583425,4.690889258,8.01294946,8.281929478,5.095416717,4.50007232,5.671099661,5.90459141,6.3566702070000005,6.40454729,6.232235652000001,10.34111891,6.996944587000001,6.357638661,6.8146911160000005,8.420214054,11.21232426,5.038693776000001,8.520566079,6.3728554860000015,8.411834942999999,6.621232572,9.15270772,7.500624264,7.808656487,6.979945505,10.85421122,7.455185822000001,9.439064287999999,4.78873767,5.801973345,4.400920199,7.389273997999999,7.127506704,5.89929377,5.278060003,8.816160423,6.948438218,6.554532152999999,6.9585323510000014,5.030501297,11.67444482,5.226900951,5.8356833539999995,6.727651132999999,6.566038467,9.261484087000001,7.0150715429999995,4.845426455,6.136494839,5.557294203,8.663802056,5.4197096610000015,4.889084421000001,7.148251639,5.5077537439999995,5.832792535,6.235935143,9.456177027,10.01793514,6.336572469,8.07882122,7.961308886,7.445081355,7.9544903310000015,8.159837179,6.985993102,8.131133944,6.660265159,6.244805363999999,6.354548382000001,4.772672957,7.851425495,9.542031465,5.2194299719999995,6.237651082,4.947507002,8.806589153,8.059403468,6.42034102,5.795186974,4.338912288,5.415177987000001,6.782258268,9.116970081,4.966776539,7.044816497,4.986509661,9.053853596,5.895589396,5.991793907999999,6.042977658,4.481059073,6.623644989,5.514584585,5.43472652,5.2427079569999995,6.480078224,4.68838615,7.205595849,5.608079851,5.503405017,10.75443658,6.7134948539999995,4.571875889,6.1686804429999995,9.26683013,5.296298232,8.590900357999999,8.23949559,4.409564135,6.310945727999999,5.8850238820000005,5.683750087000001,5.565222979,4.628767346,4.965162523,6.207749691,4.945533675,6.598754351,7.8599599829999995,6.585936969,7.152433292,10.02104073,5.258338339,5.101417553,7.036263138,5.6321632410000015,5.435419232,5.7670152360000015,4.453184329,4.39048111,8.678369352999999,6.330902846,8.496664682999999,12.42436045,4.649332288,8.949945537,6.066196428,7.659033513,5.015230177,4.473461808,5.934610738,11.75389531,10.28287406,8.241815195,7.642977228999999,5.384706785,4.800696805,5.6934121289999995,7.146392682999999,9.27825604,7.391407282,7.8515819539999985,5.352170056,7.666940941,5.925187386,5.234207103,6.070877384,7.223431729,7.430760542000001,6.292402474,6.868660067,7.4539144020000005,6.755660764,5.650305792999999,5.784142472,8.173094669,8.350628922,9.110551561,9.700618301,8.152270137,10.34390032,9.039385084,8.721870337999999,7.722797944,7.8940285060000015,6.160600095,10.1354179,4.5927438789999995,8.397391916,6.359273815,4.599267258999999,8.852459352999999,6.464309338,11.46950154,4.410319843,6.557592333,5.867686394,6.317478799,6.191466613999999,8.264289672,8.565379549,7.477648855,4.45900713,8.209666198999999,4.39694642,8.025518111,5.0258323030000005,5.745312825,5.788978329,5.9256659,9.738111053999999,4.965269097,5.671604637000001,6.849007643999999,5.075390683,7.025691972000001,7.63823544,8.794794605,7.757427957000001,4.25756135,8.001998958,8.4673428,5.545366771,5.430048861,5.081945056,6.7635388270000005,6.607678074,8.530615762,4.75945937,8.960919192,7.357237483,5.734780957999999,6.390436782,7.730890692000001,6.6322624029999995,6.064386344,7.828095789,6.915756332000001,9.561036247999999,7.214998262000001,4.213195995,6.976694424,7.3445813829999995,5.497170497000001,5.263750407,8.618324756,5.344809791,5.206727955,8.801316992,8.018918845,7.218036427,8.070646434,9.309106153,5.688104196,5.378473604,9.970358535,9.133457669,5.615039756,4.419277211,5.152739858,5.172570169,5.226703387,7.454058527999999,7.997499737999999,8.844225514,7.031468384,6.815699045,6.77050034,10.55605107,7.393180911,4.80839369,6.285792185,7.479713844,4.602375996,11.84205461,6.137253969,9.600338706,7.588042084,9.116003033,7.550573327,8.002077486000001,9.280823095,5.988699774,5.285961267,6.4497729889999995,4.353819967,7.988503121,7.475606252,7.731964558,5.589297771,11.59139887,7.75559663,8.042798067,8.914109391,5.869647109,5.68186873,5.316514767,7.148199475,5.303254587,5.4856167760000005,6.399044879,7.81640383,7.304098346,7.279991017,6.705962726,5.593935815,4.82543522,5.175130687,5.6743351539999995,6.341053401,5.521433131,4.40135156,4.069840226,5.123659151,5.204267627,5.20970514,4.5908152069999995,5.617032772000001,7.337480802999999,5.8054454060000005,6.587648637000001,5.86296469,6.939654831,4.679658979,11.06966639,9.449557636,4.738270834,5.947991742999999,7.146481735,5.309210537,8.583365642999999,4.503651921,5.319668359,9.549887353999999,6.449545218,8.202031538,5.657760306,5.495874954,6.685027737,5.846460757000001,4.202334414,4.487399872,6.972912332000001,5.34434333,7.880836211,4.74110038,6.654581385,6.494159302000001,6.809439555,4.5645960169999995,5.434073385,9.99087645,8.493274187,5.550620285,6.986556462,6.337767303,7.243800221,5.8081631960000015,5.993970751,6.648063336,6.334177057000001,9.70534655,9.489948803999999,9.636475916,7.16746605,7.852614847999999,5.111675853,7.095071462999999,4.714591915,7.9991337520000005,7.18985853,6.204063493,7.0865880039999976,8.557742637999999,7.589957711,5.140520334,5.269688013000001,4.894119305,6.1846715360000015,9.594429017000001,9.906965092,4.819320929,5.6991621939999995,5.950962264,7.938442961,5.928869547000001,6.4666592760000015,11.01853087,5.143335378,7.861375568,6.698545633999999,5.337513133,7.008840137000001,4.590784438,5.942874463,5.843490137000001,5.227557904,5.414295813,5.247775798,8.968411338,11.36114321,5.656069402999999,4.268572173,4.737791057,9.919117421000001,8.519279739,7.774070921,6.6662155510000005,4.490582871,4.272440233999999,7.4005141939999985,7.003357882,6.984655589,4.90135603,4.7369939169999995,6.596541002,4.617412683,4.918217567,5.086070095,8.586066801,9.074621302999999,5.068056102,5.84177145,6.811170721,7.975317255,5.964880421,4.592302228,6.352354602,5.329032928999999,5.504747561,5.522474956,8.867113832000001,6.5907528110000015,6.507133235,6.800523484,5.740095977999999,7.406185446,5.093645396,6.192189162999999,8.915259625,6.5996284260000015,4.876355611,7.700291826,4.729282883,8.10374402,7.900862525,4.798501035,9.502881643,6.3558193439999995,10.15703222,5.173785501,6.023775204,5.607057919,11.81260082,5.963688445,10.15811681,12.28566716,8.039109652,6.540099796,7.459396882999999,5.855647481,10.9414198,9.400767898,4.873090383,7.955180536,7.154021544,8.530785527,9.205398519,6.654334092999999,10.61573847,6.223807817999999,4.984079877,8.658302907000001,8.845010398,5.729027632,10.39317211,5.677960556,8.266654991000001,5.333644673,6.3911105820000005,6.9803231729999995,4.787486341,6.209491732,7.024333399,4.297395205,8.223825741,4.8478685619999995,8.571677907,8.593653518,5.715301015,5.068825034,4.633442227,10.61966661,7.453457812999999,7.140656149,6.97093445,7.260208615,7.546753394,7.272213428,9.927361487999999,5.915485515,6.7759616110000005,7.504203353999999,8.20723043,5.925663064,9.430460295,7.150118544,5.622391264,5.873933438,5.40321451,7.3663816739999985,8.24385629,5.963630869,5.230764403999999,8.815169656,4.554113387,5.234507476,5.853578272000001,4.905725708,6.652484977,5.6131911279999995,6.188277808,9.156976214,7.3393757389999985,9.217475988,9.521987889,8.068837683,8.961029249,5.137709112,7.827721282000001,6.595240702000001,8.701643792999999,7.6206493029999995,5.102454096000001,5.0503787319999995,7.352468977000001,7.31970796,4.497392296,6.380310828,6.968521363,8.342265422999999,5.849118722,5.111583486000001,6.047354365,7.142549653,8.056061785,7.985226346,7.561413009,7.932026229,6.841105353,5.739648572,6.579444341,7.790669164,10.05402075,6.708194617999999,6.707666897,12.88259284,8.896337691,6.735430067999999,8.506715011,11.38016106,10.85026511,4.186892799,4.195903265,5.425789765,6.865439907000001,8.460337557999999,10.02361073,6.972882956,7.600602477000001,7.956536483,5.430982928,4.7224355330000005,6.928363347,8.317453059,9.06905508,5.582457467999999,10.01035868,4.641124507,9.073730449,5.4000748970000005,5.108163072,5.191104289,6.490859531,4.535067358,4.799468658,5.21565277,7.705228121,8.008287232999999,4.631161186,9.352892368,6.767848834,6.751112943,9.467770991,6.6638833360000005,9.887227118,7.363871649,7.921348718,5.673398584,6.030125415,5.083153067,4.752281541,6.710226847,7.77326678,6.7878233020000005,4.937375753,7.959933958,7.2330774920000005,5.349483276,8.15944446,7.091445208,7.465665962,5.987053347000001,5.531227146,4.2803389,5.359874728,10.17560536,6.996796101,5.140682067,11.67054024,5.192275205,10.67891964,5.755719002,6.03052479,5.841208961,5.515385834,4.937422083,4.557994358,5.7312843739999995,5.351612752,4.823666762,5.26137527,6.09215335,4.814450005,6.934794887000001,5.302211618,7.262720718,12.18502645,5.57421987,4.757414936,5.674151859,6.046091121,4.945843374,6.954759475,9.42195583,6.801302777,5.905508697,10.20299823,5.71461562,4.927400405,4.247782337,5.611887126,4.993266098,7.940609151,7.586354696,5.302187857,7.720296323999999,5.9629088889999995,7.055667947000001,5.73662554,5.823461484,4.508680524,7.6951148510000005,8.669527214,10.2959632,5.044319557,4.721300907,7.213716954,5.179530234,11.03814307,5.883863419,8.87248415,6.495107656,6.195447511,5.738216027000001,8.310776005,8.599328468,6.200535062999999,6.258201307,6.950618443,5.741130724,7.76896529,5.717839239,4.5890915130000005,4.980905508999999,5.388798692000001,6.997118209,8.57921821,6.177082048,5.8620252729999995,5.873503082999999,5.24034217,7.008972907,6.192498165,4.577677017,4.252943801,4.1138991030000005,6.8320880000000015,8.703577382,4.874037112,6.760239058,6.533225848,5.6932358039999995,6.253744844,7.03706323,10.25983853,4.882737654,10.62084132,4.9517642969999995,6.021071915,4.826649762,11.28103155,4.41299449,7.685116308,5.15850098,5.825605362,5.430279998,8.698009196000001,5.75298744,8.242090961,7.972641287999999,4.470670375,5.340622309,8.590171955,7.133089469,7.318046402999999,4.488409834,6.785787826,5.779555611,9.195815831,7.154597721,8.098717158,6.654294362000001,7.495057774,4.80063513,8.972442735,5.260232998,5.310305444,7.364486787000001,8.395928992,5.067530411,9.175536486,10.90544646,7.083427358,6.667242398,4.905443562,11.11049275,4.652071871,9.124758647,4.71347533,6.194040526,5.243137512,5.031570643999999,4.876542082,6.322978377,8.373949073,11.59104828,6.632254382999999,4.884810507,8.023811734,8.207719212999999,5.792850527000001,4.455685926,8.112423698999999,7.711585931,8.931185117,6.373120472,5.2871060739999995,6.213943133,7.759552346,6.98281629,6.706640724,4.683255309,5.128560772,5.078741088,5.6765125339999996,6.509895185,7.126634075,7.837170634,6.927865216,5.221287127,6.960422137999999,7.612230017999999,5.543466821,5.626577758,8.871929026,4.795344986,6.6465029929999995,4.87434213,8.977907373999999,5.323429774,4.813148579,4.838174853,5.716323963,5.787499285,9.465791579,5.750666549,5.476872079,5.713769494,4.514437268,9.535887726,8.501953054,5.822959902000001,6.381529966,5.6072266420000005,6.789601998999999,5.8235111129999995,6.97422336,4.503711287,9.835429015,6.5616020760000024,7.832889845,4.2332485160000015,5.119632889,8.332854437,5.237814602,8.596736191,10.32646464,6.1380533370000006,10.38611246,7.532449217000001,4.957474314,6.559659318,6.601814528999999,4.279522167,4.848721739,7.304982884,5.038858142,5.335553956,5.093190122,5.042560684,5.608959337999999,6.2502972560000005,5.8382605629999995,6.859424926,6.074844286,4.534396895,6.357432686,7.664864323,4.73496446,7.191280326,5.661895839,5.558178476,5.545522365,4.667801517,8.02056185,9.145895032,5.371838755,5.081590361,5.126803048,7.157576884,7.009551339,11.14001777,7.892393179,4.140638471,5.440010028,8.157671673,5.308428534,4.311006707,4.727372046,6.716577111,5.160912776,4.27679354,7.928609363,6.1627449,10.81221292,6.486687099,6.068056843,6.254765592999999,5.94569125,7.258381999,6.70292213,5.477756756000002,5.499413515,5.649588,7.249431183,6.63796155,4.892994463,6.221081785,4.965516401,7.6045200920000005,4.718475051,8.339432943,7.1871287420000005,10.36844015,4.663687144,4.407191302,7.056908046,5.5073538960000015,6.031460017000001,4.805583382,10.05797048,6.9008613510000005,10.05910821,7.574598677999999,4.815793153,5.301472562,6.68201473,7.692046697,6.752206158,8.972293605,6.3126495039999995,6.349942712000001,6.0750923839999995,6.966118117000001,7.415323586,7.024747071,4.285155968,6.760142758,4.821927641,4.785199312,5.8342189410000005,7.364182135,5.253810328,4.396997726,7.296336416,5.976381085,5.495276401,6.054973671,5.290796108,5.08693913,7.603922464,4.3784606539999995,5.051759766,4.831896789,9.692998307,6.768773907000001,9.508883331,4.521718374,7.347211202,5.326506708,10.01020368,6.823421727,6.231044279,4.859600391,7.628803549,4.947387968999999,11.45027121,9.148471215,5.971752385,6.5824630410000005,9.648083657,9.861365311,7.693188782999999,6.530833951,7.711625109,5.714374072999999,10.71827971,5.712912604,6.111353546,6.540014322999999,8.098792661000001,8.498264133,5.838782386,8.104023067,9.342506803,10.22074953,4.512715407,5.175920681,5.500514335,4.807062952,8.399995563,4.811367662,9.834121631,8.325662407000001,5.604840514,5.278295156,5.483234293,5.675970883,4.332405501,5.860878832999999,7.844459756,9.000816807,7.049829536,4.990829651,5.809024854,11.48355736,12.35401926,6.222020729,5.078889428,6.2321421070000005,5.304596125,4.2921990889999995,8.024736401,7.169402265,10.38474224,8.514897955,6.287830682,7.741506375,7.109640095,5.437212227000001,4.8253376789999995,4.851641613,5.216800692,6.5891304129999995,6.864094562000001,6.041782744,5.882052375,5.812045366,5.5527202739999995,6.650373871,7.470223797,7.608076466,5.700181477999999,4.3990275919999995,7.936355835,4.275451973,5.165213631,5.688491459,5.681661752999999,6.385702035,6.531408421,5.512922275,8.954396877,4.941941474,5.365509239,5.909331356,4.817531218,6.858964384,4.801862073,10.42399767,9.842162624,5.627400777,5.577043447,5.312259499,5.564459314,7.470536748,8.420973423,4.43900202,4.515231899,7.1403222379999995,8.589988553,5.4375686089999995,6.372567413,8.634132506,7.601223363,4.773986976000001,5.6178517060000015,7.120718373,6.149979276,9.955179196,8.53805366,4.609920273,10.08646783,5.193069979,4.588730792,5.147286684,6.198822389,8.675167529,5.17229103,6.873159516,7.813429687,6.857944292000001,4.848598602,6.315250355,5.125391497,7.631319069,5.36570816,7.222083948,4.928690587,10.82668645,9.820610176,5.219223686,7.29752634,5.155191542,5.101041498,11.38191037,6.235892699,6.496898165,10.19181263,9.382263402000001,6.32172572,6.082549617000001,7.438267907999999,5.015892739,7.284459742999999,8.892904042,4.211289064,7.633417944,6.342581778,7.654326202000001,6.689176201,5.84468593,6.578128714,8.271265306,6.212092875,8.421615601000001,6.704475612,5.860053937000001,6.561846787,4.972138313,8.604386265,5.844510093999999,9.009004666000001,5.178707986,5.973607071,4.975535109,5.199770684,5.023458651,4.834247421000001,4.891177633,5.211937287,6.517828827000001,5.26293959,5.031573542,5.610948098,5.868620394,7.252327216,7.403621621,7.238603104,6.461756502,5.810767909,12.35276978,5.541408504,6.3151550489999995,7.880332049,5.539360137,4.202739674,7.490742278,5.418804495,8.900451896,5.191263496,5.176126593999999,4.440214975,7.426499954,5.835226627000001,6.596074354,7.158037525,5.784657009,5.59810468,12.76021273,6.804429207,4.2592464460000015,12.39878294,7.585810342,5.7252742539999995,4.470577629,5.652147126,6.197222312999999,8.647697435,6.0737942,4.9110382260000005,4.5980900689999995,7.671799339,5.687957872,7.7308845370000006,6.74978863,8.006336713,6.149099541,7.359855382999999,5.455484014,4.87814304,5.938572289,5.743834044,4.834769106,4.557775423,4.680579175,9.466082992,8.209556335,10.00564449,6.370786819,5.830102612,5.653628932,6.847887657999999,7.697493763,4.881147619,5.837840278,5.576284575,5.868408596,4.826802302,7.933755199,13.05510314,4.278280672,5.369699128,7.0904988410000005,4.275852642,8.029749146,9.35610749,10.079569699999999,11.45646043,7.271362661,7.370130876,8.277469422000001,7.266049093999999,5.32130751,6.056291794,7.24792798,4.923133366,6.628814042,6.1657842610000015,9.629544141,7.086143927,5.010085012,5.586225555,4.88632824,5.709199571,4.422834368999999,5.795759549,8.213208682000001,8.294670227000001,5.571625386,5.6521837029999995,8.916332622999999,10.35584199,11.125259300000002,6.390296383,5.8114102370000005,5.88460234,7.238646072000001,9.465921572000001,7.34722503,7.668714232,7.128726914,5.0640574019999995,7.688814953,5.277136076000001,4.619413641,5.621694767,5.307178223,5.1404617969999995,6.576974882000001,8.565427297000001,5.256683442,4.0826850630000004,5.38090456,4.438996714,4.5969684719999995,6.405913684,4.939438255,4.979449106000001,4.535800171,6.843735307999999,5.441062313,8.308413974,5.8186167860000015,7.518170329,5.968909244,6.169793219,5.855428193,9.499262603,6.863795426,4.631623964,8.131341217000001,4.543148683,6.600211423999999,7.940435898,5.775556532,7.683529092000001,8.394134635,7.927514029,8.179972781,8.252602484,4.949076819,5.381786311,4.4054862,8.404972416,10.65424759,6.032857118,7.793597411,7.096681707,7.198454586,5.9265166979999995,4.858502952,6.7988088289999995,4.853091723,5.055310307,6.2023289429999995,6.6449502910000025,6.143696992000001,5.746118878,5.697682746,4.9143639839999995,7.6743544739999985,4.683900817,7.151313805,6.4285475660000015,8.57354933,5.305415473,7.666779149,7.645395255,5.3293203060000005,5.050000743,10.0070238,5.811253557000001,5.39905649,8.469443028999999,4.323826736,6.168958797999999,7.99515265,5.788081802000001,6.086926442999999,7.315467331,8.766183448,6.374714177,7.38735023,4.987772403,4.245595263,5.054827811,4.759431271,9.782397203,5.314878556,6.257479752999999,5.98644646,5.024519273,8.211301548,7.37038097,5.5842546220000004,5.477215084,4.983673433,5.625431721,9.191475785,6.973511866,9.320379373,6.185119498,6.4070175260000015,7.736794887,5.521666217000001,6.14265812,4.912750681,12.87599743,6.124280385,4.3657508310000015,6.954423695,5.335084075,7.160117249,6.743471832999999,7.623071702000001,4.766359205,9.315124804,5.866954666,10.04481733,4.403326458,5.521424777000001,5.165366562,4.955054217,5.010975727,6.7798810739999995,6.3923917260000005,7.658391802000001,11.538755,5.803622219,6.773826484,5.697444031,4.928899152,7.419501222999999,5.41863183,5.944988717999999,5.65174313,7.762742458,6.149573837999999,5.124597249,4.584760145,4.911744961,8.433100021,5.4188866639999995,5.110328629,6.018308311,4.816406419,4.847874492,5.088904298,6.565916818,8.41548011,8.456004228,4.842011724,6.944010124,6.234963235,8.604137573,7.524863048999999,6.283564048,6.284855061,6.3581648479999995,5.207788876,6.325751341,5.8544084629999995,5.081878951,8.99295251,6.2536003220000005,4.344864329,7.730312822999999,7.352574122,4.532647492,6.156972885,7.543682578999999,7.789972931,10.66208289,4.8523660710000005,4.712408478,7.584432427,7.995651153,7.345436302,4.796851636,7.928450939,5.677195959,6.802804748,5.724543411,6.084690129,4.984439514,6.9800262910000015,6.7102230579999995,5.6365190620000005,7.8651558060000015,8.085540952999999,6.025241049,9.798498666,6.34890528,4.870817016,7.362216011,7.7347171,7.518898106,4.642666965,8.067501349,4.330973335,8.98540391,5.891958058999999,7.702395049,7.033504656,7.200616274,4.2692458910000015,6.5417837410000015,7.2424325970000005,6.5839342510000005,4.667454029,4.1742223869999995,5.999786114,9.552568522,5.069357025,6.460936165,7.784144078,5.64260659,6.0284018060000015,7.771164757,5.281442949,5.622487099,6.4775839170000005,5.42652021,8.65060331,10.31984221,7.518429717999999,4.192223376,5.405079023,7.886115697,5.9155244960000015,9.597075588,6.797433361,4.571960206,5.376108602,6.343462242999999,5.169848198,4.585138801,5.954461692000001,4.468619562,7.039031886,5.059485491,5.306888557,6.530313437999999,8.970179099,8.40128126,6.941573633,7.18563397,4.6662562439999995,5.307407773,6.922085605,5.539523419,5.678584312000001,9.190532314,4.923942923999999,6.28655911,8.360531457999999,5.49817788,7.601112818,4.633401208,8.180211106,8.242063225,7.559007382000001,10.02631712,4.8239853319999995,11.33634973,4.450757277,7.184730603999999,6.99373388,4.679198101,4.501435431,10.53835797,7.265492068999999,6.593941015,6.3313409279999995,7.22608955,4.936646214,7.0047182810000015,8.882186738,7.8934109810000015,8.017301045,5.141659801,5.897616827,7.913486685,8.190354427,4.488443072,5.205242128,5.396280399,5.287651477,4.836460961,5.648314506,6.8968971660000005,4.607267712,8.00079713,4.779591492,4.904712153999999,7.964692886,8.161402246,6.595518124,5.565924232,7.757681132,7.152648869,4.800244351,7.59824377,8.04463157,7.329484575,7.4236680339999985,4.683754223999999,4.718589892,8.452718091,7.644813721,5.936192514,8.701875255,9.283387527999999,4.930191703999999,8.714245834,5.329192239,5.070290544,7.395709844,6.641953689,6.782357779,6.449977256,4.806631843,5.131607726,6.57473457,5.112893315,9.337176964,4.38490655,5.092693882,10.36079501,7.117967899,7.3488042,7.635913648,5.795569479,8.193731534,4.147231913,8.469623848,7.0229672039999995,5.1389728880000005,6.0147054760000005,4.951420359,6.2675931579999995,5.696047502000001,6.020162685,5.699590762000001,6.529281532000001,5.895880644,6.522037856,4.4427456780000005,8.34563347,5.116780556,7.401170549,4.336038745,7.174277035,8.896475251,8.005752569,7.893253425,8.954704223,5.6775230310000016,7.656457487000001,4.492467714,8.237502476,6.134863289,9.728680949,11.48644165,6.134233313999999,7.3621297110000015,5.410768462,7.617290661,4.302193157,8.693381453999999,6.074549635,8.198138703,6.799051812,7.734161665,4.832197468,6.32543462,6.005859244,4.398422353,6.133934603999999,5.240999013,5.033590611,5.690621095,13.21519503,6.636512139,6.474432928,10.16680595,7.810163524,6.143929368999999,8.299873426,8.040707043,8.255200519,9.353140243,8.927150166,7.058539013,7.047682204,5.205493788,5.5682692660000015,6.460864554,8.264836079,4.288779562,6.107659462000001,11.48764651,5.390830547999999,8.408040405,5.832637895,5.540725651,5.240529895,6.874343634,6.322936014,9.420483377,9.485606133,7.841871135,7.297705203,6.50380241,4.28136699,5.430531403,7.6011847470000005,8.448449787000001,5.553807837000001,4.486248524,6.587320581,5.575636821,7.285205811,7.465486012,5.211896324,6.242011682,6.35443021,6.1289234839999995,5.491547862999999,7.342542777999999,6.371680875,5.966730962000001,4.770058592,7.152138937999999,5.422649312000001,5.1757379839999995,4.19535706,4.804373988,8.571980762,6.621381307999999,8.517078198,5.910716633,7.6113028310000015,5.7223830389999994,7.893967779,5.995898897000001,7.084932134,5.810774747999999,5.218355911000001,6.3601408410000015,7.75778555,5.932526967,8.719652252000001,4.450349227,6.209337256,4.416661284,5.71741423,7.640525692000001,11.69144448,4.741305551,8.506718457,11.84503583,6.8393669379999995,6.219102542999999,7.119473361,7.035659764,7.004844301,6.078677806,6.698111063,8.330097076,6.3266592379999995,5.847321872,8.920093853,6.497406655,5.784921174,5.325248325,7.015486192999999,4.600195398,7.752756064,12.30377488,5.2564592910000005,6.688457372999999,5.898365605,7.893858312000001,6.299768877999999,6.900171877000001,5.690494581,8.833992531,5.007070488,6.092589244,7.319127707000001,5.694647454,6.715125147999999,6.865285199,4.825225678,8.133291946,7.2264088179999995,5.653849927,5.1934420160000005,5.24112367,5.191392,6.6625348970000005,4.668452234,5.499004612,6.864835848999999,6.703293658,6.575767615,10.16497967,5.435517582,4.736889706,5.692774534,6.650815691,6.2689737,8.366943793999999,6.842782091,6.093950456,7.326577202999999,7.587387647000001,6.035303884,7.03743974,8.233534762,4.929969021000001,5.815729784,8.089148518,9.083728987999999,4.1138491460000015,5.7627681289999995,5.247282166000001,6.063512652000001,6.458983722999999,6.756001165,4.536724746,9.571385101,5.752374457,5.9589224839999995,8.205160591,6.382084084,7.197837034,6.308477826,8.78656277,8.136140703999999,7.22704546,8.615329722,6.005084779,7.428361207999999,7.213394619,8.087155274,5.900203457999999,7.799691507,11.66666354,7.365168177999999,4.76936833,10.15358217,7.063338077999999,8.081797212,6.906332065,7.047562135,6.28002381,5.147766644,5.484111381,5.65396883,7.745063036,7.342799648,5.9723376770000005,6.885963843,4.665853313,5.0109085669999995,10.10485917,5.1298824739999995,8.904445849,5.3188425960000005,4.404855803999999,11.18103516,5.217128536000001,10.32676981,5.348217072,6.59021405,6.230802075,9.633212854,5.721713144,8.091207426,9.10953854,6.460757822000001,7.289850922,7.453560112999999,7.5038059729999995,6.776102196,6.019892845,6.162266186,4.4890272000000015,6.926629985,6.03029751,9.142829082,5.43258978,9.602174247,7.69847601,7.965507016,7.159339827999999,5.993937186,8.089516925,8.627100402,7.4233527289999985,8.09860849,8.707538287,5.363525321,7.752427467,5.02621269,6.257825344,8.035348707,9.513199108,8.186701669,4.433710243999999,5.620776547999999,8.316650183,7.77303898,5.463007336,7.344189419,7.926615512000001,10.0754038,7.283537442999999,5.470395902000001,6.032278985,5.888442341,8.004729328,8.392281495,8.593489672999999,8.216847739,6.05579883,7.595710866,6.064408504,10.5772583,6.687164787,6.8219786870000005,8.126296349,6.075140721,7.469309053,5.49352102,4.221410695,9.994911404,6.779465184,6.5305765,7.575736846,5.296437269,6.793282972,5.41690303,6.429978221,7.18274498,5.4500639920000005,5.7773296610000004,5.235925451,6.463125558,8.044009997,9.750831665,3.813668525,5.327194585,5.677607148,5.80295889,7.957001859,4.774286378999999,5.4176195310000015,4.3989192919999995,7.778565703,5.285286816,5.115507438,6.724929241,8.940066879,4.688644738,7.499636897999999,8.209415577,9.721185902,7.346088615,4.963900962,4.729272601,8.753383232000001,9.064467547000001,8.672297665,10.43141862,9.787400051,6.312865771,4.531141262,4.817968844,6.839937736,7.513470055,5.60518454,7.866808363,7.409916731,7.886421745,8.955224539,5.76346925,6.355621263,5.003200316,7.2236140120000005,4.782486976,6.2495644860000015,4.8486409010000004,4.774844794,6.9150158489999995,6.2033253560000015,6.402384574,5.501861623,7.437465426,8.759435643,6.04335492,5.746477499,5.499408868,5.799347125,10.31266984,9.13979267,8.18821052,8.436744212,6.83506759,6.9717947239999996,7.560502358,5.99506491,6.847714548,7.083516286,5.459077159,4.729058641,5.939721603,7.215446384,6.584527552999999,4.356994459,5.7626992910000014,6.935082446,5.181558036,8.310216543,5.508183667999999,5.8691007520000005,5.003966134,7.363536346,5.343355765,4.658136302,5.161605051,5.595191802,7.9473019,5.265506307,4.601905567,8.190828783999999,4.877626537,8.875576397,10.52609055,5.184767863,6.907940505,11.64608635,6.561937403,6.152277638999999,4.85318027,5.124996586,6.295701276,6.841436067999999,4.628303282,8.490143993,7.136495048,7.41859968,7.461105762000001,5.652620422999999,5.787895391,5.26722979,5.933354487999999,5.2419101139999995,7.063351535,6.364804797000001,6.314391317,11.77763182,4.96730631,4.657118700000002,7.654941459,5.5976801960000016,5.163443879,7.092090568,6.501921224,8.762242937,6.040906531,6.148298317,5.022076135,6.486405897000001,4.837954374,4.747680992,5.94576049,8.723648962,5.362681499,7.245327728999999,4.896304487,4.8379760460000005,5.673755063,4.8143722780000004,6.3137430660000025,5.4014908870000005,4.671976857,7.445772688,5.562936702999999,6.4548756360000015,11.97958911,5.125806347,8.791130653,6.9454689929999995,10.41241936,4.567506245,5.979013052999999,7.627129196,5.661762837,4.091060499,7.650081809,4.403617362,7.259935033,5.658276663,5.95378337,5.486300489,11.7157117,9.660190077000001,8.26458148,4.814227064,5.066078824,4.695779097,7.621553221,7.332826594,5.244256871,5.808171912000001,5.472628328,5.55935224,7.065792626,7.277646752000001,7.910727972999999,7.799284366,5.868750981,4.533591041,4.972952801,7.1970055529999994,10.98580626,4.858129371,10.85395359,6.062675536,8.663069079,9.584510104,4.902074686000001,4.456365186,5.814802365,10.8241601,6.876624085,7.188207679,9.382954968,6.612529229,10.06041324,8.736623981000001,7.081773909,4.615108329,5.995807523,5.883411578,5.381985082999999,6.474756826,7.677903896,7.665033519,8.065169476,4.759017781,6.095671727,7.656070817000001,7.493033617,6.335237327000001,4.545925874,5.686782148,8.643203192,4.9845795310000005,6.811395724,6.5397068439999995,7.226026192000001,6.220683206,7.851845742,7.052497671,4.484326248,7.3682477870000005,6.187343987999999,6.309843666,7.58426668,4.861834428,8.492099995,6.088702645,7.388763235,6.084548912000001,6.123415672,9.372983955,5.43351962,8.123205061,11.02594967,11.39404578,5.6874612010000005,8.41435956,4.620039026000001,10.23183988,5.479793428,6.997814099,5.779665499,5.7198054339999995,5.98121755,7.7109069020000005,11.26316763,6.413175829,5.64978486,4.620610299,7.52267597,9.490254764,7.936595588999999,6.521325813,6.568856212000001,4.978258853,7.895731396,5.5931899210000005,7.174714974,5.7967458610000016,6.665669554,6.195678035,8.857582969,10.42372451,6.191813123999999,4.890693303,4.0
1,11.50149206,6.442371492,10.06803335,6.963142909,6.355185272000001,4.505605357,8.708670106,5.215859324,4.516068508,6.00094258,4.570771944,10.72197403,5.686403123,11.15289902,6.80146911,7.280425217,9.264126575,6.315970509,4.7461321960000005,8.968372459,4.4031022580000005,7.055727082000001,8.201784479,8.276174758,6.6878140010000005,5.099945352,6.4025454029999995,6.8619766910000015,5.327775238,5.086924109,9.169905676,6.332520677000001,7.255834097,5.15407988,7.7251166960000015,7.1945858560000016,6.3680700660000005,4.852083966,6.030109086,5.0859527060000005,9.090945526,6.182953304,6.46408533,7.3724780339999985,7.443572777999999,7.562455722,5.632205614,9.458288917,6.107286892,7.180064599,4.70077951,6.180118491,6.342723522000001,9.207647722,4.3220868260000005,5.5820590060000015,4.638904575,9.564482411,4.479225634,5.486773769,6.080817861,5.36516649,8.492506169,6.912919058,6.338581211,8.250269444,6.463140937,7.087047044,7.3940686960000015,7.831392153999999,6.335388312999999,13.5181696,8.005862952000001,4.417853148,6.8746792889999995,4.738113684,5.035287448,6.635549515,4.650025679,6.81094212,7.3732038310000005,6.413856415,8.638084422,9.042507137000001,5.273553656,5.664064442999999,7.488676497999999,4.9273997419999995,5.407971438,8.560319865,5.330746971,6.998517367000001,5.24807257,8.531623349,7.795500189,6.114101886,10.23013373,4.389235505,4.317163208,7.0484042879999995,5.454337732000001,6.0064216020000005,6.4053457210000015,8.564987106,7.452004938,9.153700446,9.57436994,4.767665404,5.0284764000000015,7.1580560470000005,4.9751590939999994,5.126707822,4.796996409,6.735165042999999,5.935333825,9.052949647,4.32670593,5.290257243,5.880046843,6.875871997000001,10.854647199999999,8.629766072,5.741546848,8.742215148,7.780149285,5.2821427739999995,4.973961296000001,5.456137135,4.676784881000001,7.379573947999999,5.443773075,10.96838826,6.546830569,6.58209914,5.835749924,8.040748607000001,6.532607877,4.731770722,6.287236872,5.3135597510000006,4.372232695,4.589372707,9.914731286,9.148258279,5.644284422999999,6.348863904,4.936908325,6.065469641,10.26790921,4.728262443,6.9791131360000005,4.731528248,7.200273342999999,5.525224796,8.73827955,6.63257591,5.736863747999999,6.193571929,7.708140667,5.346744183999999,9.101556646,4.770013274,6.886826602,6.292550022,6.777024409,4.7640755619999995,8.893178767,6.802069413,8.907980371,4.965191657,4.35156473,5.958083646,7.25387529,9.170295199,8.207702661,8.34902625,8.033019292999999,9.792479002,7.6076755060000005,4.580852244,5.576925352999999,4.432778325,5.21360975,4.557041882,4.396621081,9.955099639,9.25701749,7.689693802000001,7.15825626,6.037861945,5.155064684,6.463150015,7.0963414160000005,7.4351252510000005,6.205401942000001,6.486973405,7.81797012,8.750490682,6.242774596,5.575816372999999,8.151872376,8.859764105,7.5742523760000005,9.452456485,6.214428539,6.935434267000001,5.637472746,8.262827551,4.736596797,5.449053957,5.088603815,9.873359407,5.9408638210000015,5.816516943,6.2151221670000005,9.254887091,6.333001498,5.873113525,6.279914262,5.8423294110000015,7.321422592999999,8.551113701,6.497064924,6.941721338,4.502733147,11.15365941,5.6392328,7.131342328,5.480434799999999,5.870379436,6.156483795,10.03350703,5.0859636969999995,5.353907635,11.35395009,5.3847811839999995,6.161352357999999,4.850398866,5.281831766,7.98134041,5.848019184,4.254925335,8.836448303,7.383963457,5.531576804,6.8135084610000005,5.430313792000001,4.652612597,6.2297097820000005,4.926018202,5.735378008,4.925996222,6.71879443,4.73094431,9.879670747,7.67250849,10.36222301,5.799352482000001,6.3073298829999995,9.14176897,5.646238632,6.867631255,5.066943491,5.269260018,4.656442299999998,7.515971531,5.3691125689999994,6.873610404,6.212164821,6.918278269,7.1180385510000015,4.668945893,7.053280387999999,6.95825291,7.809522096,6.511460258,8.429819001,7.0283960999999975,4.482832818,8.180887468,11.56632956,8.401735942,8.617592396000001,7.52255705,4.381808875,7.4321755629999995,5.779905319,4.91761119,5.50538799,5.851914086,6.664978773,6.666931131,9.28747002,10.63615461,4.965512438999999,7.38189164,6.971159806,5.0145074119999995,6.285051645,8.891757899,5.930476106,5.6066843429999995,9.721787048,5.862713192,7.796469302999999,6.919588462999999,7.455708127,4.7159481219999995,6.921718477000001,4.920637311,4.43064762,5.77188515,6.41641135,6.7577459410000005,4.677197275,7.604141019,7.015955397000001,9.768861845,6.822428426,7.3812923779999995,6.175912899,5.272539419,5.972877177999999,4.628634701,7.85747222,4.677607076,6.731795485,10.385073,8.393103538,5.046282286,6.899490806,5.764388783999999,4.830382449,6.131059483,11.62638356,6.986157612,6.201104777,7.840455771,8.595916075,8.1596453,4.320360882,7.539984349,7.735142194,5.405552861,6.64350281,7.077242565,4.702353014,7.499452923,5.5716171160000005,8.167678421,5.09188012,6.280016149,4.673708582,6.040137232999999,7.7412463670000005,7.398333918,8.760252202,5.736360539,7.722674279,8.952642838,5.054043426000001,10.27555551,8.508830226,4.594475587,4.959274703999999,5.419809435,8.130212756,5.424384506,8.207199825,5.159400717,6.0044885279999995,4.9844395630000005,6.602749149,5.725360734,5.392266001,9.639912936,8.518327482,6.034278314,8.479845527,8.505095942,7.3506679,5.654903653,6.3100328889999995,4.517108428999999,4.862970081,8.765548638,6.239062075,7.874146979,5.206580257,7.698496987,5.923440667,6.262111708,8.554487137999999,8.978221469,6.516017941,6.992607146,8.038289322999999,6.511164832,6.820190116,6.199315937000001,5.264528017,9.226419169,6.873461868,5.724435119,6.196317231,6.1732865110000015,4.685959639,6.89612314,5.5803443470000005,8.029406892999999,10.82099309,4.26431945,7.753742904,4.842169406,5.886866531,5.529670061,6.314380907,5.518627996,5.337513745,8.730809927000001,6.606106575,4.66008699,5.664551311,10.439303500000001,6.021911433,7.941893792,6.420154256,5.092464181,8.090246118,5.415750967,10.39802045,7.6181913,4.316782454,5.7515813179999995,11.63373314,8.098534772,6.424526056,7.0022076160000015,6.2180518739999995,8.946694328,5.549040442000001,4.785903966,6.468842968,5.647339016,8.773264314,6.089321832,5.1168363889999995,7.991553841,7.494752684,5.121722231000001,4.81519485,6.52027907,5.118722662,5.994238788,4.630387717,4.911844295,7.759447618999999,6.876955646,4.917988200000001,7.200370982999999,8.15957021,7.996568055,5.034626225,8.847838932,6.4970241060000005,5.37073751,6.402874167999999,5.052630738,7.390427669,5.598747313,8.114011657,5.511852782,4.897979253,5.507905119,4.536293378,4.875413443,4.290743096,6.461321272999999,6.715975808,7.2153369760000015,5.755598452999999,7.47280029,11.02730793,5.443701507999999,4.6127299289999995,6.861131134,7.583613467999999,4.652456265,6.9293406210000015,4.732947578,6.958004777,8.29403347,4.90748459,7.481996745,9.091452775,8.204906614,5.741285284,8.802906869,6.428653317,8.368052882999999,8.492165179,5.248801922,5.863990518,5.639136412,5.862467633,4.882989067,7.114008457000001,8.082603092000001,4.690814377,7.285857315,7.320758047000001,5.4627725929999995,5.00460421,6.180513027999999,6.954288654,6.06538784,8.113059577000001,7.730653266,7.4893468410000015,5.74437226,5.208793355,7.245645597,9.412565927000001,6.130252785,6.471244032,8.316313206,5.687845633999999,6.9516435770000005,6.159203784,5.51544592,5.319563626,8.432106688,7.07083247,7.640022632999999,6.784477229,6.128621085,6.728392949,8.112246432000001,5.449545027,6.7326107639999995,4.926277385,7.443092495,7.377849677,8.045419546,5.769309223,9.266944661,6.4884140860000015,5.212826134,6.035814003,7.7146268870000005,7.195582722,6.680828914,8.43331268,6.8359341910000015,6.872657203999999,6.185372178,6.020043544,7.048924332,6.439546226,8.900956033,6.317324022999999,10.20504472,5.381582572999999,5.393992398,5.566302514,10.06964081,7.507132493999999,6.301476125,6.616266115,4.572022598,7.782885019,6.138979802000001,5.85502014,5.240553382,5.706342867999999,7.973275611,9.259936745,9.216038679,6.867657446,8.311252084,6.868651367000001,7.3593069710000005,7.3534335870000005,6.916516764,7.78015881,5.786803711,7.798265936,8.533321373,9.021019512,8.617996527999999,6.5855388989999994,4.661497348,4.601253648999999,5.132001679,7.545107729,9.352492796,7.670480082999999,6.036228106,6.857401229,6.393015501,7.4082506760000015,9.379424159,12.32992484,4.823402232,12.81585995,4.925324033,5.7320245089999995,5.561082711,4.526467321,6.296002155,8.241074441,4.423739797,4.341388545,6.784552929,9.769910333,7.593538708,7.525699899,8.787406464,8.983043647999999,5.6552837270000005,5.775140801,7.03544428,6.814657762,7.953558554,6.071206987,7.544465934,6.108396282999999,4.477864555,6.101232988,5.757462478,5.6018965010000015,8.145411332,7.8692976660000005,5.454809909,6.5911395729999995,5.542561347,4.607433326000001,4.697766051,5.043430254,4.36194964,4.786052767,4.716666741,4.810935013,4.916650177,8.926447154,8.624608300000002,5.061354205,6.11046741,5.687936016,4.832727126,4.7068470719999995,5.574318664,7.518359977999999,6.902908213,9.783735115,5.363832816,5.97688963,5.141545503,4.705465579,5.267913254,6.723613137999999,6.564454745,4.962264526,7.937933528999999,5.494424146,9.441531392,5.171516071,6.368912965,4.768977945,4.592269858,5.377686762000001,4.728898031,6.766877631,5.039417578,7.680947374,9.382871158,4.364108596,4.985862256,6.101112595,6.211260066,7.443231093,5.407194324,8.624577894,6.858240706,10.13089679,7.502348725,8.343720004,8.96259621,8.097994906,8.44714149,6.617412926,7.892730356,6.7924410810000015,7.215989645,5.965638642,4.562670778999999,6.515265858999999,7.490217031,4.890064016,5.50307157,5.418014192,5.9805856,4.739157045,5.11431957,7.890329705,8.855776118,7.694793318999999,6.633601893,6.8340253529999995,6.174919383,4.739932348,5.714116882999999,4.865162686000001,4.76342044,8.842475775,4.365342534,4.795490706,9.498292937,7.0478048960000015,6.10117245,4.403795579,6.893625925,4.4118517289999994,6.812062731,5.24057934,7.280950301,7.279883672,8.655320846,6.575390835,5.2931145939999995,4.655549527,7.637765495,7.313104768,6.995355601,4.9202716419999994,7.775431281,7.486675139,8.948615102,7.476625594,6.359928742,8.479946768,5.641710955,5.382061124,5.605229659,5.4266708679999995,9.268021422,9.233436613,6.296072915,4.665310839,4.769654473,7.741264094,7.295070475,8.694152005,4.703188514,4.73137228,8.302395982,9.589908413,5.02483017,7.8751290260000015,9.554254401,7.996915411,5.073759293999999,4.996063821,6.028797129,6.718370799,6.520389487,4.804730512,7.009454946,5.69158257,7.614257169,9.43343236,6.2694017460000016,5.685989747000001,5.189859342,4.318528115,6.205628982,6.864317047,4.977732468999999,6.801875676,6.379296404,7.465328396,10.68098878,10.20422249,11.03713673,8.575320878,7.2375769389999975,11.12521411,9.452257348,8.447606115,7.068338011,5.531425389,6.29291329,8.751102793,6.148215037999999,7.820360544,4.983576857,5.395988377,7.143778747000001,8.807778597,4.44578936,6.9422162279999995,8.046113507000001,8.185623235,4.479437112,5.429372829,5.225641677,5.40635653,9.904297866,4.760438996,13.21365963,14.04399296,6.179690399,7.317390355,7.654732461,9.276246399,9.927301976,9.095603859,6.906418691,6.636219003,5.777721504,8.03905262,5.199403117,7.1911385060000015,9.110071831,5.713084212,4.755315989,8.192638067,7.307062595,8.916503766,10.500537699999999,5.277852091000001,9.670309726000001,6.59853266,6.865779507,8.763052978,6.212970972999999,5.726540881,6.4830062029999995,9.188995015,7.024908383,4.444937755,6.8087699829999995,6.912405784,13.03482453,7.6772387029999996,6.523648737,7.318174152999999,5.559040573,6.5103868060000005,5.146776313999999,8.453039052000001,7.927180521,10.63755358,8.27583208,5.928761242999999,8.298536544,5.708766175,8.224036112,9.299234846000001,5.93555323,6.379356809,6.066986377,7.307184427999999,6.945203962999999,6.199280129,5.363093172,7.007375679,6.605539922,9.118548002,7.505895602000001,5.893262593999999,5.17024385,5.630679413999999,9.398298573,7.3857299770000004,5.560797935,4.731213039,5.066541125,9.228349003,9.309733629,5.019317625,7.716850031,6.519214325,12.83227933,4.870987565,6.790473669,7.168289328999999,4.845528261,6.578078577,7.015386017000001,7.529372865,9.203012141,5.484610617,9.473441216,5.324563533,5.732609931,8.336984847,4.924556245,5.916140738999999,7.322960307000001,5.076560008,8.909155152,9.148088334,6.845693193,8.585230357999999,5.064816158999999,11.93149863,5.624558396,6.566565825,4.471495029,6.3211837110000015,8.073890824,4.828403741,5.788047626,9.157879863,7.1412064179999994,8.603444676,4.372123707,5.9176570889999995,8.094267894,10.06853187,5.318289878,7.783592089,6.623214377,5.072958995,6.9369175310000015,7.467304247,7.628553847,12.04691509,6.407246455,5.984853556,4.769200289,9.24079399,8.643519688,8.393519035,5.723229633,5.536520601,6.126867283999999,7.336186783,5.053818764,4.853436576,5.123748687,5.627458017,7.2356939160000024,5.439165781,4.887526853,6.009773751,7.596793203,14.02962029,5.838318323999999,5.863296922999999,6.301831883999999,6.731944745,5.17387308,4.835868541,6.183070763,6.08954038,5.93455281,5.4458257439999995,6.74320556,5.611829361,7.418318977999999,8.165669609,5.714627999,12.50580816,5.603057636,5.294750402,8.520960934,6.8092225410000005,4.950667775,6.002745362000001,4.484269885,6.237674939,5.0761826480000005,6.018643624,5.978812415,7.604349087,7.111170129,7.87325726,7.658372657999999,5.0209045969999995,4.17489039,8.439847839,7.421242446,5.354989235,7.375963262999999,6.190145287999999,11.26120273,10.7500283,8.795989335,7.997413855,5.619281189,6.487996552,9.515781328,5.43954116,5.452216445,6.154555443,5.224540115,5.395071102999999,6.787386457,7.975265396,7.413251548,6.7197630660000005,6.443936817999999,6.031281456,6.498953908,6.593576112,6.675671212,7.841119326,5.419690623999999,9.362507968,7.161481741,6.429778861,9.347164662,5.6808227229999995,6.6371404689999975,6.931560366,6.551670495,6.257415394,5.162116518,9.980327603,6.874553822999999,4.837028045,7.127014,6.4717973639999995,8.435752102,4.613670225,5.345079833,6.733900498,8.161269613,7.7485334639999985,8.492169164,7.309976377000001,6.342043971,5.103586048,4.91406744,4.652400275,11.32268758,4.812456313999999,8.670946212,7.169802344,6.265072977000001,4.6556931939999995,11.01649095,5.880747653999999,7.45823126,7.209433763,5.761698047,5.894761114,6.492072221,4.626298574,4.7687151960000005,7.484842939,5.83456608,6.90915846,5.057366238,6.690069414,8.280477355,6.32452735,8.600904819,10.62871395,9.094848205,7.233059582,9.621776987,11.02367792,6.349988569,4.797932459,6.528808996,5.386894357999999,6.662483094,6.001574205,8.714568658,6.356030538,7.433460137000001,6.5352050120000005,5.618376026,4.624338012,5.153025703,7.233646498,8.161926882000001,7.181744817,7.236297828,5.42748054,5.2267540619999995,6.482587499,4.819385476,6.534103375,6.6107444310000005,10.22120325,10.68831166,4.385573681,4.83398048,6.5008605610000005,7.0902443239999995,4.7568136889999995,4.080157915,7.65801647,7.982765316,5.776629647999999,4.419595289,5.049290114,7.001724227,6.991261278,5.513399188999999,6.277013854,6.747357121,4.9347583760000004,6.409848909,5.546247567999999,6.046290567000001,7.235040406,5.320747449,5.331262357,5.855207900000001,6.069988502999999,5.63318545,6.142360981,7.582832517999999,4.179136109,9.187360894,4.544650561,6.877137817,6.455489012,6.777285158,5.595771653,5.071100004,4.684647518999999,5.081060894,5.683690829,6.200430451,7.556824983999999,5.8800395420000005,11.32584034,5.6736500360000015,7.232424162,4.549951302,5.8264697010000015,4.4195598480000005,5.662846947,5.574215952,6.079310808,7.626620827999999,4.472888028,5.523273652,4.559197562,7.744768485,6.476417975,7.580464434,11.72005118,5.039351295,6.888086932999999,10.16318109,9.015902407999999,8.369266742999999,5.502208249,7.1180161779999995,4.270002957,4.754453235,4.8120005919999995,4.833651855,5.011228498,6.846926064,9.430013621,5.882321717000001,6.203535717,9.670787504,5.991879869,8.920904725,6.156220374,8.401487833,8.498269192,5.944929012999999,9.169280378,6.6023793410000025,5.481843021,7.051380282,5.04308136,7.082828115,6.5834618670000005,8.331862875,7.37458871,7.1469545010000015,6.183583425,4.690889258,8.01294946,8.281929478,5.095416717,4.50007232,5.671099661,5.90459141,6.3566702070000005,6.40454729,6.232235652000001,10.34111891,6.996944587000001,6.357638661,6.8146911160000005,8.420214054,11.21232426,5.038693776000001,8.520566079,6.3728554860000015,8.411834942999999,6.621232572,9.15270772,7.500624264,7.808656487,6.979945505,10.85421122,7.455185822000001,9.439064287999999,4.78873767,5.801973345,4.400920199,7.389273997999999,7.127506704,5.89929377,5.278060003,8.816160423,6.948438218,6.554532152999999,6.9585323510000014,5.030501297,11.67444482,5.226900951,5.8356833539999995,6.727651132999999,6.566038467,9.261484087000001,7.0150715429999995,4.845426455,6.136494839,5.557294203,8.663802056,5.4197096610000015,4.889084421000001,7.148251639,5.5077537439999995,5.832792535,6.235935143,9.456177027,10.01793514,6.336572469,8.07882122,7.961308886,7.445081355,7.9544903310000015,8.159837179,6.985993102,8.131133944,6.660265159,6.244805363999999,6.354548382000001,4.772672957,7.851425495,9.542031465,5.2194299719999995,6.237651082,4.947507002,8.806589153,8.059403468,6.42034102,5.795186974,4.338912288,5.415177987000001,6.782258268,9.116970081,4.966776539,7.044816497,4.986509661,9.053853596,5.895589396,5.991793907999999,6.042977658,4.481059073,6.623644989,5.514584585,5.43472652,5.2427079569999995,6.480078224,4.68838615,7.205595849,5.608079851,5.503405017,10.75443658,6.7134948539999995,4.571875889,6.1686804429999995,9.26683013,5.296298232,8.590900357999999,8.23949559,4.409564135,6.310945727999999,5.8850238820000005,5.683750087000001,5.565222979,4.628767346,4.965162523,6.207749691,4.945533675,6.598754351,7.8599599829999995,6.585936969,7.152433292,10.02104073,5.258338339,5.101417553,7.036263138,5.6321632410000015,5.435419232,5.7670152360000015,4.453184329,4.39048111,8.678369352999999,6.330902846,8.496664682999999,12.42436045,4.649332288,8.949945537,6.066196428,7.659033513,5.015230177,4.473461808,5.934610738,11.75389531,10.28287406,8.241815195,7.642977228999999,5.384706785,4.800696805,5.6934121289999995,7.146392682999999,9.27825604,7.391407282,7.8515819539999985,5.352170056,7.666940941,5.925187386,5.234207103,6.070877384,7.223431729,7.430760542000001,6.292402474,6.868660067,7.4539144020000005,6.755660764,5.650305792999999,5.784142472,8.173094669,8.350628922,9.110551561,9.700618301,8.152270137,10.34390032,9.039385084,8.721870337999999,7.722797944,7.8940285060000015,6.160600095,10.1354179,4.5927438789999995,8.397391916,6.359273815,4.599267258999999,8.852459352999999,6.464309338,11.46950154,4.410319843,6.557592333,5.867686394,6.317478799,6.191466613999999,8.264289672,8.565379549,7.477648855,4.45900713,8.209666198999999,4.39694642,8.025518111,5.0258323030000005,5.745312825,5.788978329,5.9256659,9.738111053999999,4.965269097,5.671604637000001,6.849007643999999,5.075390683,7.025691972000001,7.63823544,8.794794605,7.757427957000001,4.25756135,8.001998958,8.4673428,5.545366771,5.430048861,5.081945056,6.7635388270000005,6.607678074,8.530615762,4.75945937,8.960919192,7.357237483,5.734780957999999,6.390436782,7.730890692000001,6.6322624029999995,6.064386344,7.828095789,6.915756332000001,9.561036247999999,7.214998262000001,4.213195995,6.976694424,7.3445813829999995,5.497170497000001,5.263750407,8.618324756,5.344809791,5.206727955,8.801316992,8.018918845,7.218036427,8.070646434,9.309106153,5.688104196,5.378473604,9.970358535,9.133457669,5.615039756,4.419277211,5.152739858,5.172570169,5.226703387,7.454058527999999,7.997499737999999,8.844225514,7.031468384,6.815699045,6.77050034,10.55605107,7.393180911,4.80839369,6.285792185,7.479713844,4.602375996,11.84205461,6.137253969,9.600338706,7.588042084,9.116003033,7.550573327,8.002077486000001,9.280823095,5.988699774,5.285961267,6.4497729889999995,4.353819967,7.988503121,7.475606252,7.731964558,5.589297771,11.59139887,7.75559663,8.042798067,8.914109391,5.869647109,5.68186873,5.316514767,7.148199475,5.303254587,5.4856167760000005,6.399044879,7.81640383,7.304098346,7.279991017,6.705962726,5.593935815,4.82543522,5.175130687,5.6743351539999995,6.341053401,5.521433131,4.40135156,4.069840226,5.123659151,5.204267627,5.20970514,4.5908152069999995,5.617032772000001,7.337480802999999,5.8054454060000005,6.587648637000001,5.86296469,6.939654831,4.679658979,11.06966639,9.449557636,4.738270834,5.947991742999999,7.146481735,5.309210537,8.583365642999999,4.503651921,5.319668359,9.549887353999999,6.449545218,8.202031538,5.657760306,5.495874954,6.685027737,5.846460757000001,4.202334414,4.487399872,6.972912332000001,5.34434333,7.880836211,4.74110038,6.654581385,6.494159302000001,6.809439555,4.5645960169999995,5.434073385,9.99087645,8.493274187,5.550620285,6.986556462,6.337767303,7.243800221,5.8081631960000015,5.993970751,6.648063336,6.334177057000001,9.70534655,9.489948803999999,9.636475916,7.16746605,7.852614847999999,5.111675853,7.095071462999999,4.714591915,7.9991337520000005,7.18985853,6.204063493,7.0865880039999976,8.557742637999999,7.589957711,5.140520334,5.269688013000001,4.894119305,6.1846715360000015,9.594429017000001,9.906965092,4.819320929,5.6991621939999995,5.950962264,7.938442961,5.928869547000001,6.4666592760000015,11.01853087,5.143335378,7.861375568,6.698545633999999,5.337513133,7.008840137000001,4.590784438,5.942874463,5.843490137000001,5.227557904,5.414295813,5.247775798,8.968411338,11.36114321,5.656069402999999,4.268572173,4.737791057,9.919117421000001,8.519279739,7.774070921,6.6662155510000005,4.490582871,4.272440233999999,7.4005141939999985,7.003357882,6.984655589,4.90135603,4.7369939169999995,6.596541002,4.617412683,4.918217567,5.086070095,8.586066801,9.074621302999999,5.068056102,5.84177145,6.811170721,7.975317255,5.964880421,4.592302228,6.352354602,5.329032928999999,5.504747561,5.522474956,8.867113832000001,6.5907528110000015,6.507133235,6.800523484,5.740095977999999,7.406185446,5.093645396,6.192189162999999,8.915259625,6.5996284260000015,4.876355611,7.700291826,4.729282883,8.10374402,7.900862525,4.798501035,9.502881643,6.3558193439999995,10.15703222,5.173785501,6.023775204,5.607057919,11.81260082,5.963688445,10.15811681,12.28566716,8.039109652,6.540099796,7.459396882999999,5.855647481,10.9414198,9.400767898,4.873090383,7.955180536,7.154021544,8.530785527,9.205398519,6.654334092999999,10.61573847,6.223807817999999,4.984079877,8.658302907000001,8.845010398,5.729027632,10.39317211,5.677960556,8.266654991000001,5.333644673,6.3911105820000005,6.9803231729999995,4.787486341,6.209491732,7.024333399,4.297395205,8.223825741,4.8478685619999995,8.571677907,8.593653518,5.715301015,5.068825034,4.633442227,10.61966661,7.453457812999999,7.140656149,6.97093445,7.260208615,7.546753394,7.272213428,9.927361487999999,5.915485515,6.7759616110000005,7.504203353999999,8.20723043,5.925663064,9.430460295,7.150118544,5.622391264,5.873933438,5.40321451,7.3663816739999985,8.24385629,5.963630869,5.230764403999999,8.815169656,4.554113387,5.234507476,5.853578272000001,4.905725708,6.652484977,5.6131911279999995,6.188277808,9.156976214,7.3393757389999985,9.217475988,9.521987889,8.068837683,8.961029249,5.137709112,7.827721282000001,6.595240702000001,8.701643792999999,7.6206493029999995,5.102454096000001,5.0503787319999995,7.352468977000001,7.31970796,4.497392296,6.380310828,6.968521363,8.342265422999999,5.849118722,5.111583486000001,6.047354365,7.142549653,8.056061785,7.985226346,7.561413009,7.932026229,6.841105353,5.739648572,6.579444341,7.790669164,10.05402075,6.708194617999999,6.707666897,12.88259284,8.896337691,6.735430067999999,8.506715011,11.38016106,10.85026511,4.186892799,4.195903265,5.425789765,6.865439907000001,8.460337557999999,10.02361073,6.972882956,7.600602477000001,7.956536483,5.430982928,4.7224355330000005,6.928363347,8.317453059,9.06905508,5.582457467999999,10.01035868,4.641124507,9.073730449,5.4000748970000005,5.108163072,5.191104289,6.490859531,4.535067358,4.799468658,5.21565277,7.705228121,8.008287232999999,4.631161186,9.352892368,6.767848834,6.751112943,9.467770991,6.6638833360000005,9.887227118,7.363871649,7.921348718,5.673398584,6.030125415,5.083153067,4.752281541,6.710226847,7.77326678,6.7878233020000005,4.937375753,7.959933958,7.2330774920000005,5.349483276,8.15944446,7.091445208,7.465665962,5.987053347000001,5.531227146,4.2803389,5.359874728,10.17560536,6.996796101,5.140682067,11.67054024,5.192275205,10.67891964,5.755719002,6.03052479,5.841208961,5.515385834,4.937422083,4.557994358,5.7312843739999995,5.351612752,4.823666762,5.26137527,6.09215335,4.814450005,6.934794887000001,5.302211618,7.262720718,12.18502645,5.57421987,4.757414936,5.674151859,6.046091121,4.945843374,6.954759475,9.42195583,6.801302777,5.905508697,10.20299823,5.71461562,4.927400405,4.247782337,5.611887126,4.993266098,7.940609151,7.586354696,5.302187857,7.720296323999999,5.9629088889999995,7.055667947000001,5.73662554,5.823461484,4.508680524,7.6951148510000005,8.669527214,10.2959632,5.044319557,4.721300907,7.213716954,5.179530234,11.03814307,5.883863419,8.87248415,6.495107656,6.195447511,5.738216027000001,8.310776005,8.599328468,6.200535062999999,6.258201307,6.950618443,5.741130724,7.76896529,5.717839239,4.5890915130000005,4.980905508999999,5.388798692000001,6.997118209,8.57921821,6.177082048,5.8620252729999995,5.873503082999999,5.24034217,7.008972907,6.192498165,4.577677017,4.252943801,4.1138991030000005,6.8320880000000015,8.703577382,4.874037112,6.760239058,6.533225848,5.6932358039999995,6.253744844,7.03706323,10.25983853,4.882737654,10.62084132,4.9517642969999995,6.021071915,4.826649762,11.28103155,4.41299449,7.685116308,5.15850098,5.825605362,5.430279998,8.698009196000001,5.75298744,8.242090961,7.972641287999999,4.470670375,5.340622309,8.590171955,7.133089469,7.318046402999999,4.488409834,6.785787826,5.779555611,9.195815831,7.154597721,8.098717158,6.654294362000001,7.495057774,4.80063513,8.972442735,5.260232998,5.310305444,7.364486787000001,8.395928992,5.067530411,9.175536486,10.90544646,7.083427358,6.667242398,4.905443562,11.11049275,4.652071871,9.124758647,4.71347533,6.194040526,5.243137512,5.031570643999999,4.876542082,6.322978377,8.373949073,11.59104828,6.632254382999999,4.884810507,8.023811734,8.207719212999999,5.792850527000001,4.455685926,8.112423698999999,7.711585931,8.931185117,6.373120472,5.2871060739999995,6.213943133,7.759552346,6.98281629,6.706640724,4.683255309,5.128560772,5.078741088,5.6765125339999996,6.509895185,7.126634075,7.837170634,6.927865216,5.221287127,6.960422137999999,7.612230017999999,5.543466821,5.626577758,8.871929026,4.795344986,6.6465029929999995,4.87434213,8.977907373999999,5.323429774,4.813148579,4.838174853,5.716323963,5.787499285,9.465791579,5.750666549,5.476872079,5.713769494,4.514437268,9.535887726,8.501953054,5.822959902000001,6.381529966,5.6072266420000005,6.789601998999999,5.8235111129999995,6.97422336,4.503711287,9.835429015,6.5616020760000024,7.832889845,4.2332485160000015,5.119632889,8.332854437,5.237814602,8.596736191,10.32646464,6.1380533370000006,10.38611246,7.532449217000001,4.957474314,6.559659318,6.601814528999999,4.279522167,4.848721739,7.304982884,5.038858142,5.335553956,5.093190122,5.042560684,5.608959337999999,6.2502972560000005,5.8382605629999995,6.859424926,6.074844286,4.534396895,6.357432686,7.664864323,4.73496446,7.191280326,5.661895839,5.558178476,5.545522365,4.667801517,8.02056185,9.145895032,5.371838755,5.081590361,5.126803048,7.157576884,7.009551339,11.14001777,7.892393179,4.140638471,5.440010028,8.157671673,5.308428534,4.311006707,4.727372046,6.716577111,5.160912776,4.27679354,7.928609363,6.1627449,10.81221292,6.486687099,6.068056843,6.254765592999999,5.94569125,7.258381999,6.70292213,5.477756756000002,5.499413515,5.649588,7.249431183,6.63796155,4.892994463,6.221081785,4.965516401,7.6045200920000005,4.718475051,8.339432943,7.1871287420000005,10.36844015,4.663687144,4.407191302,7.056908046,5.5073538960000015,6.031460017000001,4.805583382,10.05797048,6.9008613510000005,10.05910821,7.574598677999999,4.815793153,5.301472562,6.68201473,7.692046697,6.752206158,8.972293605,6.3126495039999995,6.349942712000001,6.0750923839999995,6.966118117000001,7.415323586,7.024747071,4.285155968,6.760142758,4.821927641,4.785199312,5.8342189410000005,7.364182135,5.253810328,4.396997726,7.296336416,5.976381085,5.495276401,6.054973671,5.290796108,5.08693913,7.603922464,4.3784606539999995,5.051759766,4.831896789,9.692998307,6.768773907000001,9.508883331,4.521718374,7.347211202,5.326506708,10.01020368,6.823421727,6.231044279,4.859600391,7.628803549,4.947387968999999,11.45027121,9.148471215,5.971752385,6.5824630410000005,9.648083657,9.861365311,7.693188782999999,6.530833951,7.711625109,5.714374072999999,10.71827971,5.712912604,6.111353546,6.540014322999999,8.098792661000001,8.498264133,5.838782386,8.104023067,9.342506803,10.22074953,4.512715407,5.175920681,5.500514335,4.807062952,8.399995563,4.811367662,9.834121631,8.325662407000001,5.604840514,5.278295156,5.483234293,5.675970883,4.332405501,5.860878832999999,7.844459756,9.000816807,7.049829536,4.990829651,5.809024854,11.48355736,12.35401926,6.222020729,5.078889428,6.2321421070000005,5.304596125,4.2921990889999995,8.024736401,7.169402265,10.38474224,8.514897955,6.287830682,7.741506375,7.109640095,5.437212227000001,4.8253376789999995,4.851641613,5.216800692,6.5891304129999995,6.864094562000001,6.041782744,5.882052375,5.812045366,5.5527202739999995,6.650373871,7.470223797,7.608076466,5.700181477999999,4.3990275919999995,7.936355835,4.275451973,5.165213631,5.688491459,5.681661752999999,6.385702035,6.531408421,5.512922275,8.954396877,4.941941474,5.365509239,5.909331356,4.817531218,6.858964384,4.801862073,10.42399767,9.842162624,5.627400777,5.577043447,5.312259499,5.564459314,7.470536748,8.420973423,4.43900202,4.515231899,7.1403222379999995,8.589988553,5.4375686089999995,6.372567413,8.634132506,7.601223363,4.773986976000001,5.6178517060000015,7.120718373,6.149979276,9.955179196,8.53805366,4.609920273,10.08646783,5.193069979,4.588730792,5.147286684,6.198822389,8.675167529,5.17229103,6.873159516,7.813429687,6.857944292000001,4.848598602,6.315250355,5.125391497,7.631319069,5.36570816,7.222083948,4.928690587,10.82668645,9.820610176,5.219223686,7.29752634,5.155191542,5.101041498,11.38191037,6.235892699,6.496898165,10.19181263,9.382263402000001,6.32172572,6.082549617000001,7.438267907999999,5.015892739,7.284459742999999,8.892904042,4.211289064,7.633417944,6.342581778,7.654326202000001,6.689176201,5.84468593,6.578128714,8.271265306,6.212092875,8.421615601000001,6.704475612,5.860053937000001,6.561846787,4.972138313,8.604386265,5.844510093999999,9.009004666000001,5.178707986,5.973607071,4.975535109,5.199770684,5.023458651,4.834247421000001,4.891177633,5.211937287,6.517828827000001,5.26293959,5.031573542,5.610948098,5.868620394,7.252327216,7.403621621,7.238603104,6.461756502,5.810767909,12.35276978,5.541408504,6.3151550489999995,7.880332049,5.539360137,4.202739674,7.490742278,5.418804495,8.900451896,5.191263496,5.176126593999999,4.440214975,7.426499954,5.835226627000001,6.596074354,7.158037525,5.784657009,5.59810468,12.76021273,6.804429207,4.2592464460000015,12.39878294,7.585810342,5.7252742539999995,4.470577629,5.652147126,6.197222312999999,8.647697435,6.0737942,4.9110382260000005,4.5980900689999995,7.671799339,5.687957872,7.7308845370000006,6.74978863,8.006336713,6.149099541,7.359855382999999,5.455484014,4.87814304,5.938572289,5.743834044,4.834769106,4.557775423,4.680579175,9.466082992,8.209556335,10.00564449,6.370786819,5.830102612,5.653628932,6.847887657999999,7.697493763,4.881147619,5.837840278,5.576284575,5.868408596,4.826802302,7.933755199,13.05510314,4.278280672,5.369699128,7.0904988410000005,4.275852642,8.029749146,9.35610749,10.079569699999999,11.45646043,7.271362661,7.370130876,8.277469422000001,7.266049093999999,5.32130751,6.056291794,7.24792798,4.923133366,6.628814042,6.1657842610000015,9.629544141,7.086143927,5.010085012,5.586225555,4.88632824,5.709199571,4.422834368999999,5.795759549,8.213208682000001,8.294670227000001,5.571625386,5.6521837029999995,8.916332622999999,10.35584199,11.125259300000002,6.390296383,5.8114102370000005,5.88460234,7.238646072000001,9.465921572000001,7.34722503,7.668714232,7.128726914,5.0640574019999995,7.688814953,5.277136076000001,4.619413641,5.621694767,5.307178223,5.1404617969999995,6.576974882000001,8.565427297000001,5.256683442,4.0826850630000004,5.38090456,4.438996714,4.5969684719999995,6.405913684,4.939438255,4.979449106000001,4.535800171,6.843735307999999,5.441062313,8.308413974,5.8186167860000015,7.518170329,5.968909244,6.169793219,5.855428193,9.499262603,6.863795426,4.631623964,8.131341217000001,4.543148683,6.600211423999999,7.940435898,5.775556532,7.683529092000001,8.394134635,7.927514029,8.179972781,8.252602484,4.949076819,5.381786311,4.4054862,8.404972416,10.65424759,6.032857118,7.793597411,7.096681707,7.198454586,5.9265166979999995,4.858502952,6.7988088289999995,4.853091723,5.055310307,6.2023289429999995,6.6449502910000025,6.143696992000001,5.746118878,5.697682746,4.9143639839999995,7.6743544739999985,4.683900817,7.151313805,6.4285475660000015,8.57354933,5.305415473,7.666779149,7.645395255,5.3293203060000005,5.050000743,10.0070238,5.811253557000001,5.39905649,8.469443028999999,4.323826736,6.168958797999999,7.99515265,5.788081802000001,6.086926442999999,7.315467331,8.766183448,6.374714177,7.38735023,4.987772403,4.245595263,5.054827811,4.759431271,9.782397203,5.314878556,6.257479752999999,5.98644646,5.024519273,8.211301548,7.37038097,5.5842546220000004,5.477215084,4.983673433,5.625431721,9.191475785,6.973511866,9.320379373,6.185119498,6.4070175260000015,7.736794887,5.521666217000001,6.14265812,4.912750681,12.87599743,6.124280385,4.3657508310000015,6.954423695,5.335084075,7.160117249,6.743471832999999,7.623071702000001,4.766359205,9.315124804,5.866954666,10.04481733,4.403326458,5.521424777000001,5.165366562,4.955054217,5.010975727,6.7798810739999995,6.3923917260000005,7.658391802000001,11.538755,5.803622219,6.773826484,5.697444031,4.928899152,7.419501222999999,5.41863183,5.944988717999999,5.65174313,7.762742458,6.149573837999999,5.124597249,4.584760145,4.911744961,8.433100021,5.4188866639999995,5.110328629,6.018308311,4.816406419,4.847874492,5.088904298,6.565916818,8.41548011,8.456004228,4.842011724,6.944010124,6.234963235,8.604137573,7.524863048999999,6.283564048,6.284855061,6.3581648479999995,5.207788876,6.325751341,5.8544084629999995,5.081878951,8.99295251,6.2536003220000005,4.344864329,7.730312822999999,7.352574122,4.532647492,6.156972885,7.543682578999999,7.789972931,10.66208289,4.8523660710000005,4.712408478,7.584432427,7.995651153,7.345436302,4.796851636,7.928450939,5.677195959,6.802804748,5.724543411,6.084690129,4.984439514,6.9800262910000015,6.7102230579999995,5.6365190620000005,7.8651558060000015,8.085540952999999,6.025241049,9.798498666,6.34890528,4.870817016,7.362216011,7.7347171,7.518898106,4.642666965,8.067501349,4.330973335,8.98540391,5.891958058999999,7.702395049,7.033504656,7.200616274,4.2692458910000015,6.5417837410000015,7.2424325970000005,6.5839342510000005,4.667454029,4.1742223869999995,5.999786114,9.552568522,5.069357025,6.460936165,7.784144078,5.64260659,6.0284018060000015,7.771164757,5.281442949,5.622487099,6.4775839170000005,5.42652021,8.65060331,10.31984221,7.518429717999999,4.192223376,5.405079023,7.886115697,5.9155244960000015,9.597075588,6.797433361,4.571960206,5.376108602,6.343462242999999,5.169848198,4.585138801,5.954461692000001,4.468619562,7.039031886,5.059485491,5.306888557,6.530313437999999,8.970179099,8.40128126,6.941573633,7.18563397,4.6662562439999995,5.307407773,6.922085605,5.539523419,5.678584312000001,9.190532314,4.923942923999999,6.28655911,8.360531457999999,5.49817788,7.601112818,4.633401208,8.180211106,8.242063225,7.559007382000001,10.02631712,4.8239853319999995,11.33634973,4.450757277,7.184730603999999,6.99373388,4.679198101,4.501435431,10.53835797,7.265492068999999,6.593941015,6.3313409279999995,7.22608955,4.936646214,7.0047182810000015,8.882186738,7.8934109810000015,8.017301045,5.141659801,5.897616827,7.913486685,8.190354427,4.488443072,5.205242128,5.396280399,5.287651477,4.836460961,5.648314506,6.8968971660000005,4.607267712,8.00079713,4.779591492,4.904712153999999,7.964692886,8.161402246,6.595518124,5.565924232,7.757681132,7.152648869,4.800244351,7.59824377,8.04463157,7.329484575,7.4236680339999985,4.683754223999999,4.718589892,8.452718091,7.644813721,5.936192514,8.701875255,9.283387527999999,4.930191703999999,8.714245834,5.329192239,5.070290544,7.395709844,6.641953689,6.782357779,6.449977256,4.806631843,5.131607726,6.57473457,5.112893315,9.337176964,4.38490655,5.092693882,10.36079501,7.117967899,7.3488042,7.635913648,5.795569479,8.193731534,4.147231913,8.469623848,7.0229672039999995,5.1389728880000005,6.0147054760000005,4.951420359,6.2675931579999995,5.696047502000001,6.020162685,5.699590762000001,6.529281532000001,5.895880644,6.522037856,4.4427456780000005,8.34563347,5.116780556,7.401170549,4.336038745,7.174277035,8.896475251,8.005752569,7.893253425,8.954704223,5.6775230310000016,7.656457487000001,4.492467714,8.237502476,6.134863289,9.728680949,11.48644165,6.134233313999999,7.3621297110000015,5.410768462,7.617290661,4.302193157,8.693381453999999,6.074549635,8.198138703,6.799051812,7.734161665,4.832197468,6.32543462,6.005859244,4.398422353,6.133934603999999,5.240999013,5.033590611,5.690621095,13.21519503,6.636512139,6.474432928,10.16680595,7.810163524,6.143929368999999,8.299873426,8.040707043,8.255200519,9.353140243,8.927150166,7.058539013,7.047682204,5.205493788,5.5682692660000015,6.460864554,8.264836079,4.288779562,6.107659462000001,11.48764651,5.390830547999999,8.408040405,5.832637895,5.540725651,5.240529895,6.874343634,6.322936014,9.420483377,9.485606133,7.841871135,7.297705203,6.50380241,4.28136699,5.430531403,7.6011847470000005,8.448449787000001,5.553807837000001,4.486248524,6.587320581,5.575636821,7.285205811,7.465486012,5.211896324,6.242011682,6.35443021,6.1289234839999995,5.491547862999999,7.342542777999999,6.371680875,5.966730962000001,4.770058592,7.152138937999999,5.422649312000001,5.1757379839999995,4.19535706,4.804373988,8.571980762,6.621381307999999,8.517078198,5.910716633,7.6113028310000015,5.7223830389999994,7.893967779,5.995898897000001,7.084932134,5.810774747999999,5.218355911000001,6.3601408410000015,7.75778555,5.932526967,8.719652252000001,4.450349227,6.209337256,4.416661284,5.71741423,7.640525692000001,11.69144448,4.741305551,8.506718457,11.84503583,6.8393669379999995,6.219102542999999,7.119473361,7.035659764,7.004844301,6.078677806,6.698111063,8.330097076,6.3266592379999995,5.847321872,8.920093853,6.497406655,5.784921174,5.325248325,7.015486192999999,4.600195398,7.752756064,12.30377488,5.2564592910000005,6.688457372999999,5.898365605,7.893858312000001,6.299768877999999,6.900171877000001,5.690494581,8.833992531,5.007070488,6.092589244,7.319127707000001,5.694647454,6.715125147999999,6.865285199,4.825225678,8.133291946,7.2264088179999995,5.653849927,5.1934420160000005,5.24112367,5.191392,6.6625348970000005,4.668452234,5.499004612,6.864835848999999,6.703293658,6.575767615,10.16497967,5.435517582,4.736889706,5.692774534,6.650815691,6.2689737,8.366943793999999,6.842782091,6.093950456,7.326577202999999,7.587387647000001,6.035303884,7.03743974,8.233534762,4.929969021000001,5.815729784,8.089148518,9.083728987999999,4.1138491460000015,5.7627681289999995,5.247282166000001,6.063512652000001,6.458983722999999,6.756001165,4.536724746,9.571385101,5.752374457,5.9589224839999995,8.205160591,6.382084084,7.197837034,6.308477826,8.78656277,8.136140703999999,7.22704546,8.615329722,6.005084779,7.428361207999999,7.213394619,8.087155274,5.900203457999999,7.799691507,11.66666354,7.365168177999999,4.76936833,10.15358217,7.063338077999999,8.081797212,6.906332065,7.047562135,6.28002381,5.147766644,5.484111381,5.65396883,7.745063036,7.342799648,5.9723376770000005,6.885963843,4.665853313,5.0109085669999995,10.10485917,5.1298824739999995,8.904445849,5.3188425960000005,4.404855803999999,11.18103516,5.217128536000001,10.32676981,5.348217072,6.59021405,6.230802075,9.633212854,5.721713144,8.091207426,9.10953854,6.460757822000001,7.289850922,7.453560112999999,7.5038059729999995,6.776102196,6.019892845,6.162266186,4.4890272000000015,6.926629985,6.03029751,9.142829082,5.43258978,9.602174247,7.69847601,7.965507016,7.159339827999999,5.993937186,8.089516925,8.627100402,7.4233527289999985,8.09860849,8.707538287,5.363525321,7.752427467,5.02621269,6.257825344,8.035348707,9.513199108,8.186701669,4.433710243999999,5.620776547999999,8.316650183,7.77303898,5.463007336,7.344189419,7.926615512000001,10.0754038,7.283537442999999,5.470395902000001,6.032278985,5.888442341,8.004729328,8.392281495,8.593489672999999,8.216847739,6.05579883,7.595710866,6.064408504,10.5772583,6.687164787,6.8219786870000005,8.126296349,6.075140721,7.469309053,5.49352102,4.221410695,9.994911404,6.779465184,6.5305765,7.575736846,5.296437269,6.793282972,5.41690303,6.429978221,7.18274498,5.4500639920000005,5.7773296610000004,5.235925451,6.463125558,8.044009997,9.750831665,3.813668525,5.327194585,5.677607148,5.80295889,7.957001859,4.774286378999999,5.4176195310000015,4.3989192919999995,7.778565703,5.285286816,5.115507438,6.724929241,8.940066879,4.688644738,7.499636897999999,8.209415577,9.721185902,7.346088615,4.963900962,4.729272601,8.753383232000001,9.064467547000001,8.672297665,10.43141862,9.787400051,6.312865771,4.531141262,4.817968844,6.839937736,7.513470055,5.60518454,7.866808363,7.409916731,7.886421745,8.955224539,5.76346925,6.355621263,5.003200316,7.2236140120000005,4.782486976,6.2495644860000015,4.8486409010000004,4.774844794,6.9150158489999995,6.2033253560000015,6.402384574,5.501861623,7.437465426,8.759435643,6.04335492,5.746477499,5.499408868,5.799347125,10.31266984,9.13979267,8.18821052,8.436744212,6.83506759,6.9717947239999996,7.560502358,5.99506491,6.847714548,7.083516286,5.459077159,4.729058641,5.939721603,7.215446384,6.584527552999999,4.356994459,5.7626992910000014,6.935082446,5.181558036,8.310216543,5.508183667999999,5.8691007520000005,5.003966134,7.363536346,5.343355765,4.658136302,5.161605051,5.595191802,7.9473019,5.265506307,4.601905567,8.190828783999999,4.877626537,8.875576397,10.52609055,5.184767863,6.907940505,11.64608635,6.561937403,6.152277638999999,4.85318027,5.124996586,6.295701276,6.841436067999999,4.628303282,8.490143993,7.136495048,7.41859968,7.461105762000001,5.652620422999999,5.787895391,5.26722979,5.933354487999999,5.2419101139999995,7.063351535,6.364804797000001,6.314391317,11.77763182,4.96730631,4.657118700000002,7.654941459,5.5976801960000016,5.163443879,7.092090568,6.501921224,8.762242937,6.040906531,6.148298317,5.022076135,6.486405897000001,4.837954374,4.747680992,5.94576049,8.723648962,5.362681499,7.245327728999999,4.896304487,4.8379760460000005,5.673755063,4.8143722780000004,6.3137430660000025,5.4014908870000005,4.671976857,7.445772688,5.562936702999999,6.4548756360000015,11.97958911,5.125806347,8.791130653,6.9454689929999995,10.41241936,4.567506245,5.979013052999999,7.627129196,5.661762837,4.091060499,7.650081809,4.403617362,7.259935033,5.658276663,5.95378337,5.486300489,11.7157117,9.660190077000001,8.26458148,4.814227064,5.066078824,4.695779097,7.621553221,7.332826594,5.244256871,5.808171912000001,5.472628328,5.55935224,7.065792626,7.277646752000001,7.910727972999999,7.799284366,5.868750981,4.533591041,4.972952801,7.1970055529999994,10.98580626,4.858129371,10.85395359,6.062675536,8.663069079,9.584510104,4.902074686000001,4.456365186,5.814802365,10.8241601,6.876624085,7.188207679,9.382954968,6.612529229,10.06041324,8.736623981000001,7.081773909,4.615108329,5.995807523,5.883411578,5.381985082999999,6.474756826,7.677903896,7.665033519,8.065169476,4.759017781,6.095671727,7.656070817000001,7.493033617,6.335237327000001,4.545925874,5.686782148,8.643203192,4.9845795310000005,6.811395724,6.5397068439999995,7.226026192000001,6.220683206,7.851845742,7.052497671,4.484326248,7.3682477870000005,6.187343987999999,6.309843666,7.58426668,4.861834428,8.492099995,6.088702645,7.388763235,6.084548912000001,6.123415672,9.372983955,5.43351962,8.123205061,11.02594967,11.39404578,5.6874612010000005,8.41435956,4.620039026000001,10.23183988,5.479793428,6.997814099,5.779665499,5.7198054339999995,5.98121755,7.7109069020000005,11.26316763,6.413175829,5.64978486,4.620610299,7.52267597,9.490254764,7.936595588999999,6.521325813,6.568856212000001,4.978258853,7.895731396,5.5931899210000005,7.174714974,5.7967458610000016,6.665669554,6.195678035,8.857582969,10.42372451,6.191813123999999,4.890693303,4.0
2,11.50149206,6.442371492,10.06803335,6.963142909,6.355185272000001,4.505605357,8.708670106,5.215859324,4.516068508,6.00094258,4.570771944,10.72197403,5.686403123,11.15289902,6.80146911,7.280425217,9.264126575,6.315970509,4.7461321960000005,8.968372459,4.4031022580000005,7.055727082000001,8.201784479,8.276174758,6.6878140010000005,5.099945352,6.4025454029999995,6.8619766910000015,5.327775238,5.086924109,9.169905676,6.332520677000001,7.255834097,5.15407988,7.7251166960000015,7.1945858560000016,6.3680700660000005,4.852083966,6.030109086,5.0859527060000005,9.090945526,6.182953304,6.46408533,7.3724780339999985,7.443572777999999,7.562455722,5.632205614,9.458288917,6.107286892,7.180064599,4.70077951,6.180118491,6.342723522000001,9.207647722,4.3220868260000005,5.5820590060000015,4.638904575,9.564482411,4.479225634,5.486773769,6.080817861,5.36516649,8.492506169,6.912919058,6.338581211,8.250269444,6.463140937,7.087047044,7.3940686960000015,7.831392153999999,6.335388312999999,13.5181696,8.005862952000001,4.417853148,6.8746792889999995,4.738113684,5.035287448,6.635549515,4.650025679,6.81094212,7.3732038310000005,6.413856415,8.638084422,9.042507137000001,5.273553656,5.664064442999999,7.488676497999999,4.9273997419999995,5.407971438,8.560319865,5.330746971,6.998517367000001,5.24807257,8.531623349,7.795500189,6.114101886,10.23013373,4.389235505,4.317163208,7.0484042879999995,5.454337732000001,6.0064216020000005,6.4053457210000015,8.564987106,7.452004938,9.153700446,9.57436994,4.767665404,5.0284764000000015,7.1580560470000005,4.9751590939999994,5.126707822,4.796996409,6.735165042999999,5.935333825,9.052949647,4.32670593,5.290257243,5.880046843,6.875871997000001,10.854647199999999,8.629766072,5.741546848,8.742215148,7.780149285,5.2821427739999995,4.973961296000001,5.456137135,4.676784881000001,7.379573947999999,5.443773075,10.96838826,6.546830569,6.58209914,5.835749924,8.040748607000001,6.532607877,4.731770722,6.287236872,5.3135597510000006,4.372232695,4.589372707,9.914731286,9.148258279,5.644284422999999,6.348863904,4.936908325,6.065469641,10.26790921,4.728262443,6.9791131360000005,4.731528248,7.200273342999999,5.525224796,8.73827955,6.63257591,5.736863747999999,6.193571929,7.708140667,5.346744183999999,9.101556646,4.770013274,6.886826602,6.292550022,6.777024409,4.7640755619999995,8.893178767,6.802069413,8.907980371,4.965191657,4.35156473,5.958083646,7.25387529,9.170295199,8.207702661,8.34902625,8.033019292999999,9.792479002,7.6076755060000005,4.580852244,5.576925352999999,4.432778325,5.21360975,4.557041882,4.396621081,9.955099639,9.25701749,7.689693802000001,7.15825626,6.037861945,5.155064684,6.463150015,7.0963414160000005,7.4351252510000005,6.205401942000001,6.486973405,7.81797012,8.750490682,6.242774596,5.575816372999999,8.151872376,8.859764105,7.5742523760000005,9.452456485,6.214428539,6.935434267000001,5.637472746,8.262827551,4.736596797,5.449053957,5.088603815,9.873359407,5.9408638210000015,5.816516943,6.2151221670000005,9.254887091,6.333001498,5.873113525,6.279914262,5.8423294110000015,7.321422592999999,8.551113701,6.497064924,6.941721338,4.502733147,11.15365941,5.6392328,7.131342328,5.480434799999999,5.870379436,6.156483795,10.03350703,5.0859636969999995,5.353907635,11.35395009,5.3847811839999995,6.161352357999999,4.850398866,5.281831766,7.98134041,5.848019184,4.254925335,8.836448303,7.383963457,5.531576804,6.8135084610000005,5.430313792000001,4.652612597,6.2297097820000005,4.926018202,5.735378008,4.925996222,6.71879443,4.73094431,9.879670747,7.67250849,10.36222301,5.799352482000001,6.3073298829999995,9.14176897,5.646238632,6.867631255,5.066943491,5.269260018,4.656442299999998,7.515971531,5.3691125689999994,6.873610404,6.212164821,6.918278269,7.1180385510000015,4.668945893,7.053280387999999,6.95825291,7.809522096,6.511460258,8.429819001,7.0283960999999975,4.482832818,8.180887468,11.56632956,8.401735942,8.617592396000001,7.52255705,4.381808875,7.4321755629999995,5.779905319,4.91761119,5.50538799,5.851914086,6.664978773,6.666931131,9.28747002,10.63615461,4.965512438999999,7.38189164,6.971159806,5.0145074119999995,6.285051645,8.891757899,5.930476106,5.6066843429999995,9.721787048,5.862713192,7.796469302999999,6.919588462999999,7.455708127,4.7159481219999995,6.921718477000001,4.920637311,4.43064762,5.77188515,6.41641135,6.7577459410000005,4.677197275,7.604141019,7.015955397000001,9.768861845,6.822428426,7.3812923779999995,6.175912899,5.272539419,5.972877177999999,4.628634701,7.85747222,4.677607076,6.731795485,10.385073,8.393103538,5.046282286,6.899490806,5.764388783999999,4.830382449,6.131059483,11.62638356,6.986157612,6.201104777,7.840455771,8.595916075,8.1596453,4.320360882,7.539984349,7.735142194,5.405552861,6.64350281,7.077242565,4.702353014,7.499452923,5.5716171160000005,8.167678421,5.09188012,6.280016149,4.673708582,6.040137232999999,7.7412463670000005,7.398333918,8.760252202,5.736360539,7.722674279,8.952642838,5.054043426000001,10.27555551,8.508830226,4.594475587,4.959274703999999,5.419809435,8.130212756,5.424384506,8.207199825,5.159400717,6.0044885279999995,4.9844395630000005,6.602749149,5.725360734,5.392266001,9.639912936,8.518327482,6.034278314,8.479845527,8.505095942,7.3506679,5.654903653,6.3100328889999995,4.517108428999999,4.862970081,8.765548638,6.239062075,7.874146979,5.206580257,7.698496987,5.923440667,6.262111708,8.554487137999999,8.978221469,6.516017941,6.992607146,8.038289322999999,6.511164832,6.820190116,6.199315937000001,5.264528017,9.226419169,6.873461868,5.724435119,6.196317231,6.1732865110000015,4.685959639,6.89612314,5.5803443470000005,8.029406892999999,10.82099309,4.26431945,7.753742904,4.842169406,5.886866531,5.529670061,6.314380907,5.518627996,5.337513745,8.730809927000001,6.606106575,4.66008699,5.664551311,10.439303500000001,6.021911433,7.941893792,6.420154256,5.092464181,8.090246118,5.415750967,10.39802045,7.6181913,4.316782454,5.7515813179999995,11.63373314,8.098534772,6.424526056,7.0022076160000015,6.2180518739999995,8.946694328,5.549040442000001,4.785903966,6.468842968,5.647339016,8.773264314,6.089321832,5.1168363889999995,7.991553841,7.494752684,5.121722231000001,4.81519485,6.52027907,5.118722662,5.994238788,4.630387717,4.911844295,7.759447618999999,6.876955646,4.917988200000001,7.200370982999999,8.15957021,7.996568055,5.034626225,8.847838932,6.4970241060000005,5.37073751,6.402874167999999,5.052630738,7.390427669,5.598747313,8.114011657,5.511852782,4.897979253,5.507905119,4.536293378,4.875413443,4.290743096,6.461321272999999,6.715975808,7.2153369760000015,5.755598452999999,7.47280029,11.02730793,5.443701507999999,4.6127299289999995,6.861131134,7.583613467999999,4.652456265,6.9293406210000015,4.732947578,6.958004777,8.29403347,4.90748459,7.481996745,9.091452775,8.204906614,5.741285284,8.802906869,6.428653317,8.368052882999999,8.492165179,5.248801922,5.863990518,5.639136412,5.862467633,4.882989067,7.114008457000001,8.082603092000001,4.690814377,7.285857315,7.320758047000001,5.4627725929999995,5.00460421,6.180513027999999,6.954288654,6.06538784,8.113059577000001,7.730653266,7.4893468410000015,5.74437226,5.208793355,7.245645597,9.412565927000001,6.130252785,6.471244032,8.316313206,5.687845633999999,6.9516435770000005,6.159203784,5.51544592,5.319563626,8.432106688,7.07083247,7.640022632999999,6.784477229,6.128621085,6.728392949,8.112246432000001,5.449545027,6.7326107639999995,4.926277385,7.443092495,7.377849677,8.045419546,5.769309223,9.266944661,6.4884140860000015,5.212826134,6.035814003,7.7146268870000005,7.195582722,6.680828914,8.43331268,6.8359341910000015,6.872657203999999,6.185372178,6.020043544,7.048924332,6.439546226,8.900956033,6.317324022999999,10.20504472,5.381582572999999,5.393992398,5.566302514,10.06964081,7.507132493999999,6.301476125,6.616266115,4.572022598,7.782885019,6.138979802000001,5.85502014,5.240553382,5.706342867999999,7.973275611,9.259936745,9.216038679,6.867657446,8.311252084,6.868651367000001,7.3593069710000005,7.3534335870000005,6.916516764,7.78015881,5.786803711,7.798265936,8.533321373,9.021019512,8.617996527999999,6.5855388989999994,4.661497348,4.601253648999999,5.132001679,7.545107729,9.352492796,7.670480082999999,6.036228106,6.857401229,6.393015501,7.4082506760000015,9.379424159,12.32992484,4.823402232,12.81585995,4.925324033,5.7320245089999995,5.561082711,4.526467321,6.296002155,8.241074441,4.423739797,4.341388545,6.784552929,9.769910333,7.593538708,7.525699899,8.787406464,8.983043647999999,5.6552837270000005,5.775140801,7.03544428,6.814657762,7.953558554,6.071206987,7.544465934,6.108396282999999,4.477864555,6.101232988,5.757462478,5.6018965010000015,8.145411332,7.8692976660000005,5.454809909,6.5911395729999995,5.542561347,4.607433326000001,4.697766051,5.043430254,4.36194964,4.786052767,4.716666741,4.810935013,4.916650177,8.926447154,8.624608300000002,5.061354205,6.11046741,5.687936016,4.832727126,4.7068470719999995,5.574318664,7.518359977999999,6.902908213,9.783735115,5.363832816,5.97688963,5.141545503,4.705465579,5.267913254,6.723613137999999,6.564454745,4.962264526,7.937933528999999,5.494424146,9.441531392,5.171516071,6.368912965,4.768977945,4.592269858,5.377686762000001,4.728898031,6.766877631,5.039417578,7.680947374,9.382871158,4.364108596,4.985862256,6.101112595,6.211260066,7.443231093,5.407194324,8.624577894,6.858240706,10.13089679,7.502348725,8.343720004,8.96259621,8.097994906,8.44714149,6.617412926,7.892730356,6.7924410810000015,7.215989645,5.965638642,4.562670778999999,6.515265858999999,7.490217031,4.890064016,5.50307157,5.418014192,5.9805856,4.739157045,5.11431957,7.890329705,8.855776118,7.694793318999999,6.633601893,6.8340253529999995,6.174919383,4.739932348,5.714116882999999,4.865162686000001,4.76342044,8.842475775,4.365342534,4.795490706,9.498292937,7.0478048960000015,6.10117245,4.403795579,6.893625925,4.4118517289999994,6.812062731,5.24057934,7.280950301,7.279883672,8.655320846,6.575390835,5.2931145939999995,4.655549527,7.637765495,7.313104768,6.995355601,4.9202716419999994,7.775431281,7.486675139,8.948615102,7.476625594,6.359928742,8.479946768,5.641710955,5.382061124,5.605229659,5.4266708679999995,9.268021422,9.233436613,6.296072915,4.665310839,4.769654473,7.741264094,7.295070475,8.694152005,4.703188514,4.73137228,8.302395982,9.589908413,5.02483017,7.8751290260000015,9.554254401,7.996915411,5.073759293999999,4.996063821,6.028797129,6.718370799,6.520389487,4.804730512,7.009454946,5.69158257,7.614257169,9.43343236,6.2694017460000016,5.685989747000001,5.189859342,4.318528115,6.205628982,6.864317047,4.977732468999999,6.801875676,6.379296404,7.465328396,10.68098878,10.20422249,11.03713673,8.575320878,7.2375769389999975,11.12521411,9.452257348,8.447606115,7.068338011,5.531425389,6.29291329,8.751102793,6.148215037999999,7.820360544,4.983576857,5.395988377,7.143778747000001,8.807778597,4.44578936,6.9422162279999995,8.046113507000001,8.185623235,4.479437112,5.429372829,5.225641677,5.40635653,9.904297866,4.760438996,13.21365963,14.04399296,6.179690399,7.317390355,7.654732461,9.276246399,9.927301976,9.095603859,6.906418691,6.636219003,5.777721504,8.03905262,5.199403117,7.1911385060000015,9.110071831,5.713084212,4.755315989,8.192638067,7.307062595,8.916503766,10.500537699999999,5.277852091000001,9.670309726000001,6.59853266,6.865779507,8.763052978,6.212970972999999,5.726540881,6.4830062029999995,9.188995015,7.024908383,4.444937755,6.8087699829999995,6.912405784,13.03482453,7.6772387029999996,6.523648737,7.318174152999999,5.559040573,6.5103868060000005,5.146776313999999,8.453039052000001,7.927180521,10.63755358,8.27583208,5.928761242999999,8.298536544,5.708766175,8.224036112,9.299234846000001,5.93555323,6.379356809,6.066986377,7.307184427999999,6.945203962999999,6.199280129,5.363093172,7.007375679,6.605539922,9.118548002,7.505895602000001,5.893262593999999,5.17024385,5.630679413999999,9.398298573,7.3857299770000004,5.560797935,4.731213039,5.066541125,9.228349003,9.309733629,5.019317625,7.716850031,6.519214325,12.83227933,4.870987565,6.790473669,7.168289328999999,4.845528261,6.578078577,7.015386017000001,7.529372865,9.203012141,5.484610617,9.473441216,5.324563533,5.732609931,8.336984847,4.924556245,5.916140738999999,7.322960307000001,5.076560008,8.909155152,9.148088334,6.845693193,8.585230357999999,5.064816158999999,11.93149863,5.624558396,6.566565825,4.471495029,6.3211837110000015,8.073890824,4.828403741,5.788047626,9.157879863,7.1412064179999994,8.603444676,4.372123707,5.9176570889999995,8.094267894,10.06853187,5.318289878,7.783592089,6.623214377,5.072958995,6.9369175310000015,7.467304247,7.628553847,12.04691509,6.407246455,5.984853556,4.769200289,9.24079399,8.643519688,8.393519035,5.723229633,5.536520601,6.126867283999999,7.336186783,5.053818764,4.853436576,5.123748687,5.627458017,7.2356939160000024,5.439165781,4.887526853,6.009773751,7.596793203,14.02962029,5.838318323999999,5.863296922999999,6.301831883999999,6.731944745,5.17387308,4.835868541,6.183070763,6.08954038,5.93455281,5.4458257439999995,6.74320556,5.611829361,7.418318977999999,8.165669609,5.714627999,12.50580816,5.603057636,5.294750402,8.520960934,6.8092225410000005,4.950667775,6.002745362000001,4.484269885,6.237674939,5.0761826480000005,6.018643624,5.978812415,7.604349087,7.111170129,7.87325726,7.658372657999999,5.0209045969999995,4.17489039,8.439847839,7.421242446,5.354989235,7.375963262999999,6.190145287999999,11.26120273,10.7500283,8.795989335,7.997413855,5.619281189,6.487996552,9.515781328,5.43954116,5.452216445,6.154555443,5.224540115,5.395071102999999,6.787386457,7.975265396,7.413251548,6.7197630660000005,6.443936817999999,6.031281456,6.498953908,6.593576112,6.675671212,7.841119326,5.419690623999999,9.362507968,7.161481741,6.429778861,9.347164662,5.6808227229999995,6.6371404689999975,6.931560366,6.551670495,6.257415394,5.162116518,9.980327603,6.874553822999999,4.837028045,7.127014,6.4717973639999995,8.435752102,4.613670225,5.345079833,6.733900498,8.161269613,7.7485334639999985,8.492169164,7.309976377000001,6.342043971,5.103586048,4.91406744,4.652400275,11.32268758,4.812456313999999,8.670946212,7.169802344,6.265072977000001,4.6556931939999995,11.01649095,5.880747653999999,7.45823126,7.209433763,5.761698047,5.894761114,6.492072221,4.626298574,4.7687151960000005,7.484842939,5.83456608,6.90915846,5.057366238,6.690069414,8.280477355,6.32452735,8.600904819,10.62871395,9.094848205,7.233059582,9.621776987,11.02367792,6.349988569,4.797932459,6.528808996,5.386894357999999,6.662483094,6.001574205,8.714568658,6.356030538,7.433460137000001,6.5352050120000005,5.618376026,4.624338012,5.153025703,7.233646498,8.161926882000001,7.181744817,7.236297828,5.42748054,5.2267540619999995,6.482587499,4.819385476,6.534103375,6.6107444310000005,10.22120325,10.68831166,4.385573681,4.83398048,6.5008605610000005,7.0902443239999995,4.7568136889999995,4.080157915,7.65801647,7.982765316,5.776629647999999,4.419595289,5.049290114,7.001724227,6.991261278,5.513399188999999,6.277013854,6.747357121,4.9347583760000004,6.409848909,5.546247567999999,6.046290567000001,7.235040406,5.320747449,5.331262357,5.855207900000001,6.069988502999999,5.63318545,6.142360981,7.582832517999999,4.179136109,9.187360894,4.544650561,6.877137817,6.455489012,6.777285158,5.595771653,5.071100004,4.684647518999999,5.081060894,5.683690829,6.200430451,7.556824983999999,5.8800395420000005,11.32584034,5.6736500360000015,7.232424162,4.549951302,5.8264697010000015,4.4195598480000005,5.662846947,5.574215952,6.079310808,7.626620827999999,4.472888028,5.523273652,4.559197562,7.744768485,6.476417975,7.580464434,11.72005118,5.039351295,6.888086932999999,10.16318109,9.015902407999999,8.369266742999999,5.502208249,7.1180161779999995,4.270002957,4.754453235,4.8120005919999995,4.833651855,5.011228498,6.846926064,9.430013621,5.882321717000001,6.203535717,9.670787504,5.991879869,8.920904725,6.156220374,8.401487833,8.498269192,5.944929012999999,9.169280378,6.6023793410000025,5.481843021,7.051380282,5.04308136,7.082828115,6.5834618670000005,8.331862875,7.37458871,7.1469545010000015,6.183583425,4.690889258,8.01294946,8.281929478,5.095416717,4.50007232,5.671099661,5.90459141,6.3566702070000005,6.40454729,6.232235652000001,10.34111891,6.996944587000001,6.357638661,6.8146911160000005,8.420214054,11.21232426,5.038693776000001,8.520566079,6.3728554860000015,8.411834942999999,6.621232572,9.15270772,7.500624264,7.808656487,6.979945505,10.85421122,7.455185822000001,9.439064287999999,4.78873767,5.801973345,4.400920199,7.389273997999999,7.127506704,5.89929377,5.278060003,8.816160423,6.948438218,6.554532152999999,6.9585323510000014,5.030501297,11.67444482,5.226900951,5.8356833539999995,6.727651132999999,6.566038467,9.261484087000001,7.0150715429999995,4.845426455,6.136494839,5.557294203,8.663802056,5.4197096610000015,4.889084421000001,7.148251639,5.5077537439999995,5.832792535,6.235935143,9.456177027,10.01793514,6.336572469,8.07882122,7.961308886,7.445081355,7.9544903310000015,8.159837179,6.985993102,8.131133944,6.660265159,6.244805363999999,6.354548382000001,4.772672957,7.851425495,9.542031465,5.2194299719999995,6.237651082,4.947507002,8.806589153,8.059403468,6.42034102,5.795186974,4.338912288,5.415177987000001,6.782258268,9.116970081,4.966776539,7.044816497,4.986509661,9.053853596,5.895589396,5.991793907999999,6.042977658,4.481059073,6.623644989,5.514584585,5.43472652,5.2427079569999995,6.480078224,4.68838615,7.205595849,5.608079851,5.503405017,10.75443658,6.7134948539999995,4.571875889,6.1686804429999995,9.26683013,5.296298232,8.590900357999999,8.23949559,4.409564135,6.310945727999999,5.8850238820000005,5.683750087000001,5.565222979,4.628767346,4.965162523,6.207749691,4.945533675,6.598754351,7.8599599829999995,6.585936969,7.152433292,10.02104073,5.258338339,5.101417553,7.036263138,5.6321632410000015,5.435419232,5.7670152360000015,4.453184329,4.39048111,8.678369352999999,6.330902846,8.496664682999999,12.42436045,4.649332288,8.949945537,6.066196428,7.659033513,5.015230177,4.473461808,5.934610738,11.75389531,10.28287406,8.241815195,7.642977228999999,5.384706785,4.800696805,5.6934121289999995,7.146392682999999,9.27825604,7.391407282,7.8515819539999985,5.352170056,7.666940941,5.925187386,5.234207103,6.070877384,7.223431729,7.430760542000001,6.292402474,6.868660067,7.4539144020000005,6.755660764,5.650305792999999,5.784142472,8.173094669,8.350628922,9.110551561,9.700618301,8.152270137,10.34390032,9.039385084,8.721870337999999,7.722797944,7.8940285060000015,6.160600095,10.1354179,4.5927438789999995,8.397391916,6.359273815,4.599267258999999,8.852459352999999,6.464309338,11.46950154,4.410319843,6.557592333,5.867686394,6.317478799,6.191466613999999,8.264289672,8.565379549,7.477648855,4.45900713,8.209666198999999,4.39694642,8.025518111,5.0258323030000005,5.745312825,5.788978329,5.9256659,9.738111053999999,4.965269097,5.671604637000001,6.849007643999999,5.075390683,7.025691972000001,7.63823544,8.794794605,7.757427957000001,4.25756135,8.001998958,8.4673428,5.545366771,5.430048861,5.081945056,6.7635388270000005,6.607678074,8.530615762,4.75945937,8.960919192,7.357237483,5.734780957999999,6.390436782,7.730890692000001,6.6322624029999995,6.064386344,7.828095789,6.915756332000001,9.561036247999999,7.214998262000001,4.213195995,6.976694424,7.3445813829999995,5.497170497000001,5.263750407,8.618324756,5.344809791,5.206727955,8.801316992,8.018918845,7.218036427,8.070646434,9.309106153,5.688104196,5.378473604,9.970358535,9.133457669,5.615039756,4.419277211,5.152739858,5.172570169,5.226703387,7.454058527999999,7.997499737999999,8.844225514,7.031468384,6.815699045,6.77050034,10.55605107,7.393180911,4.80839369,6.285792185,7.479713844,4.602375996,11.84205461,6.137253969,9.600338706,7.588042084,9.116003033,7.550573327,8.002077486000001,9.280823095,5.988699774,5.285961267,6.4497729889999995,4.353819967,7.988503121,7.475606252,7.731964558,5.589297771,11.59139887,7.75559663,8.042798067,8.914109391,5.869647109,5.68186873,5.316514767,7.148199475,5.303254587,5.4856167760000005,6.399044879,7.81640383,7.304098346,7.279991017,6.705962726,5.593935815,4.82543522,5.175130687,5.6743351539999995,6.341053401,5.521433131,4.40135156,4.069840226,5.123659151,5.204267627,5.20970514,4.5908152069999995,5.617032772000001,7.337480802999999,5.8054454060000005,6.587648637000001,5.86296469,6.939654831,4.679658979,11.06966639,9.449557636,4.738270834,5.947991742999999,7.146481735,5.309210537,8.583365642999999,4.503651921,5.319668359,9.549887353999999,6.449545218,8.202031538,5.657760306,5.495874954,6.685027737,5.846460757000001,4.202334414,4.487399872,6.972912332000001,5.34434333,7.880836211,4.74110038,6.654581385,6.494159302000001,6.809439555,4.5645960169999995,5.434073385,9.99087645,8.493274187,5.550620285,6.986556462,6.337767303,7.243800221,5.8081631960000015,5.993970751,6.648063336,6.334177057000001,9.70534655,9.489948803999999,9.636475916,7.16746605,7.852614847999999,5.111675853,7.095071462999999,4.714591915,7.9991337520000005,7.18985853,6.204063493,7.0865880039999976,8.557742637999999,7.589957711,5.140520334,5.269688013000001,4.894119305,6.1846715360000015,9.594429017000001,9.906965092,4.819320929,5.6991621939999995,5.950962264,7.938442961,5.928869547000001,6.4666592760000015,11.01853087,5.143335378,7.861375568,6.698545633999999,5.337513133,7.008840137000001,4.590784438,5.942874463,5.843490137000001,5.227557904,5.414295813,5.247775798,8.968411338,11.36114321,5.656069402999999,4.268572173,4.737791057,9.919117421000001,8.519279739,7.774070921,6.6662155510000005,4.490582871,4.272440233999999,7.4005141939999985,7.003357882,6.984655589,4.90135603,4.7369939169999995,6.596541002,4.617412683,4.918217567,5.086070095,8.586066801,9.074621302999999,5.068056102,5.84177145,6.811170721,7.975317255,5.964880421,4.592302228,6.352354602,5.329032928999999,5.504747561,5.522474956,8.867113832000001,6.5907528110000015,6.507133235,6.800523484,5.740095977999999,7.406185446,5.093645396,6.192189162999999,8.915259625,6.5996284260000015,4.876355611,7.700291826,4.729282883,8.10374402,7.900862525,4.798501035,9.502881643,6.3558193439999995,10.15703222,5.173785501,6.023775204,5.607057919,11.81260082,5.963688445,10.15811681,12.28566716,8.039109652,6.540099796,7.459396882999999,5.855647481,10.9414198,9.400767898,4.873090383,7.955180536,7.154021544,8.530785527,9.205398519,6.654334092999999,10.61573847,6.223807817999999,4.984079877,8.658302907000001,8.845010398,5.729027632,10.39317211,5.677960556,8.266654991000001,5.333644673,6.3911105820000005,6.9803231729999995,4.787486341,6.209491732,7.024333399,4.297395205,8.223825741,4.8478685619999995,8.571677907,8.593653518,5.715301015,5.068825034,4.633442227,10.61966661,7.453457812999999,7.140656149,6.97093445,7.260208615,7.546753394,7.272213428,9.927361487999999,5.915485515,6.7759616110000005,7.504203353999999,8.20723043,5.925663064,9.430460295,7.150118544,5.622391264,5.873933438,5.40321451,7.3663816739999985,8.24385629,5.963630869,5.230764403999999,8.815169656,4.554113387,5.234507476,5.853578272000001,4.905725708,6.652484977,5.6131911279999995,6.188277808,9.156976214,7.3393757389999985,9.217475988,9.521987889,8.068837683,8.961029249,5.137709112,7.827721282000001,6.595240702000001,8.701643792999999,7.6206493029999995,5.102454096000001,5.0503787319999995,7.352468977000001,7.31970796,4.497392296,6.380310828,6.968521363,8.342265422999999,5.849118722,5.111583486000001,6.047354365,7.142549653,8.056061785,7.985226346,7.561413009,7.932026229,6.841105353,5.739648572,6.579444341,7.790669164,10.05402075,6.708194617999999,6.707666897,12.88259284,8.896337691,6.735430067999999,8.506715011,11.38016106,10.85026511,4.186892799,4.195903265,5.425789765,6.865439907000001,8.460337557999999,10.02361073,6.972882956,7.600602477000001,7.956536483,5.430982928,4.7224355330000005,6.928363347,8.317453059,9.06905508,5.582457467999999,10.01035868,4.641124507,9.073730449,5.4000748970000005,5.108163072,5.191104289,6.490859531,4.535067358,4.799468658,5.21565277,7.705228121,8.008287232999999,4.631161186,9.352892368,6.767848834,6.751112943,9.467770991,6.6638833360000005,9.887227118,7.363871649,7.921348718,5.673398584,6.030125415,5.083153067,4.752281541,6.710226847,7.77326678,6.7878233020000005,4.937375753,7.959933958,7.2330774920000005,5.349483276,8.15944446,7.091445208,7.465665962,5.987053347000001,5.531227146,4.2803389,5.359874728,10.17560536,6.996796101,5.140682067,11.67054024,5.192275205,10.67891964,5.755719002,6.03052479,5.841208961,5.515385834,4.937422083,4.557994358,5.7312843739999995,5.351612752,4.823666762,5.26137527,6.09215335,4.814450005,6.934794887000001,5.302211618,7.262720718,12.18502645,5.57421987,4.757414936,5.674151859,6.046091121,4.945843374,6.954759475,9.42195583,6.801302777,5.905508697,10.20299823,5.71461562,4.927400405,4.247782337,5.611887126,4.993266098,7.940609151,7.586354696,5.302187857,7.720296323999999,5.9629088889999995,7.055667947000001,5.73662554,5.823461484,4.508680524,7.6951148510000005,8.669527214,10.2959632,5.044319557,4.721300907,7.213716954,5.179530234,11.03814307,5.883863419,8.87248415,6.495107656,6.195447511,5.738216027000001,8.310776005,8.599328468,6.200535062999999,6.258201307,6.950618443,5.741130724,7.76896529,5.717839239,4.5890915130000005,4.980905508999999,5.388798692000001,6.997118209,8.57921821,6.177082048,5.8620252729999995,5.873503082999999,5.24034217,7.008972907,6.192498165,4.577677017,4.252943801,4.1138991030000005,6.8320880000000015,8.703577382,4.874037112,6.760239058,6.533225848,5.6932358039999995,6.253744844,7.03706323,10.25983853,4.882737654,10.62084132,4.9517642969999995,6.021071915,4.826649762,11.28103155,4.41299449,7.685116308,5.15850098,5.825605362,5.430279998,8.698009196000001,5.75298744,8.242090961,7.972641287999999,4.470670375,5.340622309,8.590171955,7.133089469,7.318046402999999,4.488409834,6.785787826,5.779555611,9.195815831,7.154597721,8.098717158,6.654294362000001,7.495057774,4.80063513,8.972442735,5.260232998,5.310305444,7.364486787000001,8.395928992,5.067530411,9.175536486,10.90544646,7.083427358,6.667242398,4.905443562,11.11049275,4.652071871,9.124758647,4.71347533,6.194040526,5.243137512,5.031570643999999,4.876542082,6.322978377,8.373949073,11.59104828,6.632254382999999,4.884810507,8.023811734,8.207719212999999,5.792850527000001,4.455685926,8.112423698999999,7.711585931,8.931185117,6.373120472,5.2871060739999995,6.213943133,7.759552346,6.98281629,6.706640724,4.683255309,5.128560772,5.078741088,5.6765125339999996,6.509895185,7.126634075,7.837170634,6.927865216,5.221287127,6.960422137999999,7.612230017999999,5.543466821,5.626577758,8.871929026,4.795344986,6.6465029929999995,4.87434213,8.977907373999999,5.323429774,4.813148579,4.838174853,5.716323963,5.787499285,9.465791579,5.750666549,5.476872079,5.713769494,4.514437268,9.535887726,8.501953054,5.822959902000001,6.381529966,5.6072266420000005,6.789601998999999,5.8235111129999995,6.97422336,4.503711287,9.835429015,6.5616020760000024,7.832889845,4.2332485160000015,5.119632889,8.332854437,5.237814602,8.596736191,10.32646464,6.1380533370000006,10.38611246,7.532449217000001,4.957474314,6.559659318,6.601814528999999,4.279522167,4.848721739,7.304982884,5.038858142,5.335553956,5.093190122,5.042560684,5.608959337999999,6.2502972560000005,5.8382605629999995,6.859424926,6.074844286,4.534396895,6.357432686,7.664864323,4.73496446,7.191280326,5.661895839,5.558178476,5.545522365,4.667801517,8.02056185,9.145895032,5.371838755,5.081590361,5.126803048,7.157576884,7.009551339,11.14001777,7.892393179,4.140638471,5.440010028,8.157671673,5.308428534,4.311006707,4.727372046,6.716577111,5.160912776,4.27679354,7.928609363,6.1627449,10.81221292,6.486687099,6.068056843,6.254765592999999,5.94569125,7.258381999,6.70292213,5.477756756000002,5.499413515,5.649588,7.249431183,6.63796155,4.892994463,6.221081785,4.965516401,7.6045200920000005,4.718475051,8.339432943,7.1871287420000005,10.36844015,4.663687144,4.407191302,7.056908046,5.5073538960000015,6.031460017000001,4.805583382,10.05797048,6.9008613510000005,10.05910821,7.574598677999999,4.815793153,5.301472562,6.68201473,7.692046697,6.752206158,8.972293605,6.3126495039999995,6.349942712000001,6.0750923839999995,6.966118117000001,7.415323586,7.024747071,4.285155968,6.760142758,4.821927641,4.785199312,5.8342189410000005,7.364182135,5.253810328,4.396997726,7.296336416,5.976381085,5.495276401,6.054973671,5.290796108,5.08693913,7.603922464,4.3784606539999995,5.051759766,4.831896789,9.692998307,6.768773907000001,9.508883331,4.521718374,7.347211202,5.326506708,10.01020368,6.823421727,6.231044279,4.859600391,7.628803549,4.947387968999999,11.45027121,9.148471215,5.971752385,6.5824630410000005,9.648083657,9.861365311,7.693188782999999,6.530833951,7.711625109,5.714374072999999,10.71827971,5.712912604,6.111353546,6.540014322999999,8.098792661000001,8.498264133,5.838782386,8.104023067,9.342506803,10.22074953,4.512715407,5.175920681,5.500514335,4.807062952,8.399995563,4.811367662,9.834121631,8.325662407000001,5.604840514,5.278295156,5.483234293,5.675970883,4.332405501,5.860878832999999,7.844459756,9.000816807,7.049829536,4.990829651,5.809024854,11.48355736,12.35401926,6.222020729,5.078889428,6.2321421070000005,5.304596125,4.2921990889999995,8.024736401,7.169402265,10.38474224,8.514897955,6.287830682,7.741506375,7.109640095,5.437212227000001,4.8253376789999995,4.851641613,5.216800692,6.5891304129999995,6.864094562000001,6.041782744,5.882052375,5.812045366,5.5527202739999995,6.650373871,7.470223797,7.608076466,5.700181477999999,4.3990275919999995,7.936355835,4.275451973,5.165213631,5.688491459,5.681661752999999,6.385702035,6.531408421,5.512922275,8.954396877,4.941941474,5.365509239,5.909331356,4.817531218,6.858964384,4.801862073,10.42399767,9.842162624,5.627400777,5.577043447,5.312259499,5.564459314,7.470536748,8.420973423,4.43900202,4.515231899,7.1403222379999995,8.589988553,5.4375686089999995,6.372567413,8.634132506,7.601223363,4.773986976000001,5.6178517060000015,7.120718373,6.149979276,9.955179196,8.53805366,4.609920273,10.08646783,5.193069979,4.588730792,5.147286684,6.198822389,8.675167529,5.17229103,6.873159516,7.813429687,6.857944292000001,4.848598602,6.315250355,5.125391497,7.631319069,5.36570816,7.222083948,4.928690587,10.82668645,9.820610176,5.219223686,7.29752634,5.155191542,5.101041498,11.38191037,6.235892699,6.496898165,10.19181263,9.382263402000001,6.32172572,6.082549617000001,7.438267907999999,5.015892739,7.284459742999999,8.892904042,4.211289064,7.633417944,6.342581778,7.654326202000001,6.689176201,5.84468593,6.578128714,8.271265306,6.212092875,8.421615601000001,6.704475612,5.860053937000001,6.561846787,4.972138313,8.604386265,5.844510093999999,9.009004666000001,5.178707986,5.973607071,4.975535109,5.199770684,5.023458651,4.834247421000001,4.891177633,5.211937287,6.517828827000001,5.26293959,5.031573542,5.610948098,5.868620394,7.252327216,7.403621621,7.238603104,6.461756502,5.810767909,12.35276978,5.541408504,6.3151550489999995,7.880332049,5.539360137,4.202739674,7.490742278,5.418804495,8.900451896,5.191263496,5.176126593999999,4.440214975,7.426499954,5.835226627000001,6.596074354,7.158037525,5.784657009,5.59810468,12.76021273,6.804429207,4.2592464460000015,12.39878294,7.585810342,5.7252742539999995,4.470577629,5.652147126,6.197222312999999,8.647697435,6.0737942,4.9110382260000005,4.5980900689999995,7.671799339,5.687957872,7.7308845370000006,6.74978863,8.006336713,6.149099541,7.359855382999999,5.455484014,4.87814304,5.938572289,5.743834044,4.834769106,4.557775423,4.680579175,9.466082992,8.209556335,10.00564449,6.370786819,5.830102612,5.653628932,6.847887657999999,7.697493763,4.881147619,5.837840278,5.576284575,5.868408596,4.826802302,7.933755199,13.05510314,4.278280672,5.369699128,7.0904988410000005,4.275852642,8.029749146,9.35610749,10.079569699999999,11.45646043,7.271362661,7.370130876,8.277469422000001,7.266049093999999,5.32130751,6.056291794,7.24792798,4.923133366,6.628814042,6.1657842610000015,9.629544141,7.086143927,5.010085012,5.586225555,4.88632824,5.709199571,4.422834368999999,5.795759549,8.213208682000001,8.294670227000001,5.571625386,5.6521837029999995,8.916332622999999,10.35584199,11.125259300000002,6.390296383,5.8114102370000005,5.88460234,7.238646072000001,9.465921572000001,7.34722503,7.668714232,7.128726914,5.0640574019999995,7.688814953,5.277136076000001,4.619413641,5.621694767,5.307178223,5.1404617969999995,6.576974882000001,8.565427297000001,5.256683442,4.0826850630000004,5.38090456,4.438996714,4.5969684719999995,6.405913684,4.939438255,4.979449106000001,4.535800171,6.843735307999999,5.441062313,8.308413974,5.8186167860000015,7.518170329,5.968909244,6.169793219,5.855428193,9.499262603,6.863795426,4.631623964,8.131341217000001,4.543148683,6.600211423999999,7.940435898,5.775556532,7.683529092000001,8.394134635,7.927514029,8.179972781,8.252602484,4.949076819,5.381786311,4.4054862,8.404972416,10.65424759,6.032857118,7.793597411,7.096681707,7.198454586,5.9265166979999995,4.858502952,6.7988088289999995,4.853091723,5.055310307,6.2023289429999995,6.6449502910000025,6.143696992000001,5.746118878,5.697682746,4.9143639839999995,7.6743544739999985,4.683900817,7.151313805,6.4285475660000015,8.57354933,5.305415473,7.666779149,7.645395255,5.3293203060000005,5.050000743,10.0070238,5.811253557000001,5.39905649,8.469443028999999,4.323826736,6.168958797999999,7.99515265,5.788081802000001,6.086926442999999,7.315467331,8.766183448,6.374714177,7.38735023,4.987772403,4.245595263,5.054827811,4.759431271,9.782397203,5.314878556,6.257479752999999,5.98644646,5.024519273,8.211301548,7.37038097,5.5842546220000004,5.477215084,4.983673433,5.625431721,9.191475785,6.973511866,9.320379373,6.185119498,6.4070175260000015,7.736794887,5.521666217000001,6.14265812,4.912750681,12.87599743,6.124280385,4.3657508310000015,6.954423695,5.335084075,7.160117249,6.743471832999999,7.623071702000001,4.766359205,9.315124804,5.866954666,10.04481733,4.403326458,5.521424777000001,5.165366562,4.955054217,5.010975727,6.7798810739999995,6.3923917260000005,7.658391802000001,11.538755,5.803622219,6.773826484,5.697444031,4.928899152,7.419501222999999,5.41863183,5.944988717999999,5.65174313,7.762742458,6.149573837999999,5.124597249,4.584760145,4.911744961,8.433100021,5.4188866639999995,5.110328629,6.018308311,4.816406419,4.847874492,5.088904298,6.565916818,8.41548011,8.456004228,4.842011724,6.944010124,6.234963235,8.604137573,7.524863048999999,6.283564048,6.284855061,6.3581648479999995,5.207788876,6.325751341,5.8544084629999995,5.081878951,8.99295251,6.2536003220000005,4.344864329,7.730312822999999,7.352574122,4.532647492,6.156972885,7.543682578999999,7.789972931,10.66208289,4.8523660710000005,4.712408478,7.584432427,7.995651153,7.345436302,4.796851636,7.928450939,5.677195959,6.802804748,5.724543411,6.084690129,4.984439514,6.9800262910000015,6.7102230579999995,5.6365190620000005,7.8651558060000015,8.085540952999999,6.025241049,9.798498666,6.34890528,4.870817016,7.362216011,7.7347171,7.518898106,4.642666965,8.067501349,4.330973335,8.98540391,5.891958058999999,7.702395049,7.033504656,7.200616274,4.2692458910000015,6.5417837410000015,7.2424325970000005,6.5839342510000005,4.667454029,4.1742223869999995,5.999786114,9.552568522,5.069357025,6.460936165,7.784144078,5.64260659,6.0284018060000015,7.771164757,5.281442949,5.622487099,6.4775839170000005,5.42652021,8.65060331,10.31984221,7.518429717999999,4.192223376,5.405079023,7.886115697,5.9155244960000015,9.597075588,6.797433361,4.571960206,5.376108602,6.343462242999999,5.169848198,4.585138801,5.954461692000001,4.468619562,7.039031886,5.059485491,5.306888557,6.530313437999999,8.970179099,8.40128126,6.941573633,7.18563397,4.6662562439999995,5.307407773,6.922085605,5.539523419,5.678584312000001,9.190532314,4.923942923999999,6.28655911,8.360531457999999,5.49817788,7.601112818,4.633401208,8.180211106,8.242063225,7.559007382000001,10.02631712,4.8239853319999995,11.33634973,4.450757277,7.184730603999999,6.99373388,4.679198101,4.501435431,10.53835797,7.265492068999999,6.593941015,6.3313409279999995,7.22608955,4.936646214,7.0047182810000015,8.882186738,7.8934109810000015,8.017301045,5.141659801,5.897616827,7.913486685,8.190354427,4.488443072,5.205242128,5.396280399,5.287651477,4.836460961,5.648314506,6.8968971660000005,4.607267712,8.00079713,4.779591492,4.904712153999999,7.964692886,8.161402246,6.595518124,5.565924232,7.757681132,7.152648869,4.800244351,7.59824377,8.04463157,7.329484575,7.4236680339999985,4.683754223999999,4.718589892,8.452718091,7.644813721,5.936192514,8.701875255,9.283387527999999,4.930191703999999,8.714245834,5.329192239,5.070290544,7.395709844,6.641953689,6.782357779,6.449977256,4.806631843,5.131607726,6.57473457,5.112893315,9.337176964,4.38490655,5.092693882,10.36079501,7.117967899,7.3488042,7.635913648,5.795569479,8.193731534,4.147231913,8.469623848,7.0229672039999995,5.1389728880000005,6.0147054760000005,4.951420359,6.2675931579999995,5.696047502000001,6.020162685,5.699590762000001,6.529281532000001,5.895880644,6.522037856,4.4427456780000005,8.34563347,5.116780556,7.401170549,4.336038745,7.174277035,8.896475251,8.005752569,7.893253425,8.954704223,5.6775230310000016,7.656457487000001,4.492467714,8.237502476,6.134863289,9.728680949,11.48644165,6.134233313999999,7.3621297110000015,5.410768462,7.617290661,4.302193157,8.693381453999999,6.074549635,8.198138703,6.799051812,7.734161665,4.832197468,6.32543462,6.005859244,4.398422353,6.133934603999999,5.240999013,5.033590611,5.690621095,13.21519503,6.636512139,6.474432928,10.16680595,7.810163524,6.143929368999999,8.299873426,8.040707043,8.255200519,9.353140243,8.927150166,7.058539013,7.047682204,5.205493788,5.5682692660000015,6.460864554,8.264836079,4.288779562,6.107659462000001,11.48764651,5.390830547999999,8.408040405,5.832637895,5.540725651,5.240529895,6.874343634,6.322936014,9.420483377,9.485606133,7.841871135,7.297705203,6.50380241,4.28136699,5.430531403,7.6011847470000005,8.448449787000001,5.553807837000001,4.486248524,6.587320581,5.575636821,7.285205811,7.465486012,5.211896324,6.242011682,6.35443021,6.1289234839999995,5.491547862999999,7.342542777999999,6.371680875,5.966730962000001,4.770058592,7.152138937999999,5.422649312000001,5.1757379839999995,4.19535706,4.804373988,8.571980762,6.621381307999999,8.517078198,5.910716633,7.6113028310000015,5.7223830389999994,7.893967779,5.995898897000001,7.084932134,5.810774747999999,5.218355911000001,6.3601408410000015,7.75778555,5.932526967,8.719652252000001,4.450349227,6.209337256,4.416661284,5.71741423,7.640525692000001,11.69144448,4.741305551,8.506718457,11.84503583,6.8393669379999995,6.219102542999999,7.119473361,7.035659764,7.004844301,6.078677806,6.698111063,8.330097076,6.3266592379999995,5.847321872,8.920093853,6.497406655,5.784921174,5.325248325,7.015486192999999,4.600195398,7.752756064,12.30377488,5.2564592910000005,6.688457372999999,5.898365605,7.893858312000001,6.299768877999999,6.900171877000001,5.690494581,8.833992531,5.007070488,6.092589244,7.319127707000001,5.694647454,6.715125147999999,6.865285199,4.825225678,8.133291946,7.2264088179999995,5.653849927,5.1934420160000005,5.24112367,5.191392,6.6625348970000005,4.668452234,5.499004612,6.864835848999999,6.703293658,6.575767615,10.16497967,5.435517582,4.736889706,5.692774534,6.650815691,6.2689737,8.366943793999999,6.842782091,6.093950456,7.326577202999999,7.587387647000001,6.035303884,7.03743974,8.233534762,4.929969021000001,5.815729784,8.089148518,9.083728987999999,4.1138491460000015,5.7627681289999995,5.247282166000001,6.063512652000001,6.458983722999999,6.756001165,4.536724746,9.571385101,5.752374457,5.9589224839999995,8.205160591,6.382084084,7.197837034,6.308477826,8.78656277,8.136140703999999,7.22704546,8.615329722,6.005084779,7.428361207999999,7.213394619,8.087155274,5.900203457999999,7.799691507,11.66666354,7.365168177999999,4.76936833,10.15358217,7.063338077999999,8.081797212,6.906332065,7.047562135,6.28002381,5.147766644,5.484111381,5.65396883,7.745063036,7.342799648,5.9723376770000005,6.885963843,4.665853313,5.0109085669999995,10.10485917,5.1298824739999995,8.904445849,5.3188425960000005,4.404855803999999,11.18103516,5.217128536000001,10.32676981,5.348217072,6.59021405,6.230802075,9.633212854,5.721713144,8.091207426,9.10953854,6.460757822000001,7.289850922,7.453560112999999,7.5038059729999995,6.776102196,6.019892845,6.162266186,4.4890272000000015,6.926629985,6.03029751,9.142829082,5.43258978,9.602174247,7.69847601,7.965507016,7.159339827999999,5.993937186,8.089516925,8.627100402,7.4233527289999985,8.09860849,8.707538287,5.363525321,7.752427467,5.02621269,6.257825344,8.035348707,9.513199108,8.186701669,4.433710243999999,5.620776547999999,8.316650183,7.77303898,5.463007336,7.344189419,7.926615512000001,10.0754038,7.283537442999999,5.470395902000001,6.032278985,5.888442341,8.004729328,8.392281495,8.593489672999999,8.216847739,6.05579883,7.595710866,6.064408504,10.5772583,6.687164787,6.8219786870000005,8.126296349,6.075140721,7.469309053,5.49352102,4.221410695,9.994911404,6.779465184,6.5305765,7.575736846,5.296437269,6.793282972,5.41690303,6.429978221,7.18274498,5.4500639920000005,5.7773296610000004,5.235925451,6.463125558,8.044009997,9.750831665,3.813668525,5.327194585,5.677607148,5.80295889,7.957001859,4.774286378999999,5.4176195310000015,4.3989192919999995,7.778565703,5.285286816,5.115507438,6.724929241,8.940066879,4.688644738,7.499636897999999,8.209415577,9.721185902,7.346088615,4.963900962,4.729272601,8.753383232000001,9.064467547000001,8.672297665,10.43141862,9.787400051,6.312865771,4.531141262,4.817968844,6.839937736,7.513470055,5.60518454,7.866808363,7.409916731,7.886421745,8.955224539,5.76346925,6.355621263,5.003200316,7.2236140120000005,4.782486976,6.2495644860000015,4.8486409010000004,4.774844794,6.9150158489999995,6.2033253560000015,6.402384574,5.501861623,7.437465426,8.759435643,6.04335492,5.746477499,5.499408868,5.799347125,10.31266984,9.13979267,8.18821052,8.436744212,6.83506759,6.9717947239999996,7.560502358,5.99506491,6.847714548,7.083516286,5.459077159,4.729058641,5.939721603,7.215446384,6.584527552999999,4.356994459,5.7626992910000014,6.935082446,5.181558036,8.310216543,5.508183667999999,5.8691007520000005,5.003966134,7.363536346,5.343355765,4.658136302,5.161605051,5.595191802,7.9473019,5.265506307,4.601905567,8.190828783999999,4.877626537,8.875576397,10.52609055,5.184767863,6.907940505,11.64608635,6.561937403,6.152277638999999,4.85318027,5.124996586,6.295701276,6.841436067999999,4.628303282,8.490143993,7.136495048,7.41859968,7.461105762000001,5.652620422999999,5.787895391,5.26722979,5.933354487999999,5.2419101139999995,7.063351535,6.364804797000001,6.314391317,11.77763182,4.96730631,4.657118700000002,7.654941459,5.5976801960000016,5.163443879,7.092090568,6.501921224,8.762242937,6.040906531,6.148298317,5.022076135,6.486405897000001,4.837954374,4.747680992,5.94576049,8.723648962,5.362681499,7.245327728999999,4.896304487,4.8379760460000005,5.673755063,4.8143722780000004,6.3137430660000025,5.4014908870000005,4.671976857,7.445772688,5.562936702999999,6.4548756360000015,11.97958911,5.125806347,8.791130653,6.9454689929999995,10.41241936,4.567506245,5.979013052999999,7.627129196,5.661762837,4.091060499,7.650081809,4.403617362,7.259935033,5.658276663,5.95378337,5.486300489,11.7157117,9.660190077000001,8.26458148,4.814227064,5.066078824,4.695779097,7.621553221,7.332826594,5.244256871,5.808171912000001,5.472628328,5.55935224,7.065792626,7.277646752000001,7.910727972999999,7.799284366,5.868750981,4.533591041,4.972952801,7.1970055529999994,10.98580626,4.858129371,10.85395359,6.062675536,8.663069079,9.584510104,4.902074686000001,4.456365186,5.814802365,10.8241601,6.876624085,7.188207679,9.382954968,6.612529229,10.06041324,8.736623981000001,7.081773909,4.615108329,5.995807523,5.883411578,5.381985082999999,6.474756826,7.677903896,7.665033519,8.065169476,4.759017781,6.095671727,7.656070817000001,7.493033617,6.335237327000001,4.545925874,5.686782148,8.643203192,4.9845795310000005,6.811395724,6.5397068439999995,7.226026192000001,6.220683206,7.851845742,7.052497671,4.484326248,7.3682477870000005,6.187343987999999,6.309843666,7.58426668,4.861834428,8.492099995,6.088702645,7.388763235,6.084548912000001,6.123415672,9.372983955,5.43351962,8.123205061,11.02594967,11.39404578,5.6874612010000005,8.41435956,4.620039026000001,10.23183988,5.479793428,6.997814099,5.779665499,5.7198054339999995,5.98121755,7.7109069020000005,11.26316763,6.413175829,5.64978486,4.620610299,7.52267597,9.490254764,7.936595588999999,6.521325813,6.568856212000001,4.978258853,7.895731396,5.5931899210000005,7.174714974,5.7967458610000016,6.665669554,6.195678035,8.857582969,10.42372451,6.191813123999999,4.890693303,4.0
3,11.50149206,6.442371492,10.06803335,6.963142909,6.355185272000001,4.505605357,8.708670106,5.215859324,4.516068508,6.00094258,4.570771944,10.72197403,5.686403123,11.15289902,6.80146911,7.280425217,9.264126575,6.315970509,4.7461321960000005,8.968372459,4.4031022580000005,7.055727082000001,8.201784479,8.276174758,6.6878140010000005,5.099945352,6.4025454029999995,6.8619766910000015,5.327775238,5.086924109,9.169905676,6.332520677000001,7.255834097,5.15407988,7.7251166960000015,7.1945858560000016,6.3680700660000005,4.852083966,6.030109086,5.0859527060000005,9.090945526,6.182953304,6.46408533,7.3724780339999985,7.443572777999999,7.562455722,5.632205614,9.458288917,6.107286892,7.180064599,4.70077951,6.180118491,6.342723522000001,9.207647722,4.3220868260000005,5.5820590060000015,4.638904575,9.564482411,4.479225634,5.486773769,6.080817861,5.36516649,8.492506169,6.912919058,6.338581211,8.250269444,6.463140937,7.087047044,7.3940686960000015,7.831392153999999,6.335388312999999,13.5181696,8.005862952000001,4.417853148,6.8746792889999995,4.738113684,5.035287448,6.635549515,4.650025679,6.81094212,7.3732038310000005,6.413856415,8.638084422,9.042507137000001,5.273553656,5.664064442999999,7.488676497999999,4.9273997419999995,5.407971438,8.560319865,5.330746971,6.998517367000001,5.24807257,8.531623349,7.795500189,6.114101886,10.23013373,4.389235505,4.317163208,7.0484042879999995,5.454337732000001,6.0064216020000005,6.4053457210000015,8.564987106,7.452004938,9.153700446,9.57436994,4.767665404,5.0284764000000015,7.1580560470000005,4.9751590939999994,5.126707822,4.796996409,6.735165042999999,5.935333825,9.052949647,4.32670593,5.290257243,5.880046843,6.875871997000001,10.854647199999999,8.629766072,5.741546848,8.742215148,7.780149285,5.2821427739999995,4.973961296000001,5.456137135,4.676784881000001,7.379573947999999,5.443773075,10.96838826,6.546830569,6.58209914,5.835749924,8.040748607000001,6.532607877,4.731770722,6.287236872,5.3135597510000006,4.372232695,4.589372707,9.914731286,9.148258279,5.644284422999999,6.348863904,4.936908325,6.065469641,10.26790921,4.728262443,6.9791131360000005,4.731528248,7.200273342999999,5.525224796,8.73827955,6.63257591,5.736863747999999,6.193571929,7.708140667,5.346744183999999,9.101556646,4.770013274,6.886826602,6.292550022,6.777024409,4.7640755619999995,8.893178767,6.802069413,8.907980371,4.965191657,4.35156473,5.958083646,7.25387529,9.170295199,8.207702661,8.34902625,8.033019292999999,9.792479002,7.6076755060000005,4.580852244,5.576925352999999,4.432778325,5.21360975,4.557041882,4.396621081,9.955099639,9.25701749,7.689693802000001,7.15825626,6.037861945,5.155064684,6.463150015,7.0963414160000005,7.4351252510000005,6.205401942000001,6.486973405,7.81797012,8.750490682,6.242774596,5.575816372999999,8.151872376,8.859764105,7.5742523760000005,9.452456485,6.214428539,6.935434267000001,5.637472746,8.262827551,4.736596797,5.449053957,5.088603815,9.873359407,5.9408638210000015,5.816516943,6.2151221670000005,9.254887091,6.333001498,5.873113525,6.279914262,5.8423294110000015,7.321422592999999,8.551113701,6.497064924,6.941721338,4.502733147,11.15365941,5.6392328,7.131342328,5.480434799999999,5.870379436,6.156483795,10.03350703,5.0859636969999995,5.353907635,11.35395009,5.3847811839999995,6.161352357999999,4.850398866,5.281831766,7.98134041,5.848019184,4.254925335,8.836448303,7.383963457,5.531576804,6.8135084610000005,5.430313792000001,4.652612597,6.2297097820000005,4.926018202,5.735378008,4.925996222,6.71879443,4.73094431,9.879670747,7.67250849,10.36222301,5.799352482000001,6.3073298829999995,9.14176897,5.646238632,6.867631255,5.066943491,5.269260018,4.656442299999998,7.515971531,5.3691125689999994,6.873610404,6.212164821,6.918278269,7.1180385510000015,4.668945893,7.053280387999999,6.95825291,7.809522096,6.511460258,8.429819001,7.0283960999999975,4.482832818,8.180887468,11.56632956,8.401735942,8.617592396000001,7.52255705,4.381808875,7.4321755629999995,5.779905319,4.91761119,5.50538799,5.851914086,6.664978773,6.666931131,9.28747002,10.63615461,4.965512438999999,7.38189164,6.971159806,5.0145074119999995,6.285051645,8.891757899,5.930476106,5.6066843429999995,9.721787048,5.862713192,7.796469302999999,6.919588462999999,7.455708127,4.7159481219999995,6.921718477000001,4.920637311,4.43064762,5.77188515,6.41641135,6.7577459410000005,4.677197275,7.604141019,7.015955397000001,9.768861845,6.822428426,7.3812923779999995,6.175912899,5.272539419,5.972877177999999,4.628634701,7.85747222,4.677607076,6.731795485,10.385073,8.393103538,5.046282286,6.899490806,5.764388783999999,4.830382449,6.131059483,11.62638356,6.986157612,6.201104777,7.840455771,8.595916075,8.1596453,4.320360882,7.539984349,7.735142194,5.405552861,6.64350281,7.077242565,4.702353014,7.499452923,5.5716171160000005,8.167678421,5.09188012,6.280016149,4.673708582,6.040137232999999,7.7412463670000005,7.398333918,8.760252202,5.736360539,7.722674279,8.952642838,5.054043426000001,10.27555551,8.508830226,4.594475587,4.959274703999999,5.419809435,8.130212756,5.424384506,8.207199825,5.159400717,6.0044885279999995,4.9844395630000005,6.602749149,5.725360734,5.392266001,9.639912936,8.518327482,6.034278314,8.479845527,8.505095942,7.3506679,5.654903653,6.3100328889999995,4.517108428999999,4.862970081,8.765548638,6.239062075,7.874146979,5.206580257,7.698496987,5.923440667,6.262111708,8.554487137999999,8.978221469,6.516017941,6.992607146,8.038289322999999,6.511164832,6.820190116,6.199315937000001,5.264528017,9.226419169,6.873461868,5.724435119,6.196317231,6.1732865110000015,4.685959639,6.89612314,5.5803443470000005,8.029406892999999,10.82099309,4.26431945,7.753742904,4.842169406,5.886866531,5.529670061,6.314380907,5.518627996,5.337513745,8.730809927000001,6.606106575,4.66008699,5.664551311,10.439303500000001,6.021911433,7.941893792,6.420154256,5.092464181,8.090246118,5.415750967,10.39802045,7.6181913,4.316782454,5.7515813179999995,11.63373314,8.098534772,6.424526056,7.0022076160000015,6.2180518739999995,8.946694328,5.549040442000001,4.785903966,6.468842968,5.647339016,8.773264314,6.089321832,5.1168363889999995,7.991553841,7.494752684,5.121722231000001,4.81519485,6.52027907,5.118722662,5.994238788,4.630387717,4.911844295,7.759447618999999,6.876955646,4.917988200000001,7.200370982999999,8.15957021,7.996568055,5.034626225,8.847838932,6.4970241060000005,5.37073751,6.402874167999999,5.052630738,7.390427669,5.598747313,8.114011657,5.511852782,4.897979253,5.507905119,4.536293378,4.875413443,4.290743096,6.461321272999999,6.715975808,7.2153369760000015,5.755598452999999,7.47280029,11.02730793,5.443701507999999,4.6127299289999995,6.861131134,7.583613467999999,4.652456265,6.9293406210000015,4.732947578,6.958004777,8.29403347,4.90748459,7.481996745,9.091452775,8.204906614,5.741285284,8.802906869,6.428653317,8.368052882999999,8.492165179,5.248801922,5.863990518,5.639136412,5.862467633,4.882989067,7.114008457000001,8.082603092000001,4.690814377,7.285857315,7.320758047000001,5.4627725929999995,5.00460421,6.180513027999999,6.954288654,6.06538784,8.113059577000001,7.730653266,7.4893468410000015,5.74437226,5.208793355,7.245645597,9.412565927000001,6.130252785,6.471244032,8.316313206,5.687845633999999,6.9516435770000005,6.159203784,5.51544592,5.319563626,8.432106688,7.07083247,7.640022632999999,6.784477229,6.128621085,6.728392949,8.112246432000001,5.449545027,6.7326107639999995,4.926277385,7.443092495,7.377849677,8.045419546,5.769309223,9.266944661,6.4884140860000015,5.212826134,6.035814003,7.7146268870000005,7.195582722,6.680828914,8.43331268,6.8359341910000015,6.872657203999999,6.185372178,6.020043544,7.048924332,6.439546226,8.900956033,6.317324022999999,10.20504472,5.381582572999999,5.393992398,5.566302514,10.06964081,7.507132493999999,6.301476125,6.616266115,4.572022598,7.782885019,6.138979802000001,5.85502014,5.240553382,5.706342867999999,7.973275611,9.259936745,9.216038679,6.867657446,8.311252084,6.868651367000001,7.3593069710000005,7.3534335870000005,6.916516764,7.78015881,5.786803711,7.798265936,8.533321373,9.021019512,8.617996527999999,6.5855388989999994,4.661497348,4.601253648999999,5.132001679,7.545107729,9.352492796,7.670480082999999,6.036228106,6.857401229,6.393015501,7.4082506760000015,9.379424159,12.32992484,4.823402232,12.81585995,4.925324033,5.7320245089999995,5.561082711,4.526467321,6.296002155,8.241074441,4.423739797,4.341388545,6.784552929,9.769910333,7.593538708,7.525699899,8.787406464,8.983043647999999,5.6552837270000005,5.775140801,7.03544428,6.814657762,7.953558554,6.071206987,7.544465934,6.108396282999999,4.477864555,6.101232988,5.757462478,5.6018965010000015,8.145411332,7.8692976660000005,5.454809909,6.5911395729999995,5.542561347,4.607433326000001,4.697766051,5.043430254,4.36194964,4.786052767,4.716666741,4.810935013,4.916650177,8.926447154,8.624608300000002,5.061354205,6.11046741,5.687936016,4.832727126,4.7068470719999995,5.574318664,7.518359977999999,6.902908213,9.783735115,5.363832816,5.97688963,5.141545503,4.705465579,5.267913254,6.723613137999999,6.564454745,4.962264526,7.937933528999999,5.494424146,9.441531392,5.171516071,6.368912965,4.768977945,4.592269858,5.377686762000001,4.728898031,6.766877631,5.039417578,7.680947374,9.382871158,4.364108596,4.985862256,6.101112595,6.211260066,7.443231093,5.407194324,8.624577894,6.858240706,10.13089679,7.502348725,8.343720004,8.96259621,8.097994906,8.44714149,6.617412926,7.892730356,6.7924410810000015,7.215989645,5.965638642,4.562670778999999,6.515265858999999,7.490217031,4.890064016,5.50307157,5.418014192,5.9805856,4.739157045,5.11431957,7.890329705,8.855776118,7.694793318999999,6.633601893,6.8340253529999995,6.174919383,4.739932348,5.714116882999999,4.865162686000001,4.76342044,8.842475775,4.365342534,4.795490706,9.498292937,7.0478048960000015,6.10117245,4.403795579,6.893625925,4.4118517289999994,6.812062731,5.24057934,7.280950301,7.279883672,8.655320846,6.575390835,5.2931145939999995,4.655549527,7.637765495,7.313104768,6.995355601,4.9202716419999994,7.775431281,7.486675139,8.948615102,7.476625594,6.359928742,8.479946768,5.641710955,5.382061124,5.605229659,5.4266708679999995,9.268021422,9.233436613,6.296072915,4.665310839,4.769654473,7.741264094,7.295070475,8.694152005,4.703188514,4.73137228,8.302395982,9.589908413,5.02483017,7.8751290260000015,9.554254401,7.996915411,5.073759293999999,4.996063821,6.028797129,6.718370799,6.520389487,4.804730512,7.009454946,5.69158257,7.614257169,9.43343236,6.2694017460000016,5.685989747000001,5.189859342,4.318528115,6.205628982,6.864317047,4.977732468999999,6.801875676,6.379296404,7.465328396,10.68098878,10.20422249,11.03713673,8.575320878,7.2375769389999975,11.12521411,9.452257348,8.447606115,7.068338011,5.531425389,6.29291329,8.751102793,6.148215037999999,7.820360544,4.983576857,5.395988377,7.143778747000001,8.807778597,4.44578936,6.9422162279999995,8.046113507000001,8.185623235,4.479437112,5.429372829,5.225641677,5.40635653,9.904297866,4.760438996,13.21365963,14.04399296,6.179690399,7.317390355,7.654732461,9.276246399,9.927301976,9.095603859,6.906418691,6.636219003,5.777721504,8.03905262,5.199403117,7.1911385060000015,9.110071831,5.713084212,4.755315989,8.192638067,7.307062595,8.916503766,10.500537699999999,5.277852091000001,9.670309726000001,6.59853266,6.865779507,8.763052978,6.212970972999999,5.726540881,6.4830062029999995,9.188995015,7.024908383,4.444937755,6.8087699829999995,6.912405784,13.03482453,7.6772387029999996,6.523648737,7.318174152999999,5.559040573,6.5103868060000005,5.146776313999999,8.453039052000001,7.927180521,10.63755358,8.27583208,5.928761242999999,8.298536544,5.708766175,8.224036112,9.299234846000001,5.93555323,6.379356809,6.066986377,7.307184427999999,6.945203962999999,6.199280129,5.363093172,7.007375679,6.605539922,9.118548002,7.505895602000001,5.893262593999999,5.17024385,5.630679413999999,9.398298573,7.3857299770000004,5.560797935,4.731213039,5.066541125,9.228349003,9.309733629,5.019317625,7.716850031,6.519214325,12.83227933,4.870987565,6.790473669,7.168289328999999,4.845528261,6.578078577,7.015386017000001,7.529372865,9.203012141,5.484610617,9.473441216,5.324563533,5.732609931,8.336984847,4.924556245,5.916140738999999,7.322960307000001,5.076560008,8.909155152,9.148088334,6.845693193,8.585230357999999,5.064816158999999,11.93149863,5.624558396,6.566565825,4.471495029,6.3211837110000015,8.073890824,4.828403741,5.788047626,9.157879863,7.1412064179999994,8.603444676,4.372123707,5.9176570889999995,8.094267894,10.06853187,5.318289878,7.783592089,6.623214377,5.072958995,6.9369175310000015,7.467304247,7.628553847,12.04691509,6.407246455,5.984853556,4.769200289,9.24079399,8.643519688,8.393519035,5.723229633,5.536520601,6.126867283999999,7.336186783,5.053818764,4.853436576,5.123748687,5.627458017,7.2356939160000024,5.439165781,4.887526853,6.009773751,7.596793203,14.02962029,5.838318323999999,5.863296922999999,6.301831883999999,6.731944745,5.17387308,4.835868541,6.183070763,6.08954038,5.93455281,5.4458257439999995,6.74320556,5.611829361,7.418318977999999,8.165669609,5.714627999,12.50580816,5.603057636,5.294750402,8.520960934,6.8092225410000005,4.950667775,6.002745362000001,4.484269885,6.237674939,5.0761826480000005,6.018643624,5.978812415,7.604349087,7.111170129,7.87325726,7.658372657999999,5.0209045969999995,4.17489039,8.439847839,7.421242446,5.354989235,7.375963262999999,6.190145287999999,11.26120273,10.7500283,8.795989335,7.997413855,5.619281189,6.487996552,9.515781328,5.43954116,5.452216445,6.154555443,5.224540115,5.395071102999999,6.787386457,7.975265396,7.413251548,6.7197630660000005,6.443936817999999,6.031281456,6.498953908,6.593576112,6.675671212,7.841119326,5.419690623999999,9.362507968,7.161481741,6.429778861,9.347164662,5.6808227229999995,6.6371404689999975,6.931560366,6.551670495,6.257415394,5.162116518,9.980327603,6.874553822999999,4.837028045,7.127014,6.4717973639999995,8.435752102,4.613670225,5.345079833,6.733900498,8.161269613,7.7485334639999985,8.492169164,7.309976377000001,6.342043971,5.103586048,4.91406744,4.652400275,11.32268758,4.812456313999999,8.670946212,7.169802344,6.265072977000001,4.6556931939999995,11.01649095,5.880747653999999,7.45823126,7.209433763,5.761698047,5.894761114,6.492072221,4.626298574,4.7687151960000005,7.484842939,5.83456608,6.90915846,5.057366238,6.690069414,8.280477355,6.32452735,8.600904819,10.62871395,9.094848205,7.233059582,9.621776987,11.02367792,6.349988569,4.797932459,6.528808996,5.386894357999999,6.662483094,6.001574205,8.714568658,6.356030538,7.433460137000001,6.5352050120000005,5.618376026,4.624338012,5.153025703,7.233646498,8.161926882000001,7.181744817,7.236297828,5.42748054,5.2267540619999995,6.482587499,4.819385476,6.534103375,6.6107444310000005,10.22120325,10.68831166,4.385573681,4.83398048,6.5008605610000005,7.0902443239999995,4.7568136889999995,4.080157915,7.65801647,7.982765316,5.776629647999999,4.419595289,5.049290114,7.001724227,6.991261278,5.513399188999999,6.277013854,6.747357121,4.9347583760000004,6.409848909,5.546247567999999,6.046290567000001,7.235040406,5.320747449,5.331262357,5.855207900000001,6.069988502999999,5.63318545,6.142360981,7.582832517999999,4.179136109,9.187360894,4.544650561,6.877137817,6.455489012,6.777285158,5.595771653,5.071100004,4.684647518999999,5.081060894,5.683690829,6.200430451,7.556824983999999,5.8800395420000005,11.32584034,5.6736500360000015,7.232424162,4.549951302,5.8264697010000015,4.4195598480000005,5.662846947,5.574215952,6.079310808,7.626620827999999,4.472888028,5.523273652,4.559197562,7.744768485,6.476417975,7.580464434,11.72005118,5.039351295,6.888086932999999,10.16318109,9.015902407999999,8.369266742999999,5.502208249,7.1180161779999995,4.270002957,4.754453235,4.8120005919999995,4.833651855,5.011228498,6.846926064,9.430013621,5.882321717000001,6.203535717,9.670787504,5.991879869,8.920904725,6.156220374,8.401487833,8.498269192,5.944929012999999,9.169280378,6.6023793410000025,5.481843021,7.051380282,5.04308136,7.082828115,6.5834618670000005,8.331862875,7.37458871,7.1469545010000015,6.183583425,4.690889258,8.01294946,8.281929478,5.095416717,4.50007232,5.671099661,5.90459141,6.3566702070000005,6.40454729,6.232235652000001,10.34111891,6.996944587000001,6.357638661,6.8146911160000005,8.420214054,11.21232426,5.038693776000001,8.520566079,6.3728554860000015,8.411834942999999,6.621232572,9.15270772,7.500624264,7.808656487,6.979945505,10.85421122,7.455185822000001,9.439064287999999,4.78873767,5.801973345,4.400920199,7.389273997999999,7.127506704,5.89929377,5.278060003,8.816160423,6.948438218,6.554532152999999,6.9585323510000014,5.030501297,11.67444482,5.226900951,5.8356833539999995,6.727651132999999,6.566038467,9.261484087000001,7.0150715429999995,4.845426455,6.136494839,5.557294203,8.663802056,5.4197096610000015,4.889084421000001,7.148251639,5.5077537439999995,5.832792535,6.235935143,9.456177027,10.01793514,6.336572469,8.07882122,7.961308886,7.445081355,7.9544903310000015,8.159837179,6.985993102,8.131133944,6.660265159,6.244805363999999,6.354548382000001,4.772672957,7.851425495,9.542031465,5.2194299719999995,6.237651082,4.947507002,8.806589153,8.059403468,6.42034102,5.795186974,4.338912288,5.415177987000001,6.782258268,9.116970081,4.966776539,7.044816497,4.986509661,9.053853596,5.895589396,5.991793907999999,6.042977658,4.481059073,6.623644989,5.514584585,5.43472652,5.2427079569999995,6.480078224,4.68838615,7.205595849,5.608079851,5.503405017,10.75443658,6.7134948539999995,4.571875889,6.1686804429999995,9.26683013,5.296298232,8.590900357999999,8.23949559,4.409564135,6.310945727999999,5.8850238820000005,5.683750087000001,5.565222979,4.628767346,4.965162523,6.207749691,4.945533675,6.598754351,7.8599599829999995,6.585936969,7.152433292,10.02104073,5.258338339,5.101417553,7.036263138,5.6321632410000015,5.435419232,5.7670152360000015,4.453184329,4.39048111,8.678369352999999,6.330902846,8.496664682999999,12.42436045,4.649332288,8.949945537,6.066196428,7.659033513,5.015230177,4.473461808,5.934610738,11.75389531,10.28287406,8.241815195,7.642977228999999,5.384706785,4.800696805,5.6934121289999995,7.146392682999999,9.27825604,7.391407282,7.8515819539999985,5.352170056,7.666940941,5.925187386,5.234207103,6.070877384,7.223431729,7.430760542000001,6.292402474,6.868660067,7.4539144020000005,6.755660764,5.650305792999999,5.784142472,8.173094669,8.350628922,9.110551561,9.700618301,8.152270137,10.34390032,9.039385084,8.721870337999999,7.722797944,7.8940285060000015,6.160600095,10.1354179,4.5927438789999995,8.397391916,6.359273815,4.599267258999999,8.852459352999999,6.464309338,11.46950154,4.410319843,6.557592333,5.867686394,6.317478799,6.191466613999999,8.264289672,8.565379549,7.477648855,4.45900713,8.209666198999999,4.39694642,8.025518111,5.0258323030000005,5.745312825,5.788978329,5.9256659,9.738111053999999,4.965269097,5.671604637000001,6.849007643999999,5.075390683,7.025691972000001,7.63823544,8.794794605,7.757427957000001,4.25756135,8.001998958,8.4673428,5.545366771,5.430048861,5.081945056,6.7635388270000005,6.607678074,8.530615762,4.75945937,8.960919192,7.357237483,5.734780957999999,6.390436782,7.730890692000001,6.6322624029999995,6.064386344,7.828095789,6.915756332000001,9.561036247999999,7.214998262000001,4.213195995,6.976694424,7.3445813829999995,5.497170497000001,5.263750407,8.618324756,5.344809791,5.206727955,8.801316992,8.018918845,7.218036427,8.070646434,9.309106153,5.688104196,5.378473604,9.970358535,9.133457669,5.615039756,4.419277211,5.152739858,5.172570169,5.226703387,7.454058527999999,7.997499737999999,8.844225514,7.031468384,6.815699045,6.77050034,10.55605107,7.393180911,4.80839369,6.285792185,7.479713844,4.602375996,11.84205461,6.137253969,9.600338706,7.588042084,9.116003033,7.550573327,8.002077486000001,9.280823095,5.988699774,5.285961267,6.4497729889999995,4.353819967,7.988503121,7.475606252,7.731964558,5.589297771,11.59139887,7.75559663,8.042798067,8.914109391,5.869647109,5.68186873,5.316514767,7.148199475,5.303254587,5.4856167760000005,6.399044879,7.81640383,7.304098346,7.279991017,6.705962726,5.593935815,4.82543522,5.175130687,5.6743351539999995,6.341053401,5.521433131,4.40135156,4.069840226,5.123659151,5.204267627,5.20970514,4.5908152069999995,5.617032772000001,7.337480802999999,5.8054454060000005,6.587648637000001,5.86296469,6.939654831,4.679658979,11.06966639,9.449557636,4.738270834,5.947991742999999,7.146481735,5.309210537,8.583365642999999,4.503651921,5.319668359,9.549887353999999,6.449545218,8.202031538,5.657760306,5.495874954,6.685027737,5.846460757000001,4.202334414,4.487399872,6.972912332000001,5.34434333,7.880836211,4.74110038,6.654581385,6.494159302000001,6.809439555,4.5645960169999995,5.434073385,9.99087645,8.493274187,5.550620285,6.986556462,6.337767303,7.243800221,5.8081631960000015,5.993970751,6.648063336,6.334177057000001,9.70534655,9.489948803999999,9.636475916,7.16746605,7.852614847999999,5.111675853,7.095071462999999,4.714591915,7.9991337520000005,7.18985853,6.204063493,7.0865880039999976,8.557742637999999,7.589957711,5.140520334,5.269688013000001,4.894119305,6.1846715360000015,9.594429017000001,9.906965092,4.819320929,5.6991621939999995,5.950962264,7.938442961,5.928869547000001,6.4666592760000015,11.01853087,5.143335378,7.861375568,6.698545633999999,5.337513133,7.008840137000001,4.590784438,5.942874463,5.843490137000001,5.227557904,5.414295813,5.247775798,8.968411338,11.36114321,5.656069402999999,4.268572173,4.737791057,9.919117421000001,8.519279739,7.774070921,6.6662155510000005,4.490582871,4.272440233999999,7.4005141939999985,7.003357882,6.984655589,4.90135603,4.7369939169999995,6.596541002,4.617412683,4.918217567,5.086070095,8.586066801,9.074621302999999,5.068056102,5.84177145,6.811170721,7.975317255,5.964880421,4.592302228,6.352354602,5.329032928999999,5.504747561,5.522474956,8.867113832000001,6.5907528110000015,6.507133235,6.800523484,5.740095977999999,7.406185446,5.093645396,6.192189162999999,8.915259625,6.5996284260000015,4.876355611,7.700291826,4.729282883,8.10374402,7.900862525,4.798501035,9.502881643,6.3558193439999995,10.15703222,5.173785501,6.023775204,5.607057919,11.81260082,5.963688445,10.15811681,12.28566716,8.039109652,6.540099796,7.459396882999999,5.855647481,10.9414198,9.400767898,4.873090383,7.955180536,7.154021544,8.530785527,9.205398519,6.654334092999999,10.61573847,6.223807817999999,4.984079877,8.658302907000001,8.845010398,5.729027632,10.39317211,5.677960556,8.266654991000001,5.333644673,6.3911105820000005,6.9803231729999995,4.787486341,6.209491732,7.024333399,4.297395205,8.223825741,4.8478685619999995,8.571677907,8.593653518,5.715301015,5.068825034,4.633442227,10.61966661,7.453457812999999,7.140656149,6.97093445,7.260208615,7.546753394,7.272213428,9.927361487999999,5.915485515,6.7759616110000005,7.504203353999999,8.20723043,5.925663064,9.430460295,7.150118544,5.622391264,5.873933438,5.40321451,7.3663816739999985,8.24385629,5.963630869,5.230764403999999,8.815169656,4.554113387,5.234507476,5.853578272000001,4.905725708,6.652484977,5.6131911279999995,6.188277808,9.156976214,7.3393757389999985,9.217475988,9.521987889,8.068837683,8.961029249,5.137709112,7.827721282000001,6.595240702000001,8.701643792999999,7.6206493029999995,5.102454096000001,5.0503787319999995,7.352468977000001,7.31970796,4.497392296,6.380310828,6.968521363,8.342265422999999,5.849118722,5.111583486000001,6.047354365,7.142549653,8.056061785,7.985226346,7.561413009,7.932026229,6.841105353,5.739648572,6.579444341,7.790669164,10.05402075,6.708194617999999,6.707666897,12.88259284,8.896337691,6.735430067999999,8.506715011,11.38016106,10.85026511,4.186892799,4.195903265,5.425789765,6.865439907000001,8.460337557999999,10.02361073,6.972882956,7.600602477000001,7.956536483,5.430982928,4.7224355330000005,6.928363347,8.317453059,9.06905508,5.582457467999999,10.01035868,4.641124507,9.073730449,5.4000748970000005,5.108163072,5.191104289,6.490859531,4.535067358,4.799468658,5.21565277,7.705228121,8.008287232999999,4.631161186,9.352892368,6.767848834,6.751112943,9.467770991,6.6638833360000005,9.887227118,7.363871649,7.921348718,5.673398584,6.030125415,5.083153067,4.752281541,6.710226847,7.77326678,6.7878233020000005,4.937375753,7.959933958,7.2330774920000005,5.349483276,8.15944446,7.091445208,7.465665962,5.987053347000001,5.531227146,4.2803389,5.359874728,10.17560536,6.996796101,5.140682067,11.67054024,5.192275205,10.67891964,5.755719002,6.03052479,5.841208961,5.515385834,4.937422083,4.557994358,5.7312843739999995,5.351612752,4.823666762,5.26137527,6.09215335,4.814450005,6.934794887000001,5.302211618,7.262720718,12.18502645,5.57421987,4.757414936,5.674151859,6.046091121,4.945843374,6.954759475,9.42195583,6.801302777,5.905508697,10.20299823,5.71461562,4.927400405,4.247782337,5.611887126,4.993266098,7.940609151,7.586354696,5.302187857,7.720296323999999,5.9629088889999995,7.055667947000001,5.73662554,5.823461484,4.508680524,7.6951148510000005,8.669527214,10.2959632,5.044319557,4.721300907,7.213716954,5.179530234,11.03814307,5.883863419,8.87248415,6.495107656,6.195447511,5.738216027000001,8.310776005,8.599328468,6.200535062999999,6.258201307,6.950618443,5.741130724,7.76896529,5.717839239,4.5890915130000005,4.980905508999999,5.388798692000001,6.997118209,8.57921821,6.177082048,5.8620252729999995,5.873503082999999,5.24034217,7.008972907,6.192498165,4.577677017,4.252943801,4.1138991030000005,6.8320880000000015,8.703577382,4.874037112,6.760239058,6.533225848,5.6932358039999995,6.253744844,7.03706323,10.25983853,4.882737654,10.62084132,4.9517642969999995,6.021071915,4.826649762,11.28103155,4.41299449,7.685116308,5.15850098,5.825605362,5.430279998,8.698009196000001,5.75298744,8.242090961,7.972641287999999,4.470670375,5.340622309,8.590171955,7.133089469,7.318046402999999,4.488409834,6.785787826,5.779555611,9.195815831,7.154597721,8.098717158,6.654294362000001,7.495057774,4.80063513,8.972442735,5.260232998,5.310305444,7.364486787000001,8.395928992,5.067530411,9.175536486,10.90544646,7.083427358,6.667242398,4.905443562,11.11049275,4.652071871,9.124758647,4.71347533,6.194040526,5.243137512,5.031570643999999,4.876542082,6.322978377,8.373949073,11.59104828,6.632254382999999,4.884810507,8.023811734,8.207719212999999,5.792850527000001,4.455685926,8.112423698999999,7.711585931,8.931185117,6.373120472,5.2871060739999995,6.213943133,7.759552346,6.98281629,6.706640724,4.683255309,5.128560772,5.078741088,5.6765125339999996,6.509895185,7.126634075,7.837170634,6.927865216,5.221287127,6.960422137999999,7.612230017999999,5.543466821,5.626577758,8.871929026,4.795344986,6.6465029929999995,4.87434213,8.977907373999999,5.323429774,4.813148579,4.838174853,5.716323963,5.787499285,9.465791579,5.750666549,5.476872079,5.713769494,4.514437268,9.535887726,8.501953054,5.822959902000001,6.381529966,5.6072266420000005,6.789601998999999,5.8235111129999995,6.97422336,4.503711287,9.835429015,6.5616020760000024,7.832889845,4.2332485160000015,5.119632889,8.332854437,5.237814602,8.596736191,10.32646464,6.1380533370000006,10.38611246,7.532449217000001,4.957474314,6.559659318,6.601814528999999,4.279522167,4.848721739,7.304982884,5.038858142,5.335553956,5.093190122,5.042560684,5.608959337999999,6.2502972560000005,5.8382605629999995,6.859424926,6.074844286,4.534396895,6.357432686,7.664864323,4.73496446,7.191280326,5.661895839,5.558178476,5.545522365,4.667801517,8.02056185,9.145895032,5.371838755,5.081590361,5.126803048,7.157576884,7.009551339,11.14001777,7.892393179,4.140638471,5.440010028,8.157671673,5.308428534,4.311006707,4.727372046,6.716577111,5.160912776,4.27679354,7.928609363,6.1627449,10.81221292,6.486687099,6.068056843,6.254765592999999,5.94569125,7.258381999,6.70292213,5.477756756000002,5.499413515,5.649588,7.249431183,6.63796155,4.892994463,6.221081785,4.965516401,7.6045200920000005,4.718475051,8.339432943,7.1871287420000005,10.36844015,4.663687144,4.407191302,7.056908046,5.5073538960000015,6.031460017000001,4.805583382,10.05797048,6.9008613510000005,10.05910821,7.574598677999999,4.815793153,5.301472562,6.68201473,7.692046697,6.752206158,8.972293605,6.3126495039999995,6.349942712000001,6.0750923839999995,6.966118117000001,7.415323586,7.024747071,4.285155968,6.760142758,4.821927641,4.785199312,5.8342189410000005,7.364182135,5.253810328,4.396997726,7.296336416,5.976381085,5.495276401,6.054973671,5.290796108,5.08693913,7.603922464,4.3784606539999995,5.051759766,4.831896789,9.692998307,6.768773907000001,9.508883331,4.521718374,7.347211202,5.326506708,10.01020368,6.823421727,6.231044279,4.859600391,7.628803549,4.947387968999999,11.45027121,9.148471215,5.971752385,6.5824630410000005,9.648083657,9.861365311,7.693188782999999,6.530833951,7.711625109,5.714374072999999,10.71827971,5.712912604,6.111353546,6.540014322999999,8.098792661000001,8.498264133,5.838782386,8.104023067,9.342506803,10.22074953,4.512715407,5.175920681,5.500514335,4.807062952,8.399995563,4.811367662,9.834121631,8.325662407000001,5.604840514,5.278295156,5.483234293,5.675970883,4.332405501,5.860878832999999,7.844459756,9.000816807,7.049829536,4.990829651,5.809024854,11.48355736,12.35401926,6.222020729,5.078889428,6.2321421070000005,5.304596125,4.2921990889999995,8.024736401,7.169402265,10.38474224,8.514897955,6.287830682,7.741506375,7.109640095,5.437212227000001,4.8253376789999995,4.851641613,5.216800692,6.5891304129999995,6.864094562000001,6.041782744,5.882052375,5.812045366,5.5527202739999995,6.650373871,7.470223797,7.608076466,5.700181477999999,4.3990275919999995,7.936355835,4.275451973,5.165213631,5.688491459,5.681661752999999,6.385702035,6.531408421,5.512922275,8.954396877,4.941941474,5.365509239,5.909331356,4.817531218,6.858964384,4.801862073,10.42399767,9.842162624,5.627400777,5.577043447,5.312259499,5.564459314,7.470536748,8.420973423,4.43900202,4.515231899,7.1403222379999995,8.589988553,5.4375686089999995,6.372567413,8.634132506,7.601223363,4.773986976000001,5.6178517060000015,7.120718373,6.149979276,9.955179196,8.53805366,4.609920273,10.08646783,5.193069979,4.588730792,5.147286684,6.198822389,8.675167529,5.17229103,6.873159516,7.813429687,6.857944292000001,4.848598602,6.315250355,5.125391497,7.631319069,5.36570816,7.222083948,4.928690587,10.82668645,9.820610176,5.219223686,7.29752634,5.155191542,5.101041498,11.38191037,6.235892699,6.496898165,10.19181263,9.382263402000001,6.32172572,6.082549617000001,7.438267907999999,5.015892739,7.284459742999999,8.892904042,4.211289064,7.633417944,6.342581778,7.654326202000001,6.689176201,5.84468593,6.578128714,8.271265306,6.212092875,8.421615601000001,6.704475612,5.860053937000001,6.561846787,4.972138313,8.604386265,5.844510093999999,9.009004666000001,5.178707986,5.973607071,4.975535109,5.199770684,5.023458651,4.834247421000001,4.891177633,5.211937287,6.517828827000001,5.26293959,5.031573542,5.610948098,5.868620394,7.252327216,7.403621621,7.238603104,6.461756502,5.810767909,12.35276978,5.541408504,6.3151550489999995,7.880332049,5.539360137,4.202739674,7.490742278,5.418804495,8.900451896,5.191263496,5.176126593999999,4.440214975,7.426499954,5.835226627000001,6.596074354,7.158037525,5.784657009,5.59810468,12.76021273,6.804429207,4.2592464460000015,12.39878294,7.585810342,5.7252742539999995,4.470577629,5.652147126,6.197222312999999,8.647697435,6.0737942,4.9110382260000005,4.5980900689999995,7.671799339,5.687957872,7.7308845370000006,6.74978863,8.006336713,6.149099541,7.359855382999999,5.455484014,4.87814304,5.938572289,5.743834044,4.834769106,4.557775423,4.680579175,9.466082992,8.209556335,10.00564449,6.370786819,5.830102612,5.653628932,6.847887657999999,7.697493763,4.881147619,5.837840278,5.576284575,5.868408596,4.826802302,7.933755199,13.05510314,4.278280672,5.369699128,7.0904988410000005,4.275852642,8.029749146,9.35610749,10.079569699999999,11.45646043,7.271362661,7.370130876,8.277469422000001,7.266049093999999,5.32130751,6.056291794,7.24792798,4.923133366,6.628814042,6.1657842610000015,9.629544141,7.086143927,5.010085012,5.586225555,4.88632824,5.709199571,4.422834368999999,5.795759549,8.213208682000001,8.294670227000001,5.571625386,5.6521837029999995,8.916332622999999,10.35584199,11.125259300000002,6.390296383,5.8114102370000005,5.88460234,7.238646072000001,9.465921572000001,7.34722503,7.668714232,7.128726914,5.0640574019999995,7.688814953,5.277136076000001,4.619413641,5.621694767,5.307178223,5.1404617969999995,6.576974882000001,8.565427297000001,5.256683442,4.0826850630000004,5.38090456,4.438996714,4.5969684719999995,6.405913684,4.939438255,4.979449106000001,4.535800171,6.843735307999999,5.441062313,8.308413974,5.8186167860000015,7.518170329,5.968909244,6.169793219,5.855428193,9.499262603,6.863795426,4.631623964,8.131341217000001,4.543148683,6.600211423999999,7.940435898,5.775556532,7.683529092000001,8.394134635,7.927514029,8.179972781,8.252602484,4.949076819,5.381786311,4.4054862,8.404972416,10.65424759,6.032857118,7.793597411,7.096681707,7.198454586,5.9265166979999995,4.858502952,6.7988088289999995,4.853091723,5.055310307,6.2023289429999995,6.6449502910000025,6.143696992000001,5.746118878,5.697682746,4.9143639839999995,7.6743544739999985,4.683900817,7.151313805,6.4285475660000015,8.57354933,5.305415473,7.666779149,7.645395255,5.3293203060000005,5.050000743,10.0070238,5.811253557000001,5.39905649,8.469443028999999,4.323826736,6.168958797999999,7.99515265,5.788081802000001,6.086926442999999,7.315467331,8.766183448,6.374714177,7.38735023,4.987772403,4.245595263,5.054827811,4.759431271,9.782397203,5.314878556,6.257479752999999,5.98644646,5.024519273,8.211301548,7.37038097,5.5842546220000004,5.477215084,4.983673433,5.625431721,9.191475785,6.973511866,9.320379373,6.185119498,6.4070175260000015,7.736794887,5.521666217000001,6.14265812,4.912750681,12.87599743,6.124280385,4.3657508310000015,6.954423695,5.335084075,7.160117249,6.743471832999999,7.623071702000001,4.766359205,9.315124804,5.866954666,10.04481733,4.403326458,5.521424777000001,5.165366562,4.955054217,5.010975727,6.7798810739999995,6.3923917260000005,7.658391802000001,11.538755,5.803622219,6.773826484,5.697444031,4.928899152,7.419501222999999,5.41863183,5.944988717999999,5.65174313,7.762742458,6.149573837999999,5.124597249,4.584760145,4.911744961,8.433100021,5.4188866639999995,5.110328629,6.018308311,4.816406419,4.847874492,5.088904298,6.565916818,8.41548011,8.456004228,4.842011724,6.944010124,6.234963235,8.604137573,7.524863048999999,6.283564048,6.284855061,6.3581648479999995,5.207788876,6.325751341,5.8544084629999995,5.081878951,8.99295251,6.2536003220000005,4.344864329,7.730312822999999,7.352574122,4.532647492,6.156972885,7.543682578999999,7.789972931,10.66208289,4.8523660710000005,4.712408478,7.584432427,7.995651153,7.345436302,4.796851636,7.928450939,5.677195959,6.802804748,5.724543411,6.084690129,4.984439514,6.9800262910000015,6.7102230579999995,5.6365190620000005,7.8651558060000015,8.085540952999999,6.025241049,9.798498666,6.34890528,4.870817016,7.362216011,7.7347171,7.518898106,4.642666965,8.067501349,4.330973335,8.98540391,5.891958058999999,7.702395049,7.033504656,7.200616274,4.2692458910000015,6.5417837410000015,7.2424325970000005,6.5839342510000005,4.667454029,4.1742223869999995,5.999786114,9.552568522,5.069357025,6.460936165,7.784144078,5.64260659,6.0284018060000015,7.771164757,5.281442949,5.622487099,6.4775839170000005,5.42652021,8.65060331,10.31984221,7.518429717999999,4.192223376,5.405079023,7.886115697,5.9155244960000015,9.597075588,6.797433361,4.571960206,5.376108602,6.343462242999999,5.169848198,4.585138801,5.954461692000001,4.468619562,7.039031886,5.059485491,5.306888557,6.530313437999999,8.970179099,8.40128126,6.941573633,7.18563397,4.6662562439999995,5.307407773,6.922085605,5.539523419,5.678584312000001,9.190532314,4.923942923999999,6.28655911,8.360531457999999,5.49817788,7.601112818,4.633401208,8.180211106,8.242063225,7.559007382000001,10.02631712,4.8239853319999995,11.33634973,4.450757277,7.184730603999999,6.99373388,4.679198101,4.501435431,10.53835797,7.265492068999999,6.593941015,6.3313409279999995,7.22608955,4.936646214,7.0047182810000015,8.882186738,7.8934109810000015,8.017301045,5.141659801,5.897616827,7.913486685,8.190354427,4.488443072,5.205242128,5.396280399,5.287651477,4.836460961,5.648314506,6.8968971660000005,4.607267712,8.00079713,4.779591492,4.904712153999999,7.964692886,8.161402246,6.595518124,5.565924232,7.757681132,7.152648869,4.800244351,7.59824377,8.04463157,7.329484575,7.4236680339999985,4.683754223999999,4.718589892,8.452718091,7.644813721,5.936192514,8.701875255,9.283387527999999,4.930191703999999,8.714245834,5.329192239,5.070290544,7.395709844,6.641953689,6.782357779,6.449977256,4.806631843,5.131607726,6.57473457,5.112893315,9.337176964,4.38490655,5.092693882,10.36079501,7.117967899,7.3488042,7.635913648,5.795569479,8.193731534,4.147231913,8.469623848,7.0229672039999995,5.1389728880000005,6.0147054760000005,4.951420359,6.2675931579999995,5.696047502000001,6.020162685,5.699590762000001,6.529281532000001,5.895880644,6.522037856,4.4427456780000005,8.34563347,5.116780556,7.401170549,4.336038745,7.174277035,8.896475251,8.005752569,7.893253425,8.954704223,5.6775230310000016,7.656457487000001,4.492467714,8.237502476,6.134863289,9.728680949,11.48644165,6.134233313999999,7.3621297110000015,5.410768462,7.617290661,4.302193157,8.693381453999999,6.074549635,8.198138703,6.799051812,7.734161665,4.832197468,6.32543462,6.005859244,4.398422353,6.133934603999999,5.240999013,5.033590611,5.690621095,13.21519503,6.636512139,6.474432928,10.16680595,7.810163524,6.143929368999999,8.299873426,8.040707043,8.255200519,9.353140243,8.927150166,7.058539013,7.047682204,5.205493788,5.5682692660000015,6.460864554,8.264836079,4.288779562,6.107659462000001,11.48764651,5.390830547999999,8.408040405,5.832637895,5.540725651,5.240529895,6.874343634,6.322936014,9.420483377,9.485606133,7.841871135,7.297705203,6.50380241,4.28136699,5.430531403,7.6011847470000005,8.448449787000001,5.553807837000001,4.486248524,6.587320581,5.575636821,7.285205811,7.465486012,5.211896324,6.242011682,6.35443021,6.1289234839999995,5.491547862999999,7.342542777999999,6.371680875,5.966730962000001,4.770058592,7.152138937999999,5.422649312000001,5.1757379839999995,4.19535706,4.804373988,8.571980762,6.621381307999999,8.517078198,5.910716633,7.6113028310000015,5.7223830389999994,7.893967779,5.995898897000001,7.084932134,5.810774747999999,5.218355911000001,6.3601408410000015,7.75778555,5.932526967,8.719652252000001,4.450349227,6.209337256,4.416661284,5.71741423,7.640525692000001,11.69144448,4.741305551,8.506718457,11.84503583,6.8393669379999995,6.219102542999999,7.119473361,7.035659764,7.004844301,6.078677806,6.698111063,8.330097076,6.3266592379999995,5.847321872,8.920093853,6.497406655,5.784921174,5.325248325,7.015486192999999,4.600195398,7.752756064,12.30377488,5.2564592910000005,6.688457372999999,5.898365605,7.893858312000001,6.299768877999999,6.900171877000001,5.690494581,8.833992531,5.007070488,6.092589244,7.319127707000001,5.694647454,6.715125147999999,6.865285199,4.825225678,8.133291946,7.2264088179999995,5.653849927,5.1934420160000005,5.24112367,5.191392,6.6625348970000005,4.668452234,5.499004612,6.864835848999999,6.703293658,6.575767615,10.16497967,5.435517582,4.736889706,5.692774534,6.650815691,6.2689737,8.366943793999999,6.842782091,6.093950456,7.326577202999999,7.587387647000001,6.035303884,7.03743974,8.233534762,4.929969021000001,5.815729784,8.089148518,9.083728987999999,4.1138491460000015,5.7627681289999995,5.247282166000001,6.063512652000001,6.458983722999999,6.756001165,4.536724746,9.571385101,5.752374457,5.9589224839999995,8.205160591,6.382084084,7.197837034,6.308477826,8.78656277,8.136140703999999,7.22704546,8.615329722,6.005084779,7.428361207999999,7.213394619,8.087155274,5.900203457999999,7.799691507,11.66666354,7.365168177999999,4.76936833,10.15358217,7.063338077999999,8.081797212,6.906332065,7.047562135,6.28002381,5.147766644,5.484111381,5.65396883,7.745063036,7.342799648,5.9723376770000005,6.885963843,4.665853313,5.0109085669999995,10.10485917,5.1298824739999995,8.904445849,5.3188425960000005,4.404855803999999,11.18103516,5.217128536000001,10.32676981,5.348217072,6.59021405,6.230802075,9.633212854,5.721713144,8.091207426,9.10953854,6.460757822000001,7.289850922,7.453560112999999,7.5038059729999995,6.776102196,6.019892845,6.162266186,4.4890272000000015,6.926629985,6.03029751,9.142829082,5.43258978,9.602174247,7.69847601,7.965507016,7.159339827999999,5.993937186,8.089516925,8.627100402,7.4233527289999985,8.09860849,8.707538287,5.363525321,7.752427467,5.02621269,6.257825344,8.035348707,9.513199108,8.186701669,4.433710243999999,5.620776547999999,8.316650183,7.77303898,5.463007336,7.344189419,7.926615512000001,10.0754038,7.283537442999999,5.470395902000001,6.032278985,5.888442341,8.004729328,8.392281495,8.593489672999999,8.216847739,6.05579883,7.595710866,6.064408504,10.5772583,6.687164787,6.8219786870000005,8.126296349,6.075140721,7.469309053,5.49352102,4.221410695,9.994911404,6.779465184,6.5305765,7.575736846,5.296437269,6.793282972,5.41690303,6.429978221,7.18274498,5.4500639920000005,5.7773296610000004,5.235925451,6.463125558,8.044009997,9.750831665,3.813668525,5.327194585,5.677607148,5.80295889,7.957001859,4.774286378999999,5.4176195310000015,4.3989192919999995,7.778565703,5.285286816,5.115507438,6.724929241,8.940066879,4.688644738,7.499636897999999,8.209415577,9.721185902,7.346088615,4.963900962,4.729272601,8.753383232000001,9.064467547000001,8.672297665,10.43141862,9.787400051,6.312865771,4.531141262,4.817968844,6.839937736,7.513470055,5.60518454,7.866808363,7.409916731,7.886421745,8.955224539,5.76346925,6.355621263,5.003200316,7.2236140120000005,4.782486976,6.2495644860000015,4.8486409010000004,4.774844794,6.9150158489999995,6.2033253560000015,6.402384574,5.501861623,7.437465426,8.759435643,6.04335492,5.746477499,5.499408868,5.799347125,10.31266984,9.13979267,8.18821052,8.436744212,6.83506759,6.9717947239999996,7.560502358,5.99506491,6.847714548,7.083516286,5.459077159,4.729058641,5.939721603,7.215446384,6.584527552999999,4.356994459,5.7626992910000014,6.935082446,5.181558036,8.310216543,5.508183667999999,5.8691007520000005,5.003966134,7.363536346,5.343355765,4.658136302,5.161605051,5.595191802,7.9473019,5.265506307,4.601905567,8.190828783999999,4.877626537,8.875576397,10.52609055,5.184767863,6.907940505,11.64608635,6.561937403,6.152277638999999,4.85318027,5.124996586,6.295701276,6.841436067999999,4.628303282,8.490143993,7.136495048,7.41859968,7.461105762000001,5.652620422999999,5.787895391,5.26722979,5.933354487999999,5.2419101139999995,7.063351535,6.364804797000001,6.314391317,11.77763182,4.96730631,4.657118700000002,7.654941459,5.5976801960000016,5.163443879,7.092090568,6.501921224,8.762242937,6.040906531,6.148298317,5.022076135,6.486405897000001,4.837954374,4.747680992,5.94576049,8.723648962,5.362681499,7.245327728999999,4.896304487,4.8379760460000005,5.673755063,4.8143722780000004,6.3137430660000025,5.4014908870000005,4.671976857,7.445772688,5.562936702999999,6.4548756360000015,11.97958911,5.125806347,8.791130653,6.9454689929999995,10.41241936,4.567506245,5.979013052999999,7.627129196,5.661762837,4.091060499,7.650081809,4.403617362,7.259935033,5.658276663,5.95378337,5.486300489,11.7157117,9.660190077000001,8.26458148,4.814227064,5.066078824,4.695779097,7.621553221,7.332826594,5.244256871,5.808171912000001,5.472628328,5.55935224,7.065792626,7.277646752000001,7.910727972999999,7.799284366,5.868750981,4.533591041,4.972952801,7.1970055529999994,10.98580626,4.858129371,10.85395359,6.062675536,8.663069079,9.584510104,4.902074686000001,4.456365186,5.814802365,10.8241601,6.876624085,7.188207679,9.382954968,6.612529229,10.06041324,8.736623981000001,7.081773909,4.615108329,5.995807523,5.883411578,5.381985082999999,6.474756826,7.677903896,7.665033519,8.065169476,4.759017781,6.095671727,7.656070817000001,7.493033617,6.335237327000001,4.545925874,5.686782148,8.643203192,4.9845795310000005,6.811395724,6.5397068439999995,7.226026192000001,6.220683206,7.851845742,7.052497671,4.484326248,7.3682477870000005,6.187343987999999,6.309843666,7.58426668,4.861834428,8.492099995,6.088702645,7.388763235,6.084548912000001,6.123415672,9.372983955,5.43351962,8.123205061,11.02594967,11.39404578,5.6874612010000005,8.41435956,4.620039026000001,10.23183988,5.479793428,6.997814099,5.779665499,5.7198054339999995,5.98121755,7.7109069020000005,11.26316763,6.413175829,5.64978486,4.620610299,7.52267597,9.490254764,7.936595588999999,6.521325813,6.568856212000001,4.978258853,7.895731396,5.5931899210000005,7.174714974,5.7967458610000016,6.665669554,6.195678035,8.857582969,10.42372451,6.191813123999999,4.890693303,4.0
4,11.50149206,6.442371492,10.06803335,6.963142909,6.355185272000001,4.505605357,8.708670106,5.215859324,4.516068508,6.00094258,4.570771944,10.72197403,5.686403123,11.15289902,6.80146911,7.280425217,9.264126575,6.315970509,4.7461321960000005,8.968372459,4.4031022580000005,7.055727082000001,8.201784479,8.276174758,6.6878140010000005,5.099945352,6.4025454029999995,6.8619766910000015,5.327775238,5.086924109,9.169905676,6.332520677000001,7.255834097,5.15407988,7.7251166960000015,7.1945858560000016,6.3680700660000005,4.852083966,6.030109086,5.0859527060000005,9.090945526,6.182953304,6.46408533,7.3724780339999985,7.443572777999999,7.562455722,5.632205614,9.458288917,6.107286892,7.180064599,4.70077951,6.180118491,6.342723522000001,9.207647722,4.3220868260000005,5.5820590060000015,4.638904575,9.564482411,4.479225634,5.486773769,6.080817861,5.36516649,8.492506169,6.912919058,6.338581211,8.250269444,6.463140937,7.087047044,7.3940686960000015,7.831392153999999,6.335388312999999,13.5181696,8.005862952000001,4.417853148,6.8746792889999995,4.738113684,5.035287448,6.635549515,4.650025679,6.81094212,7.3732038310000005,6.413856415,8.638084422,9.042507137000001,5.273553656,5.664064442999999,7.488676497999999,4.9273997419999995,5.407971438,8.560319865,5.330746971,6.998517367000001,5.24807257,8.531623349,7.795500189,6.114101886,10.23013373,4.389235505,4.317163208,7.0484042879999995,5.454337732000001,6.0064216020000005,6.4053457210000015,8.564987106,7.452004938,9.153700446,9.57436994,4.767665404,5.0284764000000015,7.1580560470000005,4.9751590939999994,5.126707822,4.796996409,6.735165042999999,5.935333825,9.052949647,4.32670593,5.290257243,5.880046843,6.875871997000001,10.854647199999999,8.629766072,5.741546848,8.742215148,7.780149285,5.2821427739999995,4.973961296000001,5.456137135,4.676784881000001,7.379573947999999,5.443773075,10.96838826,6.546830569,6.58209914,5.835749924,8.040748607000001,6.532607877,4.731770722,6.287236872,5.3135597510000006,4.372232695,4.589372707,9.914731286,9.148258279,5.644284422999999,6.348863904,4.936908325,6.065469641,10.26790921,4.728262443,6.9791131360000005,4.731528248,7.200273342999999,5.525224796,8.73827955,6.63257591,5.736863747999999,6.193571929,7.708140667,5.346744183999999,9.101556646,4.770013274,6.886826602,6.292550022,6.777024409,4.7640755619999995,8.893178767,6.802069413,8.907980371,4.965191657,4.35156473,5.958083646,7.25387529,9.170295199,8.207702661,8.34902625,8.033019292999999,9.792479002,7.6076755060000005,4.580852244,5.576925352999999,4.432778325,5.21360975,4.557041882,4.396621081,9.955099639,9.25701749,7.689693802000001,7.15825626,6.037861945,5.155064684,6.463150015,7.0963414160000005,7.4351252510000005,6.205401942000001,6.486973405,7.81797012,8.750490682,6.242774596,5.575816372999999,8.151872376,8.859764105,7.5742523760000005,9.452456485,6.214428539,6.935434267000001,5.637472746,8.262827551,4.736596797,5.449053957,5.088603815,9.873359407,5.9408638210000015,5.816516943,6.2151221670000005,9.254887091,6.333001498,5.873113525,6.279914262,5.8423294110000015,7.321422592999999,8.551113701,6.497064924,6.941721338,4.502733147,11.15365941,5.6392328,7.131342328,5.480434799999999,5.870379436,6.156483795,10.03350703,5.0859636969999995,5.353907635,11.35395009,5.3847811839999995,6.161352357999999,4.850398866,5.281831766,7.98134041,5.848019184,4.254925335,8.836448303,7.383963457,5.531576804,6.8135084610000005,5.430313792000001,4.652612597,6.2297097820000005,4.926018202,5.735378008,4.925996222,6.71879443,4.73094431,9.879670747,7.67250849,10.36222301,5.799352482000001,6.3073298829999995,9.14176897,5.646238632,6.867631255,5.066943491,5.269260018,4.656442299999998,7.515971531,5.3691125689999994,6.873610404,6.212164821,6.918278269,7.1180385510000015,4.668945893,7.053280387999999,6.95825291,7.809522096,6.511460258,8.429819001,7.0283960999999975,4.482832818,8.180887468,11.56632956,8.401735942,8.617592396000001,7.52255705,4.381808875,7.4321755629999995,5.779905319,4.91761119,5.50538799,5.851914086,6.664978773,6.666931131,9.28747002,10.63615461,4.965512438999999,7.38189164,6.971159806,5.0145074119999995,6.285051645,8.891757899,5.930476106,5.6066843429999995,9.721787048,5.862713192,7.796469302999999,6.919588462999999,7.455708127,4.7159481219999995,6.921718477000001,4.920637311,4.43064762,5.77188515,6.41641135,6.7577459410000005,4.677197275,7.604141019,7.015955397000001,9.768861845,6.822428426,7.3812923779999995,6.175912899,5.272539419,5.972877177999999,4.628634701,7.85747222,4.677607076,6.731795485,10.385073,8.393103538,5.046282286,6.899490806,5.764388783999999,4.830382449,6.131059483,11.62638356,6.986157612,6.201104777,7.840455771,8.595916075,8.1596453,4.320360882,7.539984349,7.735142194,5.405552861,6.64350281,7.077242565,4.702353014,7.499452923,5.5716171160000005,8.167678421,5.09188012,6.280016149,4.673708582,6.040137232999999,7.7412463670000005,7.398333918,8.760252202,5.736360539,7.722674279,8.952642838,5.054043426000001,10.27555551,8.508830226,4.594475587,4.959274703999999,5.419809435,8.130212756,5.424384506,8.207199825,5.159400717,6.0044885279999995,4.9844395630000005,6.602749149,5.725360734,5.392266001,9.639912936,8.518327482,6.034278314,8.479845527,8.505095942,7.3506679,5.654903653,6.3100328889999995,4.517108428999999,4.862970081,8.765548638,6.239062075,7.874146979,5.206580257,7.698496987,5.923440667,6.262111708,8.554487137999999,8.978221469,6.516017941,6.992607146,8.038289322999999,6.511164832,6.820190116,6.199315937000001,5.264528017,9.226419169,6.873461868,5.724435119,6.196317231,6.1732865110000015,4.685959639,6.89612314,5.5803443470000005,8.029406892999999,10.82099309,4.26431945,7.753742904,4.842169406,5.886866531,5.529670061,6.314380907,5.518627996,5.337513745,8.730809927000001,6.606106575,4.66008699,5.664551311,10.439303500000001,6.021911433,7.941893792,6.420154256,5.092464181,8.090246118,5.415750967,10.39802045,7.6181913,4.316782454,5.7515813179999995,11.63373314,8.098534772,6.424526056,7.0022076160000015,6.2180518739999995,8.946694328,5.549040442000001,4.785903966,6.468842968,5.647339016,8.773264314,6.089321832,5.1168363889999995,7.991553841,7.494752684,5.121722231000001,4.81519485,6.52027907,5.118722662,5.994238788,4.630387717,4.911844295,7.759447618999999,6.876955646,4.917988200000001,7.200370982999999,8.15957021,7.996568055,5.034626225,8.847838932,6.4970241060000005,5.37073751,6.402874167999999,5.052630738,7.390427669,5.598747313,8.114011657,5.511852782,4.897979253,5.507905119,4.536293378,4.875413443,4.290743096,6.461321272999999,6.715975808,7.2153369760000015,5.755598452999999,7.47280029,11.02730793,5.443701507999999,4.6127299289999995,6.861131134,7.583613467999999,4.652456265,6.9293406210000015,4.732947578,6.958004777,8.29403347,4.90748459,7.481996745,9.091452775,8.204906614,5.741285284,8.802906869,6.428653317,8.368052882999999,8.492165179,5.248801922,5.863990518,5.639136412,5.862467633,4.882989067,7.114008457000001,8.082603092000001,4.690814377,7.285857315,7.320758047000001,5.4627725929999995,5.00460421,6.180513027999999,6.954288654,6.06538784,8.113059577000001,7.730653266,7.4893468410000015,5.74437226,5.208793355,7.245645597,9.412565927000001,6.130252785,6.471244032,8.316313206,5.687845633999999,6.9516435770000005,6.159203784,5.51544592,5.319563626,8.432106688,7.07083247,7.640022632999999,6.784477229,6.128621085,6.728392949,8.112246432000001,5.449545027,6.7326107639999995,4.926277385,7.443092495,7.377849677,8.045419546,5.769309223,9.266944661,6.4884140860000015,5.212826134,6.035814003,7.7146268870000005,7.195582722,6.680828914,8.43331268,6.8359341910000015,6.872657203999999,6.185372178,6.020043544,7.048924332,6.439546226,8.900956033,6.317324022999999,10.20504472,5.381582572999999,5.393992398,5.566302514,10.06964081,7.507132493999999,6.301476125,6.616266115,4.572022598,7.782885019,6.138979802000001,5.85502014,5.240553382,5.706342867999999,7.973275611,9.259936745,9.216038679,6.867657446,8.311252084,6.868651367000001,7.3593069710000005,7.3534335870000005,6.916516764,7.78015881,5.786803711,7.798265936,8.533321373,9.021019512,8.617996527999999,6.5855388989999994,4.661497348,4.601253648999999,5.132001679,7.545107729,9.352492796,7.670480082999999,6.036228106,6.857401229,6.393015501,7.4082506760000015,9.379424159,12.32992484,4.823402232,12.81585995,4.925324033,5.7320245089999995,5.561082711,4.526467321,6.296002155,8.241074441,4.423739797,4.341388545,6.784552929,9.769910333,7.593538708,7.525699899,8.787406464,8.983043647999999,5.6552837270000005,5.775140801,7.03544428,6.814657762,7.953558554,6.071206987,7.544465934,6.108396282999999,4.477864555,6.101232988,5.757462478,5.6018965010000015,8.145411332,7.8692976660000005,5.454809909,6.5911395729999995,5.542561347,4.607433326000001,4.697766051,5.043430254,4.36194964,4.786052767,4.716666741,4.810935013,4.916650177,8.926447154,8.624608300000002,5.061354205,6.11046741,5.687936016,4.832727126,4.7068470719999995,5.574318664,7.518359977999999,6.902908213,9.783735115,5.363832816,5.97688963,5.141545503,4.705465579,5.267913254,6.723613137999999,6.564454745,4.962264526,7.937933528999999,5.494424146,9.441531392,5.171516071,6.368912965,4.768977945,4.592269858,5.377686762000001,4.728898031,6.766877631,5.039417578,7.680947374,9.382871158,4.364108596,4.985862256,6.101112595,6.211260066,7.443231093,5.407194324,8.624577894,6.858240706,10.13089679,7.502348725,8.343720004,8.96259621,8.097994906,8.44714149,6.617412926,7.892730356,6.7924410810000015,7.215989645,5.965638642,4.562670778999999,6.515265858999999,7.490217031,4.890064016,5.50307157,5.418014192,5.9805856,4.739157045,5.11431957,7.890329705,8.855776118,7.694793318999999,6.633601893,6.8340253529999995,6.174919383,4.739932348,5.714116882999999,4.865162686000001,4.76342044,8.842475775,4.365342534,4.795490706,9.498292937,7.0478048960000015,6.10117245,4.403795579,6.893625925,4.4118517289999994,6.812062731,5.24057934,7.280950301,7.279883672,8.655320846,6.575390835,5.2931145939999995,4.655549527,7.637765495,7.313104768,6.995355601,4.9202716419999994,7.775431281,7.486675139,8.948615102,7.476625594,6.359928742,8.479946768,5.641710955,5.382061124,5.605229659,5.4266708679999995,9.268021422,9.233436613,6.296072915,4.665310839,4.769654473,7.741264094,7.295070475,8.694152005,4.703188514,4.73137228,8.302395982,9.589908413,5.02483017,7.8751290260000015,9.554254401,7.996915411,5.073759293999999,4.996063821,6.028797129,6.718370799,6.520389487,4.804730512,7.009454946,5.69158257,7.614257169,9.43343236,6.2694017460000016,5.685989747000001,5.189859342,4.318528115,6.205628982,6.864317047,4.977732468999999,6.801875676,6.379296404,7.465328396,10.68098878,10.20422249,11.03713673,8.575320878,7.2375769389999975,11.12521411,9.452257348,8.447606115,7.068338011,5.531425389,6.29291329,8.751102793,6.148215037999999,7.820360544,4.983576857,5.395988377,7.143778747000001,8.807778597,4.44578936,6.9422162279999995,8.046113507000001,8.185623235,4.479437112,5.429372829,5.225641677,5.40635653,9.904297866,4.760438996,13.21365963,14.04399296,6.179690399,7.317390355,7.654732461,9.276246399,9.927301976,9.095603859,6.906418691,6.636219003,5.777721504,8.03905262,5.199403117,7.1911385060000015,9.110071831,5.713084212,4.755315989,8.192638067,7.307062595,8.916503766,10.500537699999999,5.277852091000001,9.670309726000001,6.59853266,6.865779507,8.763052978,6.212970972999999,5.726540881,6.4830062029999995,9.188995015,7.024908383,4.444937755,6.8087699829999995,6.912405784,13.03482453,7.6772387029999996,6.523648737,7.318174152999999,5.559040573,6.5103868060000005,5.146776313999999,8.453039052000001,7.927180521,10.63755358,8.27583208,5.928761242999999,8.298536544,5.708766175,8.224036112,9.299234846000001,5.93555323,6.379356809,6.066986377,7.307184427999999,6.945203962999999,6.199280129,5.363093172,7.007375679,6.605539922,9.118548002,7.505895602000001,5.893262593999999,5.17024385,5.630679413999999,9.398298573,7.3857299770000004,5.560797935,4.731213039,5.066541125,9.228349003,9.309733629,5.019317625,7.716850031,6.519214325,12.83227933,4.870987565,6.790473669,7.168289328999999,4.845528261,6.578078577,7.015386017000001,7.529372865,9.203012141,5.484610617,9.473441216,5.324563533,5.732609931,8.336984847,4.924556245,5.916140738999999,7.322960307000001,5.076560008,8.909155152,9.148088334,6.845693193,8.585230357999999,5.064816158999999,11.93149863,5.624558396,6.566565825,4.471495029,6.3211837110000015,8.073890824,4.828403741,5.788047626,9.157879863,7.1412064179999994,8.603444676,4.372123707,5.9176570889999995,8.094267894,10.06853187,5.318289878,7.783592089,6.623214377,5.072958995,6.9369175310000015,7.467304247,7.628553847,12.04691509,6.407246455,5.984853556,4.769200289,9.24079399,8.643519688,8.393519035,5.723229633,5.536520601,6.126867283999999,7.336186783,5.053818764,4.853436576,5.123748687,5.627458017,7.2356939160000024,5.439165781,4.887526853,6.009773751,7.596793203,14.02962029,5.838318323999999,5.863296922999999,6.301831883999999,6.731944745,5.17387308,4.835868541,6.183070763,6.08954038,5.93455281,5.4458257439999995,6.74320556,5.611829361,7.418318977999999,8.165669609,5.714627999,12.50580816,5.603057636,5.294750402,8.520960934,6.8092225410000005,4.950667775,6.002745362000001,4.484269885,6.237674939,5.0761826480000005,6.018643624,5.978812415,7.604349087,7.111170129,7.87325726,7.658372657999999,5.0209045969999995,4.17489039,8.439847839,7.421242446,5.354989235,7.375963262999999,6.190145287999999,11.26120273,10.7500283,8.795989335,7.997413855,5.619281189,6.487996552,9.515781328,5.43954116,5.452216445,6.154555443,5.224540115,5.395071102999999,6.787386457,7.975265396,7.413251548,6.7197630660000005,6.443936817999999,6.031281456,6.498953908,6.593576112,6.675671212,7.841119326,5.419690623999999,9.362507968,7.161481741,6.429778861,9.347164662,5.6808227229999995,6.6371404689999975,6.931560366,6.551670495,6.257415394,5.162116518,9.980327603,6.874553822999999,4.837028045,7.127014,6.4717973639999995,8.435752102,4.613670225,5.345079833,6.733900498,8.161269613,7.7485334639999985,8.492169164,7.309976377000001,6.342043971,5.103586048,4.91406744,4.652400275,11.32268758,4.812456313999999,8.670946212,7.169802344,6.265072977000001,4.6556931939999995,11.01649095,5.880747653999999,7.45823126,7.209433763,5.761698047,5.894761114,6.492072221,4.626298574,4.7687151960000005,7.484842939,5.83456608,6.90915846,5.057366238,6.690069414,8.280477355,6.32452735,8.600904819,10.62871395,9.094848205,7.233059582,9.621776987,11.02367792,6.349988569,4.797932459,6.528808996,5.386894357999999,6.662483094,6.001574205,8.714568658,6.356030538,7.433460137000001,6.5352050120000005,5.618376026,4.624338012,5.153025703,7.233646498,8.161926882000001,7.181744817,7.236297828,5.42748054,5.2267540619999995,6.482587499,4.819385476,6.534103375,6.6107444310000005,10.22120325,10.68831166,4.385573681,4.83398048,6.5008605610000005,7.0902443239999995,4.7568136889999995,4.080157915,7.65801647,7.982765316,5.776629647999999,4.419595289,5.049290114,7.001724227,6.991261278,5.513399188999999,6.277013854,6.747357121,4.9347583760000004,6.409848909,5.546247567999999,6.046290567000001,7.235040406,5.320747449,5.331262357,5.855207900000001,6.069988502999999,5.63318545,6.142360981,7.582832517999999,4.179136109,9.187360894,4.544650561,6.877137817,6.455489012,6.777285158,5.595771653,5.071100004,4.684647518999999,5.081060894,5.683690829,6.200430451,7.556824983999999,5.8800395420000005,11.32584034,5.6736500360000015,7.232424162,4.549951302,5.8264697010000015,4.4195598480000005,5.662846947,5.574215952,6.079310808,7.626620827999999,4.472888028,5.523273652,4.559197562,7.744768485,6.476417975,7.580464434,11.72005118,5.039351295,6.888086932999999,10.16318109,9.015902407999999,8.369266742999999,5.502208249,7.1180161779999995,4.270002957,4.754453235,4.8120005919999995,4.833651855,5.011228498,6.846926064,9.430013621,5.882321717000001,6.203535717,9.670787504,5.991879869,8.920904725,6.156220374,8.401487833,8.498269192,5.944929012999999,9.169280378,6.6023793410000025,5.481843021,7.051380282,5.04308136,7.082828115,6.5834618670000005,8.331862875,7.37458871,7.1469545010000015,6.183583425,4.690889258,8.01294946,8.281929478,5.095416717,4.50007232,5.671099661,5.90459141,6.3566702070000005,6.40454729,6.232235652000001,10.34111891,6.996944587000001,6.357638661,6.8146911160000005,8.420214054,11.21232426,5.038693776000001,8.520566079,6.3728554860000015,8.411834942999999,6.621232572,9.15270772,7.500624264,7.808656487,6.979945505,10.85421122,7.455185822000001,9.439064287999999,4.78873767,5.801973345,4.400920199,7.389273997999999,7.127506704,5.89929377,5.278060003,8.816160423,6.948438218,6.554532152999999,6.9585323510000014,5.030501297,11.67444482,5.226900951,5.8356833539999995,6.727651132999999,6.566038467,9.261484087000001,7.0150715429999995,4.845426455,6.136494839,5.557294203,8.663802056,5.4197096610000015,4.889084421000001,7.148251639,5.5077537439999995,5.832792535,6.235935143,9.456177027,10.01793514,6.336572469,8.07882122,7.961308886,7.445081355,7.9544903310000015,8.159837179,6.985993102,8.131133944,6.660265159,6.244805363999999,6.354548382000001,4.772672957,7.851425495,9.542031465,5.2194299719999995,6.237651082,4.947507002,8.806589153,8.059403468,6.42034102,5.795186974,4.338912288,5.415177987000001,6.782258268,9.116970081,4.966776539,7.044816497,4.986509661,9.053853596,5.895589396,5.991793907999999,6.042977658,4.481059073,6.623644989,5.514584585,5.43472652,5.2427079569999995,6.480078224,4.68838615,7.205595849,5.608079851,5.503405017,10.75443658,6.7134948539999995,4.571875889,6.1686804429999995,9.26683013,5.296298232,8.590900357999999,8.23949559,4.409564135,6.310945727999999,5.8850238820000005,5.683750087000001,5.565222979,4.628767346,4.965162523,6.207749691,4.945533675,6.598754351,7.8599599829999995,6.585936969,7.152433292,10.02104073,5.258338339,5.101417553,7.036263138,5.6321632410000015,5.435419232,5.7670152360000015,4.453184329,4.39048111,8.678369352999999,6.330902846,8.496664682999999,12.42436045,4.649332288,8.949945537,6.066196428,7.659033513,5.015230177,4.473461808,5.934610738,11.75389531,10.28287406,8.241815195,7.642977228999999,5.384706785,4.800696805,5.6934121289999995,7.146392682999999,9.27825604,7.391407282,7.8515819539999985,5.352170056,7.666940941,5.925187386,5.234207103,6.070877384,7.223431729,7.430760542000001,6.292402474,6.868660067,7.4539144020000005,6.755660764,5.650305792999999,5.784142472,8.173094669,8.350628922,9.110551561,9.700618301,8.152270137,10.34390032,9.039385084,8.721870337999999,7.722797944,7.8940285060000015,6.160600095,10.1354179,4.5927438789999995,8.397391916,6.359273815,4.599267258999999,8.852459352999999,6.464309338,11.46950154,4.410319843,6.557592333,5.867686394,6.317478799,6.191466613999999,8.264289672,8.565379549,7.477648855,4.45900713,8.209666198999999,4.39694642,8.025518111,5.0258323030000005,5.745312825,5.788978329,5.9256659,9.738111053999999,4.965269097,5.671604637000001,6.849007643999999,5.075390683,7.025691972000001,7.63823544,8.794794605,7.757427957000001,4.25756135,8.001998958,8.4673428,5.545366771,5.430048861,5.081945056,6.7635388270000005,6.607678074,8.530615762,4.75945937,8.960919192,7.357237483,5.734780957999999,6.390436782,7.730890692000001,6.6322624029999995,6.064386344,7.828095789,6.915756332000001,9.561036247999999,7.214998262000001,4.213195995,6.976694424,7.3445813829999995,5.497170497000001,5.263750407,8.618324756,5.344809791,5.206727955,8.801316992,8.018918845,7.218036427,8.070646434,9.309106153,5.688104196,5.378473604,9.970358535,9.133457669,5.615039756,4.419277211,5.152739858,5.172570169,5.226703387,7.454058527999999,7.997499737999999,8.844225514,7.031468384,6.815699045,6.77050034,10.55605107,7.393180911,4.80839369,6.285792185,7.479713844,4.602375996,11.84205461,6.137253969,9.600338706,7.588042084,9.116003033,7.550573327,8.002077486000001,9.280823095,5.988699774,5.285961267,6.4497729889999995,4.353819967,7.988503121,7.475606252,7.731964558,5.589297771,11.59139887,7.75559663,8.042798067,8.914109391,5.869647109,5.68186873,5.316514767,7.148199475,5.303254587,5.4856167760000005,6.399044879,7.81640383,7.304098346,7.279991017,6.705962726,5.593935815,4.82543522,5.175130687,5.6743351539999995,6.341053401,5.521433131,4.40135156,4.069840226,5.123659151,5.204267627,5.20970514,4.5908152069999995,5.617032772000001,7.337480802999999,5.8054454060000005,6.587648637000001,5.86296469,6.939654831,4.679658979,11.06966639,9.449557636,4.738270834,5.947991742999999,7.146481735,5.309210537,8.583365642999999,4.503651921,5.319668359,9.549887353999999,6.449545218,8.202031538,5.657760306,5.495874954,6.685027737,5.846460757000001,4.202334414,4.487399872,6.972912332000001,5.34434333,7.880836211,4.74110038,6.654581385,6.494159302000001,6.809439555,4.5645960169999995,5.434073385,9.99087645,8.493274187,5.550620285,6.986556462,6.337767303,7.243800221,5.8081631960000015,5.993970751,6.648063336,6.334177057000001,9.70534655,9.489948803999999,9.636475916,7.16746605,7.852614847999999,5.111675853,7.095071462999999,4.714591915,7.9991337520000005,7.18985853,6.204063493,7.0865880039999976,8.557742637999999,7.589957711,5.140520334,5.269688013000001,4.894119305,6.1846715360000015,9.594429017000001,9.906965092,4.819320929,5.6991621939999995,5.950962264,7.938442961,5.928869547000001,6.4666592760000015,11.01853087,5.143335378,7.861375568,6.698545633999999,5.337513133,7.008840137000001,4.590784438,5.942874463,5.843490137000001,5.227557904,5.414295813,5.247775798,8.968411338,11.36114321,5.656069402999999,4.268572173,4.737791057,9.919117421000001,8.519279739,7.774070921,6.6662155510000005,4.490582871,4.272440233999999,7.4005141939999985,7.003357882,6.984655589,4.90135603,4.7369939169999995,6.596541002,4.617412683,4.918217567,5.086070095,8.586066801,9.074621302999999,5.068056102,5.84177145,6.811170721,7.975317255,5.964880421,4.592302228,6.352354602,5.329032928999999,5.504747561,5.522474956,8.867113832000001,6.5907528110000015,6.507133235,6.800523484,5.740095977999999,7.406185446,5.093645396,6.192189162999999,8.915259625,6.5996284260000015,4.876355611,7.700291826,4.729282883,8.10374402,7.900862525,4.798501035,9.502881643,6.3558193439999995,10.15703222,5.173785501,6.023775204,5.607057919,11.81260082,5.963688445,10.15811681,12.28566716,8.039109652,6.540099796,7.459396882999999,5.855647481,10.9414198,9.400767898,4.873090383,7.955180536,7.154021544,8.530785527,9.205398519,6.654334092999999,10.61573847,6.223807817999999,4.984079877,8.658302907000001,8.845010398,5.729027632,10.39317211,5.677960556,8.266654991000001,5.333644673,6.3911105820000005,6.9803231729999995,4.787486341,6.209491732,7.024333399,4.297395205,8.223825741,4.8478685619999995,8.571677907,8.593653518,5.715301015,5.068825034,4.633442227,10.61966661,7.453457812999999,7.140656149,6.97093445,7.260208615,7.546753394,7.272213428,9.927361487999999,5.915485515,6.7759616110000005,7.504203353999999,8.20723043,5.925663064,9.430460295,7.150118544,5.622391264,5.873933438,5.40321451,7.3663816739999985,8.24385629,5.963630869,5.230764403999999,8.815169656,4.554113387,5.234507476,5.853578272000001,4.905725708,6.652484977,5.6131911279999995,6.188277808,9.156976214,7.3393757389999985,9.217475988,9.521987889,8.068837683,8.961029249,5.137709112,7.827721282000001,6.595240702000001,8.701643792999999,7.6206493029999995,5.102454096000001,5.0503787319999995,7.352468977000001,7.31970796,4.497392296,6.380310828,6.968521363,8.342265422999999,5.849118722,5.111583486000001,6.047354365,7.142549653,8.056061785,7.985226346,7.561413009,7.932026229,6.841105353,5.739648572,6.579444341,7.790669164,10.05402075,6.708194617999999,6.707666897,12.88259284,8.896337691,6.735430067999999,8.506715011,11.38016106,10.85026511,4.186892799,4.195903265,5.425789765,6.865439907000001,8.460337557999999,10.02361073,6.972882956,7.600602477000001,7.956536483,5.430982928,4.7224355330000005,6.928363347,8.317453059,9.06905508,5.582457467999999,10.01035868,4.641124507,9.073730449,5.4000748970000005,5.108163072,5.191104289,6.490859531,4.535067358,4.799468658,5.21565277,7.705228121,8.008287232999999,4.631161186,9.352892368,6.767848834,6.751112943,9.467770991,6.6638833360000005,9.887227118,7.363871649,7.921348718,5.673398584,6.030125415,5.083153067,4.752281541,6.710226847,7.77326678,6.7878233020000005,4.937375753,7.959933958,7.2330774920000005,5.349483276,8.15944446,7.091445208,7.465665962,5.987053347000001,5.531227146,4.2803389,5.359874728,10.17560536,6.996796101,5.140682067,11.67054024,5.192275205,10.67891964,5.755719002,6.03052479,5.841208961,5.515385834,4.937422083,4.557994358,5.7312843739999995,5.351612752,4.823666762,5.26137527,6.09215335,4.814450005,6.934794887000001,5.302211618,7.262720718,12.18502645,5.57421987,4.757414936,5.674151859,6.046091121,4.945843374,6.954759475,9.42195583,6.801302777,5.905508697,10.20299823,5.71461562,4.927400405,4.247782337,5.611887126,4.993266098,7.940609151,7.586354696,5.302187857,7.720296323999999,5.9629088889999995,7.055667947000001,5.73662554,5.823461484,4.508680524,7.6951148510000005,8.669527214,10.2959632,5.044319557,4.721300907,7.213716954,5.179530234,11.03814307,5.883863419,8.87248415,6.495107656,6.195447511,5.738216027000001,8.310776005,8.599328468,6.200535062999999,6.258201307,6.950618443,5.741130724,7.76896529,5.717839239,4.5890915130000005,4.980905508999999,5.388798692000001,6.997118209,8.57921821,6.177082048,5.8620252729999995,5.873503082999999,5.24034217,7.008972907,6.192498165,4.577677017,4.252943801,4.1138991030000005,6.8320880000000015,8.703577382,4.874037112,6.760239058,6.533225848,5.6932358039999995,6.253744844,7.03706323,10.25983853,4.882737654,10.62084132,4.9517642969999995,6.021071915,4.826649762,11.28103155,4.41299449,7.685116308,5.15850098,5.825605362,5.430279998,8.698009196000001,5.75298744,8.242090961,7.972641287999999,4.470670375,5.340622309,8.590171955,7.133089469,7.318046402999999,4.488409834,6.785787826,5.779555611,9.195815831,7.154597721,8.098717158,6.654294362000001,7.495057774,4.80063513,8.972442735,5.260232998,5.310305444,7.364486787000001,8.395928992,5.067530411,9.175536486,10.90544646,7.083427358,6.667242398,4.905443562,11.11049275,4.652071871,9.124758647,4.71347533,6.194040526,5.243137512,5.031570643999999,4.876542082,6.322978377,8.373949073,11.59104828,6.632254382999999,4.884810507,8.023811734,8.207719212999999,5.792850527000001,4.455685926,8.112423698999999,7.711585931,8.931185117,6.373120472,5.2871060739999995,6.213943133,7.759552346,6.98281629,6.706640724,4.683255309,5.128560772,5.078741088,5.6765125339999996,6.509895185,7.126634075,7.837170634,6.927865216,5.221287127,6.960422137999999,7.612230017999999,5.543466821,5.626577758,8.871929026,4.795344986,6.6465029929999995,4.87434213,8.977907373999999,5.323429774,4.813148579,4.838174853,5.716323963,5.787499285,9.465791579,5.750666549,5.476872079,5.713769494,4.514437268,9.535887726,8.501953054,5.822959902000001,6.381529966,5.6072266420000005,6.789601998999999,5.8235111129999995,6.97422336,4.503711287,9.835429015,6.5616020760000024,7.832889845,4.2332485160000015,5.119632889,8.332854437,5.237814602,8.596736191,10.32646464,6.1380533370000006,10.38611246,7.532449217000001,4.957474314,6.559659318,6.601814528999999,4.279522167,4.848721739,7.304982884,5.038858142,5.335553956,5.093190122,5.042560684,5.608959337999999,6.2502972560000005,5.8382605629999995,6.859424926,6.074844286,4.534396895,6.357432686,7.664864323,4.73496446,7.191280326,5.661895839,5.558178476,5.545522365,4.667801517,8.02056185,9.145895032,5.371838755,5.081590361,5.126803048,7.157576884,7.009551339,11.14001777,7.892393179,4.140638471,5.440010028,8.157671673,5.308428534,4.311006707,4.727372046,6.716577111,5.160912776,4.27679354,7.928609363,6.1627449,10.81221292,6.486687099,6.068056843,6.254765592999999,5.94569125,7.258381999,6.70292213,5.477756756000002,5.499413515,5.649588,7.249431183,6.63796155,4.892994463,6.221081785,4.965516401,7.6045200920000005,4.718475051,8.339432943,7.1871287420000005,10.36844015,4.663687144,4.407191302,7.056908046,5.5073538960000015,6.031460017000001,4.805583382,10.05797048,6.9008613510000005,10.05910821,7.574598677999999,4.815793153,5.301472562,6.68201473,7.692046697,6.752206158,8.972293605,6.3126495039999995,6.349942712000001,6.0750923839999995,6.966118117000001,7.415323586,7.024747071,4.285155968,6.760142758,4.821927641,4.785199312,5.8342189410000005,7.364182135,5.253810328,4.396997726,7.296336416,5.976381085,5.495276401,6.054973671,5.290796108,5.08693913,7.603922464,4.3784606539999995,5.051759766,4.831896789,9.692998307,6.768773907000001,9.508883331,4.521718374,7.347211202,5.326506708,10.01020368,6.823421727,6.231044279,4.859600391,7.628803549,4.947387968999999,11.45027121,9.148471215,5.971752385,6.5824630410000005,9.648083657,9.861365311,7.693188782999999,6.530833951,7.711625109,5.714374072999999,10.71827971,5.712912604,6.111353546,6.540014322999999,8.098792661000001,8.498264133,5.838782386,8.104023067,9.342506803,10.22074953,4.512715407,5.175920681,5.500514335,4.807062952,8.399995563,4.811367662,9.834121631,8.325662407000001,5.604840514,5.278295156,5.483234293,5.675970883,4.332405501,5.860878832999999,7.844459756,9.000816807,7.049829536,4.990829651,5.809024854,11.48355736,12.35401926,6.222020729,5.078889428,6.2321421070000005,5.304596125,4.2921990889999995,8.024736401,7.169402265,10.38474224,8.514897955,6.287830682,7.741506375,7.109640095,5.437212227000001,4.8253376789999995,4.851641613,5.216800692,6.5891304129999995,6.864094562000001,6.041782744,5.882052375,5.812045366,5.5527202739999995,6.650373871,7.470223797,7.608076466,5.700181477999999,4.3990275919999995,7.936355835,4.275451973,5.165213631,5.688491459,5.681661752999999,6.385702035,6.531408421,5.512922275,8.954396877,4.941941474,5.365509239,5.909331356,4.817531218,6.858964384,4.801862073,10.42399767,9.842162624,5.627400777,5.577043447,5.312259499,5.564459314,7.470536748,8.420973423,4.43900202,4.515231899,7.1403222379999995,8.589988553,5.4375686089999995,6.372567413,8.634132506,7.601223363,4.773986976000001,5.6178517060000015,7.120718373,6.149979276,9.955179196,8.53805366,4.609920273,10.08646783,5.193069979,4.588730792,5.147286684,6.198822389,8.675167529,5.17229103,6.873159516,7.813429687,6.857944292000001,4.848598602,6.315250355,5.125391497,7.631319069,5.36570816,7.222083948,4.928690587,10.82668645,9.820610176,5.219223686,7.29752634,5.155191542,5.101041498,11.38191037,6.235892699,6.496898165,10.19181263,9.382263402000001,6.32172572,6.082549617000001,7.438267907999999,5.015892739,7.284459742999999,8.892904042,4.211289064,7.633417944,6.342581778,7.654326202000001,6.689176201,5.84468593,6.578128714,8.271265306,6.212092875,8.421615601000001,6.704475612,5.860053937000001,6.561846787,4.972138313,8.604386265,5.844510093999999,9.009004666000001,5.178707986,5.973607071,4.975535109,5.199770684,5.023458651,4.834247421000001,4.891177633,5.211937287,6.517828827000001,5.26293959,5.031573542,5.610948098,5.868620394,7.252327216,7.403621621,7.238603104,6.461756502,5.810767909,12.35276978,5.541408504,6.3151550489999995,7.880332049,5.539360137,4.202739674,7.490742278,5.418804495,8.900451896,5.191263496,5.176126593999999,4.440214975,7.426499954,5.835226627000001,6.596074354,7.158037525,5.784657009,5.59810468,12.76021273,6.804429207,4.2592464460000015,12.39878294,7.585810342,5.7252742539999995,4.470577629,5.652147126,6.197222312999999,8.647697435,6.0737942,4.9110382260000005,4.5980900689999995,7.671799339,5.687957872,7.7308845370000006,6.74978863,8.006336713,6.149099541,7.359855382999999,5.455484014,4.87814304,5.938572289,5.743834044,4.834769106,4.557775423,4.680579175,9.466082992,8.209556335,10.00564449,6.370786819,5.830102612,5.653628932,6.847887657999999,7.697493763,4.881147619,5.837840278,5.576284575,5.868408596,4.826802302,7.933755199,13.05510314,4.278280672,5.369699128,7.0904988410000005,4.275852642,8.029749146,9.35610749,10.079569699999999,11.45646043,7.271362661,7.370130876,8.277469422000001,7.266049093999999,5.32130751,6.056291794,7.24792798,4.923133366,6.628814042,6.1657842610000015,9.629544141,7.086143927,5.010085012,5.586225555,4.88632824,5.709199571,4.422834368999999,5.795759549,8.213208682000001,8.294670227000001,5.571625386,5.6521837029999995,8.916332622999999,10.35584199,11.125259300000002,6.390296383,5.8114102370000005,5.88460234,7.238646072000001,9.465921572000001,7.34722503,7.668714232,7.128726914,5.0640574019999995,7.688814953,5.277136076000001,4.619413641,5.621694767,5.307178223,5.1404617969999995,6.576974882000001,8.565427297000001,5.256683442,4.0826850630000004,5.38090456,4.438996714,4.5969684719999995,6.405913684,4.939438255,4.979449106000001,4.535800171,6.843735307999999,5.441062313,8.308413974,5.8186167860000015,7.518170329,5.968909244,6.169793219,5.855428193,9.499262603,6.863795426,4.631623964,8.131341217000001,4.543148683,6.600211423999999,7.940435898,5.775556532,7.683529092000001,8.394134635,7.927514029,8.179972781,8.252602484,4.949076819,5.381786311,4.4054862,8.404972416,10.65424759,6.032857118,7.793597411,7.096681707,7.198454586,5.9265166979999995,4.858502952,6.7988088289999995,4.853091723,5.055310307,6.2023289429999995,6.6449502910000025,6.143696992000001,5.746118878,5.697682746,4.9143639839999995,7.6743544739999985,4.683900817,7.151313805,6.4285475660000015,8.57354933,5.305415473,7.666779149,7.645395255,5.3293203060000005,5.050000743,10.0070238,5.811253557000001,5.39905649,8.469443028999999,4.323826736,6.168958797999999,7.99515265,5.788081802000001,6.086926442999999,7.315467331,8.766183448,6.374714177,7.38735023,4.987772403,4.245595263,5.054827811,4.759431271,9.782397203,5.314878556,6.257479752999999,5.98644646,5.024519273,8.211301548,7.37038097,5.5842546220000004,5.477215084,4.983673433,5.625431721,9.191475785,6.973511866,9.320379373,6.185119498,6.4070175260000015,7.736794887,5.521666217000001,6.14265812,4.912750681,12.87599743,6.124280385,4.3657508310000015,6.954423695,5.335084075,7.160117249,6.743471832999999,7.623071702000001,4.766359205,9.315124804,5.866954666,10.04481733,4.403326458,5.521424777000001,5.165366562,4.955054217,5.010975727,6.7798810739999995,6.3923917260000005,7.658391802000001,11.538755,5.803622219,6.773826484,5.697444031,4.928899152,7.419501222999999,5.41863183,5.944988717999999,5.65174313,7.762742458,6.149573837999999,5.124597249,4.584760145,4.911744961,8.433100021,5.4188866639999995,5.110328629,6.018308311,4.816406419,4.847874492,5.088904298,6.565916818,8.41548011,8.456004228,4.842011724,6.944010124,6.234963235,8.604137573,7.524863048999999,6.283564048,6.284855061,6.3581648479999995,5.207788876,6.325751341,5.8544084629999995,5.081878951,8.99295251,6.2536003220000005,4.344864329,7.730312822999999,7.352574122,4.532647492,6.156972885,7.543682578999999,7.789972931,10.66208289,4.8523660710000005,4.712408478,7.584432427,7.995651153,7.345436302,4.796851636,7.928450939,5.677195959,6.802804748,5.724543411,6.084690129,4.984439514,6.9800262910000015,6.7102230579999995,5.6365190620000005,7.8651558060000015,8.085540952999999,6.025241049,9.798498666,6.34890528,4.870817016,7.362216011,7.7347171,7.518898106,4.642666965,8.067501349,4.330973335,8.98540391,5.891958058999999,7.702395049,7.033504656,7.200616274,4.2692458910000015,6.5417837410000015,7.2424325970000005,6.5839342510000005,4.667454029,4.1742223869999995,5.999786114,9.552568522,5.069357025,6.460936165,7.784144078,5.64260659,6.0284018060000015,7.771164757,5.281442949,5.622487099,6.4775839170000005,5.42652021,8.65060331,10.31984221,7.518429717999999,4.192223376,5.405079023,7.886115697,5.9155244960000015,9.597075588,6.797433361,4.571960206,5.376108602,6.343462242999999,5.169848198,4.585138801,5.954461692000001,4.468619562,7.039031886,5.059485491,5.306888557,6.530313437999999,8.970179099,8.40128126,6.941573633,7.18563397,4.6662562439999995,5.307407773,6.922085605,5.539523419,5.678584312000001,9.190532314,4.923942923999999,6.28655911,8.360531457999999,5.49817788,7.601112818,4.633401208,8.180211106,8.242063225,7.559007382000001,10.02631712,4.8239853319999995,11.33634973,4.450757277,7.184730603999999,6.99373388,4.679198101,4.501435431,10.53835797,7.265492068999999,6.593941015,6.3313409279999995,7.22608955,4.936646214,7.0047182810000015,8.882186738,7.8934109810000015,8.017301045,5.141659801,5.897616827,7.913486685,8.190354427,4.488443072,5.205242128,5.396280399,5.287651477,4.836460961,5.648314506,6.8968971660000005,4.607267712,8.00079713,4.779591492,4.904712153999999,7.964692886,8.161402246,6.595518124,5.565924232,7.757681132,7.152648869,4.800244351,7.59824377,8.04463157,7.329484575,7.4236680339999985,4.683754223999999,4.718589892,8.452718091,7.644813721,5.936192514,8.701875255,9.283387527999999,4.930191703999999,8.714245834,5.329192239,5.070290544,7.395709844,6.641953689,6.782357779,6.449977256,4.806631843,5.131607726,6.57473457,5.112893315,9.337176964,4.38490655,5.092693882,10.36079501,7.117967899,7.3488042,7.635913648,5.795569479,8.193731534,4.147231913,8.469623848,7.0229672039999995,5.1389728880000005,6.0147054760000005,4.951420359,6.2675931579999995,5.696047502000001,6.020162685,5.699590762000001,6.529281532000001,5.895880644,6.522037856,4.4427456780000005,8.34563347,5.116780556,7.401170549,4.336038745,7.174277035,8.896475251,8.005752569,7.893253425,8.954704223,5.6775230310000016,7.656457487000001,4.492467714,8.237502476,6.134863289,9.728680949,11.48644165,6.134233313999999,7.3621297110000015,5.410768462,7.617290661,4.302193157,8.693381453999999,6.074549635,8.198138703,6.799051812,7.734161665,4.832197468,6.32543462,6.005859244,4.398422353,6.133934603999999,5.240999013,5.033590611,5.690621095,13.21519503,6.636512139,6.474432928,10.16680595,7.810163524,6.143929368999999,8.299873426,8.040707043,8.255200519,9.353140243,8.927150166,7.058539013,7.047682204,5.205493788,5.5682692660000015,6.460864554,8.264836079,4.288779562,6.107659462000001,11.48764651,5.390830547999999,8.408040405,5.832637895,5.540725651,5.240529895,6.874343634,6.322936014,9.420483377,9.485606133,7.841871135,7.297705203,6.50380241,4.28136699,5.430531403,7.6011847470000005,8.448449787000001,5.553807837000001,4.486248524,6.587320581,5.575636821,7.285205811,7.465486012,5.211896324,6.242011682,6.35443021,6.1289234839999995,5.491547862999999,7.342542777999999,6.371680875,5.966730962000001,4.770058592,7.152138937999999,5.422649312000001,5.1757379839999995,4.19535706,4.804373988,8.571980762,6.621381307999999,8.517078198,5.910716633,7.6113028310000015,5.7223830389999994,7.893967779,5.995898897000001,7.084932134,5.810774747999999,5.218355911000001,6.3601408410000015,7.75778555,5.932526967,8.719652252000001,4.450349227,6.209337256,4.416661284,5.71741423,7.640525692000001,11.69144448,4.741305551,8.506718457,11.84503583,6.8393669379999995,6.219102542999999,7.119473361,7.035659764,7.004844301,6.078677806,6.698111063,8.330097076,6.3266592379999995,5.847321872,8.920093853,6.497406655,5.784921174,5.325248325,7.015486192999999,4.600195398,7.752756064,12.30377488,5.2564592910000005,6.688457372999999,5.898365605,7.893858312000001,6.299768877999999,6.900171877000001,5.690494581,8.833992531,5.007070488,6.092589244,7.319127707000001,5.694647454,6.715125147999999,6.865285199,4.825225678,8.133291946,7.2264088179999995,5.653849927,5.1934420160000005,5.24112367,5.191392,6.6625348970000005,4.668452234,5.499004612,6.864835848999999,6.703293658,6.575767615,10.16497967,5.435517582,4.736889706,5.692774534,6.650815691,6.2689737,8.366943793999999,6.842782091,6.093950456,7.326577202999999,7.587387647000001,6.035303884,7.03743974,8.233534762,4.929969021000001,5.815729784,8.089148518,9.083728987999999,4.1138491460000015,5.7627681289999995,5.247282166000001,6.063512652000001,6.458983722999999,6.756001165,4.536724746,9.571385101,5.752374457,5.9589224839999995,8.205160591,6.382084084,7.197837034,6.308477826,8.78656277,8.136140703999999,7.22704546,8.615329722,6.005084779,7.428361207999999,7.213394619,8.087155274,5.900203457999999,7.799691507,11.66666354,7.365168177999999,4.76936833,10.15358217,7.063338077999999,8.081797212,6.906332065,7.047562135,6.28002381,5.147766644,5.484111381,5.65396883,7.745063036,7.342799648,5.9723376770000005,6.885963843,4.665853313,5.0109085669999995,10.10485917,5.1298824739999995,8.904445849,5.3188425960000005,4.404855803999999,11.18103516,5.217128536000001,10.32676981,5.348217072,6.59021405,6.230802075,9.633212854,5.721713144,8.091207426,9.10953854,6.460757822000001,7.289850922,7.453560112999999,7.5038059729999995,6.776102196,6.019892845,6.162266186,4.4890272000000015,6.926629985,6.03029751,9.142829082,5.43258978,9.602174247,7.69847601,7.965507016,7.159339827999999,5.993937186,8.089516925,8.627100402,7.4233527289999985,8.09860849,8.707538287,5.363525321,7.752427467,5.02621269,6.257825344,8.035348707,9.513199108,8.186701669,4.433710243999999,5.620776547999999,8.316650183,7.77303898,5.463007336,7.344189419,7.926615512000001,10.0754038,7.283537442999999,5.470395902000001,6.032278985,5.888442341,8.004729328,8.392281495,8.593489672999999,8.216847739,6.05579883,7.595710866,6.064408504,10.5772583,6.687164787,6.8219786870000005,8.126296349,6.075140721,7.469309053,5.49352102,4.221410695,9.994911404,6.779465184,6.5305765,7.575736846,5.296437269,6.793282972,5.41690303,6.429978221,7.18274498,5.4500639920000005,5.7773296610000004,5.235925451,6.463125558,8.044009997,9.750831665,3.813668525,5.327194585,5.677607148,5.80295889,7.957001859,4.774286378999999,5.4176195310000015,4.3989192919999995,7.778565703,5.285286816,5.115507438,6.724929241,8.940066879,4.688644738,7.499636897999999,8.209415577,9.721185902,7.346088615,4.963900962,4.729272601,8.753383232000001,9.064467547000001,8.672297665,10.43141862,9.787400051,6.312865771,4.531141262,4.817968844,6.839937736,7.513470055,5.60518454,7.866808363,7.409916731,7.886421745,8.955224539,5.76346925,6.355621263,5.003200316,7.2236140120000005,4.782486976,6.2495644860000015,4.8486409010000004,4.774844794,6.9150158489999995,6.2033253560000015,6.402384574,5.501861623,7.437465426,8.759435643,6.04335492,5.746477499,5.499408868,5.799347125,10.31266984,9.13979267,8.18821052,8.436744212,6.83506759,6.9717947239999996,7.560502358,5.99506491,6.847714548,7.083516286,5.459077159,4.729058641,5.939721603,7.215446384,6.584527552999999,4.356994459,5.7626992910000014,6.935082446,5.181558036,8.310216543,5.508183667999999,5.8691007520000005,5.003966134,7.363536346,5.343355765,4.658136302,5.161605051,5.595191802,7.9473019,5.265506307,4.601905567,8.190828783999999,4.877626537,8.875576397,10.52609055,5.184767863,6.907940505,11.64608635,6.561937403,6.152277638999999,4.85318027,5.124996586,6.295701276,6.841436067999999,4.628303282,8.490143993,7.136495048,7.41859968,7.461105762000001,5.652620422999999,5.787895391,5.26722979,5.933354487999999,5.2419101139999995,7.063351535,6.364804797000001,6.314391317,11.77763182,4.96730631,4.657118700000002,7.654941459,5.5976801960000016,5.163443879,7.092090568,6.501921224,8.762242937,6.040906531,6.148298317,5.022076135,6.486405897000001,4.837954374,4.747680992,5.94576049,8.723648962,5.362681499,7.245327728999999,4.896304487,4.8379760460000005,5.673755063,4.8143722780000004,6.3137430660000025,5.4014908870000005,4.671976857,7.445772688,5.562936702999999,6.4548756360000015,11.97958911,5.125806347,8.791130653,6.9454689929999995,10.41241936,4.567506245,5.979013052999999,7.627129196,5.661762837,4.091060499,7.650081809,4.403617362,7.259935033,5.658276663,5.95378337,5.486300489,11.7157117,9.660190077000001,8.26458148,4.814227064,5.066078824,4.695779097,7.621553221,7.332826594,5.244256871,5.808171912000001,5.472628328,5.55935224,7.065792626,7.277646752000001,7.910727972999999,7.799284366,5.868750981,4.533591041,4.972952801,7.1970055529999994,10.98580626,4.858129371,10.85395359,6.062675536,8.663069079,9.584510104,4.902074686000001,4.456365186,5.814802365,10.8241601,6.876624085,7.188207679,9.382954968,6.612529229,10.06041324,8.736623981000001,7.081773909,4.615108329,5.995807523,5.883411578,5.381985082999999,6.474756826,7.677903896,7.665033519,8.065169476,4.759017781,6.095671727,7.656070817000001,7.493033617,6.335237327000001,4.545925874,5.686782148,8.643203192,4.9845795310000005,6.811395724,6.5397068439999995,7.226026192000001,6.220683206,7.851845742,7.052497671,4.484326248,7.3682477870000005,6.187343987999999,6.309843666,7.58426668,4.861834428,8.492099995,6.088702645,7.388763235,6.084548912000001,6.123415672,9.372983955,5.43351962,8.123205061,11.02594967,11.39404578,5.6874612010000005,8.41435956,4.620039026000001,10.23183988,5.479793428,6.997814099,5.779665499,5.7198054339999995,5.98121755,7.7109069020000005,11.26316763,6.413175829,5.64978486,4.620610299,7.52267597,9.490254764,7.936595588999999,6.521325813,6.568856212000001,4.978258853,7.895731396,5.5931899210000005,7.174714974,5.7967458610000016,6.665669554,6.195678035,8.857582969,10.42372451,6.191813123999999,4.890693303,4.0
5,11.50149206,6.442371492,10.06803335,6.963142909,6.355185272000001,4.505605357,8.708670106,5.215859324,4.516068508,6.00094258,4.570771944,10.72197403,5.686403123,11.15289902,6.80146911,7.280425217,9.264126575,6.315970509,4.7461321960000005,8.968372459,4.4031022580000005,7.055727082000001,8.201784479,8.276174758,6.6878140010000005,5.099945352,6.4025454029999995,6.8619766910000015,5.327775238,5.086924109,9.169905676,6.332520677000001,7.255834097,5.15407988,7.7251166960000015,7.1945858560000016,6.3680700660000005,4.852083966,6.030109086,5.0859527060000005,9.090945526,6.182953304,6.46408533,7.3724780339999985,7.443572777999999,7.562455722,5.632205614,9.458288917,6.107286892,7.180064599,4.70077951,6.180118491,6.342723522000001,9.207647722,4.3220868260000005,5.5820590060000015,4.638904575,9.564482411,4.479225634,5.486773769,6.080817861,5.36516649,8.492506169,6.912919058,6.338581211,8.250269444,6.463140937,7.087047044,7.3940686960000015,7.831392153999999,6.335388312999999,13.5181696,8.005862952000001,4.417853148,6.8746792889999995,4.738113684,5.035287448,6.635549515,4.650025679,6.81094212,7.3732038310000005,6.413856415,8.638084422,9.042507137000001,5.273553656,5.664064442999999,7.488676497999999,4.9273997419999995,5.407971438,8.560319865,5.330746971,6.998517367000001,5.24807257,8.531623349,7.795500189,6.114101886,10.23013373,4.389235505,4.317163208,7.0484042879999995,5.454337732000001,6.0064216020000005,6.4053457210000015,8.564987106,7.452004938,9.153700446,9.57436994,4.767665404,5.0284764000000015,7.1580560470000005,4.9751590939999994,5.126707822,4.796996409,6.735165042999999,5.935333825,9.052949647,4.32670593,5.290257243,5.880046843,6.875871997000001,10.854647199999999,8.629766072,5.741546848,8.742215148,7.780149285,5.2821427739999995,4.973961296000001,5.456137135,4.676784881000001,7.379573947999999,5.443773075,10.96838826,6.546830569,6.58209914,5.835749924,8.040748607000001,6.532607877,4.731770722,6.287236872,5.3135597510000006,4.372232695,4.589372707,9.914731286,9.148258279,5.644284422999999,6.348863904,4.936908325,6.065469641,10.26790921,4.728262443,6.9791131360000005,4.731528248,7.200273342999999,5.525224796,8.73827955,6.63257591,5.736863747999999,6.193571929,7.708140667,5.346744183999999,9.101556646,4.770013274,6.886826602,6.292550022,6.777024409,4.7640755619999995,8.893178767,6.802069413,8.907980371,4.965191657,4.35156473,5.958083646,7.25387529,9.170295199,8.207702661,8.34902625,8.033019292999999,9.792479002,7.6076755060000005,4.580852244,5.576925352999999,4.432778325,5.21360975,4.557041882,4.396621081,9.955099639,9.25701749,7.689693802000001,7.15825626,6.037861945,5.155064684,6.463150015,7.0963414160000005,7.4351252510000005,6.205401942000001,6.486973405,7.81797012,8.750490682,6.242774596,5.575816372999999,8.151872376,8.859764105,7.5742523760000005,9.452456485,6.214428539,6.935434267000001,5.637472746,8.262827551,4.736596797,5.449053957,5.088603815,9.873359407,5.9408638210000015,5.816516943,6.2151221670000005,9.254887091,6.333001498,5.873113525,6.279914262,5.8423294110000015,7.321422592999999,8.551113701,6.497064924,6.941721338,4.502733147,11.15365941,5.6392328,7.131342328,5.480434799999999,5.870379436,6.156483795,10.03350703,5.0859636969999995,5.353907635,11.35395009,5.3847811839999995,6.161352357999999,4.850398866,5.281831766,7.98134041,5.848019184,4.254925335,8.836448303,7.383963457,5.531576804,6.8135084610000005,5.430313792000001,4.652612597,6.2297097820000005,4.926018202,5.735378008,4.925996222,6.71879443,4.73094431,9.879670747,7.67250849,10.36222301,5.799352482000001,6.3073298829999995,9.14176897,5.646238632,6.867631255,5.066943491,5.269260018,4.656442299999998,7.515971531,5.3691125689999994,6.873610404,6.212164821,6.918278269,7.1180385510000015,4.668945893,7.053280387999999,6.95825291,7.809522096,6.511460258,8.429819001,7.0283960999999975,4.482832818,8.180887468,11.56632956,8.401735942,8.617592396000001,7.52255705,4.381808875,7.4321755629999995,5.779905319,4.91761119,5.50538799,5.851914086,6.664978773,6.666931131,9.28747002,10.63615461,4.965512438999999,7.38189164,6.971159806,5.0145074119999995,6.285051645,8.891757899,5.930476106,5.6066843429999995,9.721787048,5.862713192,7.796469302999999,6.919588462999999,7.455708127,4.7159481219999995,6.921718477000001,4.920637311,4.43064762,5.77188515,6.41641135,6.7577459410000005,4.677197275,7.604141019,7.015955397000001,9.768861845,6.822428426,7.3812923779999995,6.175912899,5.272539419,5.972877177999999,4.628634701,7.85747222,4.677607076,6.731795485,10.385073,8.393103538,5.046282286,6.899490806,5.764388783999999,4.830382449,6.131059483,11.62638356,6.986157612,6.201104777,7.840455771,8.595916075,8.1596453,4.320360882,7.539984349,7.735142194,5.405552861,6.64350281,7.077242565,4.702353014,7.499452923,5.5716171160000005,8.167678421,5.09188012,6.280016149,4.673708582,6.040137232999999,7.7412463670000005,7.398333918,8.760252202,5.736360539,7.722674279,8.952642838,5.054043426000001,10.27555551,8.508830226,4.594475587,4.959274703999999,5.419809435,8.130212756,5.424384506,8.207199825,5.159400717,6.0044885279999995,4.9844395630000005,6.602749149,5.725360734,5.392266001,9.639912936,8.518327482,6.034278314,8.479845527,8.505095942,7.3506679,5.654903653,6.3100328889999995,4.517108428999999,4.862970081,8.765548638,6.239062075,7.874146979,5.206580257,7.698496987,5.923440667,6.262111708,8.554487137999999,8.978221469,6.516017941,6.992607146,8.038289322999999,6.511164832,6.820190116,6.199315937000001,5.264528017,9.226419169,6.873461868,5.724435119,6.196317231,6.1732865110000015,4.685959639,6.89612314,5.5803443470000005,8.029406892999999,10.82099309,4.26431945,7.753742904,4.842169406,5.886866531,5.529670061,6.314380907,5.518627996,5.337513745,8.730809927000001,6.606106575,4.66008699,5.664551311,10.439303500000001,6.021911433,7.941893792,6.420154256,5.092464181,8.090246118,5.415750967,10.39802045,7.6181913,4.316782454,5.7515813179999995,11.63373314,8.098534772,6.424526056,7.0022076160000015,6.2180518739999995,8.946694328,5.549040442000001,4.785903966,6.468842968,5.647339016,8.773264314,6.089321832,5.1168363889999995,7.991553841,7.494752684,5.121722231000001,4.81519485,6.52027907,5.118722662,5.994238788,4.630387717,4.911844295,7.759447618999999,6.876955646,4.917988200000001,7.200370982999999,8.15957021,7.996568055,5.034626225,8.847838932,6.4970241060000005,5.37073751,6.402874167999999,5.052630738,7.390427669,5.598747313,8.114011657,5.511852782,4.897979253,5.507905119,4.536293378,4.875413443,4.290743096,6.461321272999999,6.715975808,7.2153369760000015,5.755598452999999,7.47280029,11.02730793,5.443701507999999,4.6127299289999995,6.861131134,7.583613467999999,4.652456265,6.9293406210000015,4.732947578,6.958004777,8.29403347,4.90748459,7.481996745,9.091452775,8.204906614,5.741285284,8.802906869,6.428653317,8.368052882999999,8.492165179,5.248801922,5.863990518,5.639136412,5.862467633,4.882989067,7.114008457000001,8.082603092000001,4.690814377,7.285857315,7.320758047000001,5.4627725929999995,5.00460421,6.180513027999999,6.954288654,6.06538784,8.113059577000001,7.730653266,7.4893468410000015,5.74437226,5.208793355,7.245645597,9.412565927000001,6.130252785,6.471244032,8.316313206,5.687845633999999,6.9516435770000005,6.159203784,5.51544592,5.319563626,8.432106688,7.07083247,7.640022632999999,6.784477229,6.128621085,6.728392949,8.112246432000001,5.449545027,6.7326107639999995,4.926277385,7.443092495,7.377849677,8.045419546,5.769309223,9.266944661,6.4884140860000015,5.212826134,6.035814003,7.7146268870000005,7.195582722,6.680828914,8.43331268,6.8359341910000015,6.872657203999999,6.185372178,6.020043544,7.048924332,6.439546226,8.900956033,6.317324022999999,10.20504472,5.381582572999999,5.393992398,5.566302514,10.06964081,7.507132493999999,6.301476125,6.616266115,4.572022598,7.782885019,6.138979802000001,5.85502014,5.240553382,5.706342867999999,7.973275611,9.259936745,9.216038679,6.867657446,8.311252084,6.868651367000001,7.3593069710000005,7.3534335870000005,6.916516764,7.78015881,5.786803711,7.798265936,8.533321373,9.021019512,8.617996527999999,6.5855388989999994,4.661497348,4.601253648999999,5.132001679,7.545107729,9.352492796,7.670480082999999,6.036228106,6.857401229,6.393015501,7.4082506760000015,9.379424159,12.32992484,4.823402232,12.81585995,4.925324033,5.7320245089999995,5.561082711,4.526467321,6.296002155,8.241074441,4.423739797,4.341388545,6.784552929,9.769910333,7.593538708,7.525699899,8.787406464,8.983043647999999,5.6552837270000005,5.775140801,7.03544428,6.814657762,7.953558554,6.071206987,7.544465934,6.108396282999999,4.477864555,6.101232988,5.757462478,5.6018965010000015,8.145411332,7.8692976660000005,5.454809909,6.5911395729999995,5.542561347,4.607433326000001,4.697766051,5.043430254,4.36194964,4.786052767,4.716666741,4.810935013,4.916650177,8.926447154,8.624608300000002,5.061354205,6.11046741,5.687936016,4.832727126,4.7068470719999995,5.574318664,7.518359977999999,6.902908213,9.783735115,5.363832816,5.97688963,5.141545503,4.705465579,5.267913254,6.723613137999999,6.564454745,4.962264526,7.937933528999999,5.494424146,9.441531392,5.171516071,6.368912965,4.768977945,4.592269858,5.377686762000001,4.728898031,6.766877631,5.039417578,7.680947374,9.382871158,4.364108596,4.985862256,6.101112595,6.211260066,7.443231093,5.407194324,8.624577894,6.858240706,10.13089679,7.502348725,8.343720004,8.96259621,8.097994906,8.44714149,6.617412926,7.892730356,6.7924410810000015,7.215989645,5.965638642,4.562670778999999,6.515265858999999,7.490217031,4.890064016,5.50307157,5.418014192,5.9805856,4.739157045,5.11431957,7.890329705,8.855776118,7.694793318999999,6.633601893,6.8340253529999995,6.174919383,4.739932348,5.714116882999999,4.865162686000001,4.76342044,8.842475775,4.365342534,4.795490706,9.498292937,7.0478048960000015,6.10117245,4.403795579,6.893625925,4.4118517289999994,6.812062731,5.24057934,7.280950301,7.279883672,8.655320846,6.575390835,5.2931145939999995,4.655549527,7.637765495,7.313104768,6.995355601,4.9202716419999994,7.775431281,7.486675139,8.948615102,7.476625594,6.359928742,8.479946768,5.641710955,5.382061124,5.605229659,5.4266708679999995,9.268021422,9.233436613,6.296072915,4.665310839,4.769654473,7.741264094,7.295070475,8.694152005,4.703188514,4.73137228,8.302395982,9.589908413,5.02483017,7.8751290260000015,9.554254401,7.996915411,5.073759293999999,4.996063821,6.028797129,6.718370799,6.520389487,4.804730512,7.009454946,5.69158257,7.614257169,9.43343236,6.2694017460000016,5.685989747000001,5.189859342,4.318528115,6.205628982,6.864317047,4.977732468999999,6.801875676,6.379296404,7.465328396,10.68098878,10.20422249,11.03713673,8.575320878,7.2375769389999975,11.12521411,9.452257348,8.447606115,7.068338011,5.531425389,6.29291329,8.751102793,6.148215037999999,7.820360544,4.983576857,5.395988377,7.143778747000001,8.807778597,4.44578936,6.9422162279999995,8.046113507000001,8.185623235,4.479437112,5.429372829,5.225641677,5.40635653,9.904297866,4.760438996,13.21365963,14.04399296,6.179690399,7.317390355,7.654732461,9.276246399,9.927301976,9.095603859,6.906418691,6.636219003,5.777721504,8.03905262,5.199403117,7.1911385060000015,9.110071831,5.713084212,4.755315989,8.192638067,7.307062595,8.916503766,10.500537699999999,5.277852091000001,9.670309726000001,6.59853266,6.865779507,8.763052978,6.212970972999999,5.726540881,6.4830062029999995,9.188995015,7.024908383,4.444937755,6.8087699829999995,6.912405784,13.03482453,7.6772387029999996,6.523648737,7.318174152999999,5.559040573,6.5103868060000005,5.146776313999999,8.453039052000001,7.927180521,10.63755358,8.27583208,5.928761242999999,8.298536544,5.708766175,8.224036112,9.299234846000001,5.93555323,6.379356809,6.066986377,7.307184427999999,6.945203962999999,6.199280129,5.363093172,7.007375679,6.605539922,9.118548002,7.505895602000001,5.893262593999999,5.17024385,5.630679413999999,9.398298573,7.3857299770000004,5.560797935,4.731213039,5.066541125,9.228349003,9.309733629,5.019317625,7.716850031,6.519214325,12.83227933,4.870987565,6.790473669,7.168289328999999,4.845528261,6.578078577,7.015386017000001,7.529372865,9.203012141,5.484610617,9.473441216,5.324563533,5.732609931,8.336984847,4.924556245,5.916140738999999,7.322960307000001,5.076560008,8.909155152,9.148088334,6.845693193,8.585230357999999,5.064816158999999,11.93149863,5.624558396,6.566565825,4.471495029,6.3211837110000015,8.073890824,4.828403741,5.788047626,9.157879863,7.1412064179999994,8.603444676,4.372123707,5.9176570889999995,8.094267894,10.06853187,5.318289878,7.783592089,6.623214377,5.072958995,6.9369175310000015,7.467304247,7.628553847,12.04691509,6.407246455,5.984853556,4.769200289,9.24079399,8.643519688,8.393519035,5.723229633,5.536520601,6.126867283999999,7.336186783,5.053818764,4.853436576,5.123748687,5.627458017,7.2356939160000024,5.439165781,4.887526853,6.009773751,7.596793203,14.02962029,5.838318323999999,5.863296922999999,6.301831883999999,6.731944745,5.17387308,4.835868541,6.183070763,6.08954038,5.93455281,5.4458257439999995,6.74320556,5.611829361,7.418318977999999,8.165669609,5.714627999,12.50580816,5.603057636,5.294750402,8.520960934,6.8092225410000005,4.950667775,6.002745362000001,4.484269885,6.237674939,5.0761826480000005,6.018643624,5.978812415,7.604349087,7.111170129,7.87325726,7.658372657999999,5.0209045969999995,4.17489039,8.439847839,7.421242446,5.354989235,7.375963262999999,6.190145287999999,11.26120273,10.7500283,8.795989335,7.997413855,5.619281189,6.487996552,9.515781328,5.43954116,5.452216445,6.154555443,5.224540115,5.395071102999999,6.787386457,7.975265396,7.413251548,6.7197630660000005,6.443936817999999,6.031281456,6.498953908,6.593576112,6.675671212,7.841119326,5.419690623999999,9.362507968,7.161481741,6.429778861,9.347164662,5.6808227229999995,6.6371404689999975,6.931560366,6.551670495,6.257415394,5.162116518,9.980327603,6.874553822999999,4.837028045,7.127014,6.4717973639999995,8.435752102,4.613670225,5.345079833,6.733900498,8.161269613,7.7485334639999985,8.492169164,7.309976377000001,6.342043971,5.103586048,4.91406744,4.652400275,11.32268758,4.812456313999999,8.670946212,7.169802344,6.265072977000001,4.6556931939999995,11.01649095,5.880747653999999,7.45823126,7.209433763,5.761698047,5.894761114,6.492072221,4.626298574,4.7687151960000005,7.484842939,5.83456608,6.90915846,5.057366238,6.690069414,8.280477355,6.32452735,8.600904819,10.62871395,9.094848205,7.233059582,9.621776987,11.02367792,6.349988569,4.797932459,6.528808996,5.386894357999999,6.662483094,6.001574205,8.714568658,6.356030538,7.433460137000001,6.5352050120000005,5.618376026,4.624338012,5.153025703,7.233646498,8.161926882000001,7.181744817,7.236297828,5.42748054,5.2267540619999995,6.482587499,4.819385476,6.534103375,6.6107444310000005,10.22120325,10.68831166,4.385573681,4.83398048,6.5008605610000005,7.0902443239999995,4.7568136889999995,4.080157915,7.65801647,7.982765316,5.776629647999999,4.419595289,5.049290114,7.001724227,6.991261278,5.513399188999999,6.277013854,6.747357121,4.9347583760000004,6.409848909,5.546247567999999,6.046290567000001,7.235040406,5.320747449,5.331262357,5.855207900000001,6.069988502999999,5.63318545,6.142360981,7.582832517999999,4.179136109,9.187360894,4.544650561,6.877137817,6.455489012,6.777285158,5.595771653,5.071100004,4.684647518999999,5.081060894,5.683690829,6.200430451,7.556824983999999,5.8800395420000005,11.32584034,5.6736500360000015,7.232424162,4.549951302,5.8264697010000015,4.4195598480000005,5.662846947,5.574215952,6.079310808,7.626620827999999,4.472888028,5.523273652,4.559197562,7.744768485,6.476417975,7.580464434,11.72005118,5.039351295,6.888086932999999,10.16318109,9.015902407999999,8.369266742999999,5.502208249,7.1180161779999995,4.270002957,4.754453235,4.8120005919999995,4.833651855,5.011228498,6.846926064,9.430013621,5.882321717000001,6.203535717,9.670787504,5.991879869,8.920904725,6.156220374,8.401487833,8.498269192,5.944929012999999,9.169280378,6.6023793410000025,5.481843021,7.051380282,5.04308136,7.082828115,6.5834618670000005,8.331862875,7.37458871,7.1469545010000015,6.183583425,4.690889258,8.01294946,8.281929478,5.095416717,4.50007232,5.671099661,5.90459141,6.3566702070000005,6.40454729,6.232235652000001,10.34111891,6.996944587000001,6.357638661,6.8146911160000005,8.420214054,11.21232426,5.038693776000001,8.520566079,6.3728554860000015,8.411834942999999,6.621232572,9.15270772,7.500624264,7.808656487,6.979945505,10.85421122,7.455185822000001,9.439064287999999,4.78873767,5.801973345,4.400920199,7.389273997999999,7.127506704,5.89929377,5.278060003,8.816160423,6.948438218,6.554532152999999,6.9585323510000014,5.030501297,11.67444482,5.226900951,5.8356833539999995,6.727651132999999,6.566038467,9.261484087000001,7.0150715429999995,4.845426455,6.136494839,5.557294203,8.663802056,5.4197096610000015,4.889084421000001,7.148251639,5.5077537439999995,5.832792535,6.235935143,9.456177027,10.01793514,6.336572469,8.07882122,7.961308886,7.445081355,7.9544903310000015,8.159837179,6.985993102,8.131133944,6.660265159,6.244805363999999,6.354548382000001,4.772672957,7.851425495,9.542031465,5.2194299719999995,6.237651082,4.947507002,8.806589153,8.059403468,6.42034102,5.795186974,4.338912288,5.415177987000001,6.782258268,9.116970081,4.966776539,7.044816497,4.986509661,9.053853596,5.895589396,5.991793907999999,6.042977658,4.481059073,6.623644989,5.514584585,5.43472652,5.2427079569999995,6.480078224,4.68838615,7.205595849,5.608079851,5.503405017,10.75443658,6.7134948539999995,4.571875889,6.1686804429999995,9.26683013,5.296298232,8.590900357999999,8.23949559,4.409564135,6.310945727999999,5.8850238820000005,5.683750087000001,5.565222979,4.628767346,4.965162523,6.207749691,4.945533675,6.598754351,7.8599599829999995,6.585936969,7.152433292,10.02104073,5.258338339,5.101417553,7.036263138,5.6321632410000015,5.435419232,5.7670152360000015,4.453184329,4.39048111,8.678369352999999,6.330902846,8.496664682999999,12.42436045,4.649332288,8.949945537,6.066196428,7.659033513,5.015230177,4.473461808,5.934610738,11.75389531,10.28287406,8.241815195,7.642977228999999,5.384706785,4.800696805,5.6934121289999995,7.146392682999999,9.27825604,7.391407282,7.8515819539999985,5.352170056,7.666940941,5.925187386,5.234207103,6.070877384,7.223431729,7.430760542000001,6.292402474,6.868660067,7.4539144020000005,6.755660764,5.650305792999999,5.784142472,8.173094669,8.350628922,9.110551561,9.700618301,8.152270137,10.34390032,9.039385084,8.721870337999999,7.722797944,7.8940285060000015,6.160600095,10.1354179,4.5927438789999995,8.397391916,6.359273815,4.599267258999999,8.852459352999999,6.464309338,11.46950154,4.410319843,6.557592333,5.867686394,6.317478799,6.191466613999999,8.264289672,8.565379549,7.477648855,4.45900713,8.209666198999999,4.39694642,8.025518111,5.0258323030000005,5.745312825,5.788978329,5.9256659,9.738111053999999,4.965269097,5.671604637000001,6.849007643999999,5.075390683,7.025691972000001,7.63823544,8.794794605,7.757427957000001,4.25756135,8.001998958,8.4673428,5.545366771,5.430048861,5.081945056,6.7635388270000005,6.607678074,8.530615762,4.75945937,8.960919192,7.357237483,5.734780957999999,6.390436782,7.730890692000001,6.6322624029999995,6.064386344,7.828095789,6.915756332000001,9.561036247999999,7.214998262000001,4.213195995,6.976694424,7.3445813829999995,5.497170497000001,5.263750407,8.618324756,5.344809791,5.206727955,8.801316992,8.018918845,7.218036427,8.070646434,9.309106153,5.688104196,5.378473604,9.970358535,9.133457669,5.615039756,4.419277211,5.152739858,5.172570169,5.226703387,7.454058527999999,7.997499737999999,8.844225514,7.031468384,6.815699045,6.77050034,10.55605107,7.393180911,4.80839369,6.285792185,7.479713844,4.602375996,11.84205461,6.137253969,9.600338706,7.588042084,9.116003033,7.550573327,8.002077486000001,9.280823095,5.988699774,5.285961267,6.4497729889999995,4.353819967,7.988503121,7.475606252,7.731964558,5.589297771,11.59139887,7.75559663,8.042798067,8.914109391,5.869647109,5.68186873,5.316514767,7.148199475,5.303254587,5.4856167760000005,6.399044879,7.81640383,7.304098346,7.279991017,6.705962726,5.593935815,4.82543522,5.175130687,5.6743351539999995,6.341053401,5.521433131,4.40135156,4.069840226,5.123659151,5.204267627,5.20970514,4.5908152069999995,5.617032772000001,7.337480802999999,5.8054454060000005,6.587648637000001,5.86296469,6.939654831,4.679658979,11.06966639,9.449557636,4.738270834,5.947991742999999,7.146481735,5.309210537,8.583365642999999,4.503651921,5.319668359,9.549887353999999,6.449545218,8.202031538,5.657760306,5.495874954,6.685027737,5.846460757000001,4.202334414,4.487399872,6.972912332000001,5.34434333,7.880836211,4.74110038,6.654581385,6.494159302000001,6.809439555,4.5645960169999995,5.434073385,9.99087645,8.493274187,5.550620285,6.986556462,6.337767303,7.243800221,5.8081631960000015,5.993970751,6.648063336,6.334177057000001,9.70534655,9.489948803999999,9.636475916,7.16746605,7.852614847999999,5.111675853,7.095071462999999,4.714591915,7.9991337520000005,7.18985853,6.204063493,7.0865880039999976,8.557742637999999,7.589957711,5.140520334,5.269688013000001,4.894119305,6.1846715360000015,9.594429017000001,9.906965092,4.819320929,5.6991621939999995,5.950962264,7.938442961,5.928869547000001,6.4666592760000015,11.01853087,5.143335378,7.861375568,6.698545633999999,5.337513133,7.008840137000001,4.590784438,5.942874463,5.843490137000001,5.227557904,5.414295813,5.247775798,8.968411338,11.36114321,5.656069402999999,4.268572173,4.737791057,9.919117421000001,8.519279739,7.774070921,6.6662155510000005,4.490582871,4.272440233999999,7.4005141939999985,7.003357882,6.984655589,4.90135603,4.7369939169999995,6.596541002,4.617412683,4.918217567,5.086070095,8.586066801,9.074621302999999,5.068056102,5.84177145,6.811170721,7.975317255,5.964880421,4.592302228,6.352354602,5.329032928999999,5.504747561,5.522474956,8.867113832000001,6.5907528110000015,6.507133235,6.800523484,5.740095977999999,7.406185446,5.093645396,6.192189162999999,8.915259625,6.5996284260000015,4.876355611,7.700291826,4.729282883,8.10374402,7.900862525,4.798501035,9.502881643,6.3558193439999995,10.15703222,5.173785501,6.023775204,5.607057919,11.81260082,5.963688445,10.15811681,12.28566716,8.039109652,6.540099796,7.459396882999999,5.855647481,10.9414198,9.400767898,4.873090383,7.955180536,7.154021544,8.530785527,9.205398519,6.654334092999999,10.61573847,6.223807817999999,4.984079877,8.658302907000001,8.845010398,5.729027632,10.39317211,5.677960556,8.266654991000001,5.333644673,6.3911105820000005,6.9803231729999995,4.787486341,6.209491732,7.024333399,4.297395205,8.223825741,4.8478685619999995,8.571677907,8.593653518,5.715301015,5.068825034,4.633442227,10.61966661,7.453457812999999,7.140656149,6.97093445,7.260208615,7.546753394,7.272213428,9.927361487999999,5.915485515,6.7759616110000005,7.504203353999999,8.20723043,5.925663064,9.430460295,7.150118544,5.622391264,5.873933438,5.40321451,7.3663816739999985,8.24385629,5.963630869,5.230764403999999,8.815169656,4.554113387,5.234507476,5.853578272000001,4.905725708,6.652484977,5.6131911279999995,6.188277808,9.156976214,7.3393757389999985,9.217475988,9.521987889,8.068837683,8.961029249,5.137709112,7.827721282000001,6.595240702000001,8.701643792999999,7.6206493029999995,5.102454096000001,5.0503787319999995,7.352468977000001,7.31970796,4.497392296,6.380310828,6.968521363,8.342265422999999,5.849118722,5.111583486000001,6.047354365,7.142549653,8.056061785,7.985226346,7.561413009,7.932026229,6.841105353,5.739648572,6.579444341,7.790669164,10.05402075,6.708194617999999,6.707666897,12.88259284,8.896337691,6.735430067999999,8.506715011,11.38016106,10.85026511,4.186892799,4.195903265,5.425789765,6.865439907000001,8.460337557999999,10.02361073,6.972882956,7.600602477000001,7.956536483,5.430982928,4.7224355330000005,6.928363347,8.317453059,9.06905508,5.582457467999999,10.01035868,4.641124507,9.073730449,5.4000748970000005,5.108163072,5.191104289,6.490859531,4.535067358,4.799468658,5.21565277,7.705228121,8.008287232999999,4.631161186,9.352892368,6.767848834,6.751112943,9.467770991,6.6638833360000005,9.887227118,7.363871649,7.921348718,5.673398584,6.030125415,5.083153067,4.752281541,6.710226847,7.77326678,6.7878233020000005,4.937375753,7.959933958,7.2330774920000005,5.349483276,8.15944446,7.091445208,7.465665962,5.987053347000001,5.531227146,4.2803389,5.359874728,10.17560536,6.996796101,5.140682067,11.67054024,5.192275205,10.67891964,5.755719002,6.03052479,5.841208961,5.515385834,4.937422083,4.557994358,5.7312843739999995,5.351612752,4.823666762,5.26137527,6.09215335,4.814450005,6.934794887000001,5.302211618,7.262720718,12.18502645,5.57421987,4.757414936,5.674151859,6.046091121,4.945843374,6.954759475,9.42195583,6.801302777,5.905508697,10.20299823,5.71461562,4.927400405,4.247782337,5.611887126,4.993266098,7.940609151,7.586354696,5.302187857,7.720296323999999,5.9629088889999995,7.055667947000001,5.73662554,5.823461484,4.508680524,7.6951148510000005,8.669527214,10.2959632,5.044319557,4.721300907,7.213716954,5.179530234,11.03814307,5.883863419,8.87248415,6.495107656,6.195447511,5.738216027000001,8.310776005,8.599328468,6.200535062999999,6.258201307,6.950618443,5.741130724,7.76896529,5.717839239,4.5890915130000005,4.980905508999999,5.388798692000001,6.997118209,8.57921821,6.177082048,5.8620252729999995,5.873503082999999,5.24034217,7.008972907,6.192498165,4.577677017,4.252943801,4.1138991030000005,6.8320880000000015,8.703577382,4.874037112,6.760239058,6.533225848,5.6932358039999995,6.253744844,7.03706323,10.25983853,4.882737654,10.62084132,4.9517642969999995,6.021071915,4.826649762,11.28103155,4.41299449,7.685116308,5.15850098,5.825605362,5.430279998,8.698009196000001,5.75298744,8.242090961,7.972641287999999,4.470670375,5.340622309,8.590171955,7.133089469,7.318046402999999,4.488409834,6.785787826,5.779555611,9.195815831,7.154597721,8.098717158,6.654294362000001,7.495057774,4.80063513,8.972442735,5.260232998,5.310305444,7.364486787000001,8.395928992,5.067530411,9.175536486,10.90544646,7.083427358,6.667242398,4.905443562,11.11049275,4.652071871,9.124758647,4.71347533,6.194040526,5.243137512,5.031570643999999,4.876542082,6.322978377,8.373949073,11.59104828,6.632254382999999,4.884810507,8.023811734,8.207719212999999,5.792850527000001,4.455685926,8.112423698999999,7.711585931,8.931185117,6.373120472,5.2871060739999995,6.213943133,7.759552346,6.98281629,6.706640724,4.683255309,5.128560772,5.078741088,5.6765125339999996,6.509895185,7.126634075,7.837170634,6.927865216,5.221287127,6.960422137999999,7.612230017999999,5.543466821,5.626577758,8.871929026,4.795344986,6.6465029929999995,4.87434213,8.977907373999999,5.323429774,4.813148579,4.838174853,5.716323963,5.787499285,9.465791579,5.750666549,5.476872079,5.713769494,4.514437268,9.535887726,8.501953054,5.822959902000001,6.381529966,5.6072266420000005,6.789601998999999,5.8235111129999995,6.97422336,4.503711287,9.835429015,6.5616020760000024,7.832889845,4.2332485160000015,5.119632889,8.332854437,5.237814602,8.596736191,10.32646464,6.1380533370000006,10.38611246,7.532449217000001,4.957474314,6.559659318,6.601814528999999,4.279522167,4.848721739,7.304982884,5.038858142,5.335553956,5.093190122,5.042560684,5.608959337999999,6.2502972560000005,5.8382605629999995,6.859424926,6.074844286,4.534396895,6.357432686,7.664864323,4.73496446,7.191280326,5.661895839,5.558178476,5.545522365,4.667801517,8.02056185,9.145895032,5.371838755,5.081590361,5.126803048,7.157576884,7.009551339,11.14001777,7.892393179,4.140638471,5.440010028,8.157671673,5.308428534,4.311006707,4.727372046,6.716577111,5.160912776,4.27679354,7.928609363,6.1627449,10.81221292,6.486687099,6.068056843,6.254765592999999,5.94569125,7.258381999,6.70292213,5.477756756000002,5.499413515,5.649588,7.249431183,6.63796155,4.892994463,6.221081785,4.965516401,7.6045200920000005,4.718475051,8.339432943,7.1871287420000005,10.36844015,4.663687144,4.407191302,7.056908046,5.5073538960000015,6.031460017000001,4.805583382,10.05797048,6.9008613510000005,10.05910821,7.574598677999999,4.815793153,5.301472562,6.68201473,7.692046697,6.752206158,8.972293605,6.3126495039999995,6.349942712000001,6.0750923839999995,6.966118117000001,7.415323586,7.024747071,4.285155968,6.760142758,4.821927641,4.785199312,5.8342189410000005,7.364182135,5.253810328,4.396997726,7.296336416,5.976381085,5.495276401,6.054973671,5.290796108,5.08693913,7.603922464,4.3784606539999995,5.051759766,4.831896789,9.692998307,6.768773907000001,9.508883331,4.521718374,7.347211202,5.326506708,10.01020368,6.823421727,6.231044279,4.859600391,7.628803549,4.947387968999999,11.45027121,9.148471215,5.971752385,6.5824630410000005,9.648083657,9.861365311,7.693188782999999,6.530833951,7.711625109,5.714374072999999,10.71827971,5.712912604,6.111353546,6.540014322999999,8.098792661000001,8.498264133,5.838782386,8.104023067,9.342506803,10.22074953,4.512715407,5.175920681,5.500514335,4.807062952,8.399995563,4.811367662,9.834121631,8.325662407000001,5.604840514,5.278295156,5.483234293,5.675970883,4.332405501,5.860878832999999,7.844459756,9.000816807,7.049829536,4.990829651,5.809024854,11.48355736,12.35401926,6.222020729,5.078889428,6.2321421070000005,5.304596125,4.2921990889999995,8.024736401,7.169402265,10.38474224,8.514897955,6.287830682,7.741506375,7.109640095,5.437212227000001,4.8253376789999995,4.851641613,5.216800692,6.5891304129999995,6.864094562000001,6.041782744,5.882052375,5.812045366,5.5527202739999995,6.650373871,7.470223797,7.608076466,5.700181477999999,4.3990275919999995,7.936355835,4.275451973,5.165213631,5.688491459,5.681661752999999,6.385702035,6.531408421,5.512922275,8.954396877,4.941941474,5.365509239,5.909331356,4.817531218,6.858964384,4.801862073,10.42399767,9.842162624,5.627400777,5.577043447,5.312259499,5.564459314,7.470536748,8.420973423,4.43900202,4.515231899,7.1403222379999995,8.589988553,5.4375686089999995,6.372567413,8.634132506,7.601223363,4.773986976000001,5.6178517060000015,7.120718373,6.149979276,9.955179196,8.53805366,4.609920273,10.08646783,5.193069979,4.588730792,5.147286684,6.198822389,8.675167529,5.17229103,6.873159516,7.813429687,6.857944292000001,4.848598602,6.315250355,5.125391497,7.631319069,5.36570816,7.222083948,4.928690587,10.82668645,9.820610176,5.219223686,7.29752634,5.155191542,5.101041498,11.38191037,6.235892699,6.496898165,10.19181263,9.382263402000001,6.32172572,6.082549617000001,7.438267907999999,5.015892739,7.284459742999999,8.892904042,4.211289064,7.633417944,6.342581778,7.654326202000001,6.689176201,5.84468593,6.578128714,8.271265306,6.212092875,8.421615601000001,6.704475612,5.860053937000001,6.561846787,4.972138313,8.604386265,5.844510093999999,9.009004666000001,5.178707986,5.973607071,4.975535109,5.199770684,5.023458651,4.834247421000001,4.891177633,5.211937287,6.517828827000001,5.26293959,5.031573542,5.610948098,5.868620394,7.252327216,7.403621621,7.238603104,6.461756502,5.810767909,12.35276978,5.541408504,6.3151550489999995,7.880332049,5.539360137,4.202739674,7.490742278,5.418804495,8.900451896,5.191263496,5.176126593999999,4.440214975,7.426499954,5.835226627000001,6.596074354,7.158037525,5.784657009,5.59810468,12.76021273,6.804429207,4.2592464460000015,12.39878294,7.585810342,5.7252742539999995,4.470577629,5.652147126,6.197222312999999,8.647697435,6.0737942,4.9110382260000005,4.5980900689999995,7.671799339,5.687957872,7.7308845370000006,6.74978863,8.006336713,6.149099541,7.359855382999999,5.455484014,4.87814304,5.938572289,5.743834044,4.834769106,4.557775423,4.680579175,9.466082992,8.209556335,10.00564449,6.370786819,5.830102612,5.653628932,6.847887657999999,7.697493763,4.881147619,5.837840278,5.576284575,5.868408596,4.826802302,7.933755199,13.05510314,4.278280672,5.369699128,7.0904988410000005,4.275852642,8.029749146,9.35610749,10.079569699999999,11.45646043,7.271362661,7.370130876,8.277469422000001,7.266049093999999,5.32130751,6.056291794,7.24792798,4.923133366,6.628814042,6.1657842610000015,9.629544141,7.086143927,5.010085012,5.586225555,4.88632824,5.709199571,4.422834368999999,5.795759549,8.213208682000001,8.294670227000001,5.571625386,5.6521837029999995,8.916332622999999,10.35584199,11.125259300000002,6.390296383,5.8114102370000005,5.88460234,7.238646072000001,9.465921572000001,7.34722503,7.668714232,7.128726914,5.0640574019999995,7.688814953,5.277136076000001,4.619413641,5.621694767,5.307178223,5.1404617969999995,6.576974882000001,8.565427297000001,5.256683442,4.0826850630000004,5.38090456,4.438996714,4.5969684719999995,6.405913684,4.939438255,4.979449106000001,4.535800171,6.843735307999999,5.441062313,8.308413974,5.8186167860000015,7.518170329,5.968909244,6.169793219,5.855428193,9.499262603,6.863795426,4.631623964,8.131341217000001,4.543148683,6.600211423999999,7.940435898,5.775556532,7.683529092000001,8.394134635,7.927514029,8.179972781,8.252602484,4.949076819,5.381786311,4.4054862,8.404972416,10.65424759,6.032857118,7.793597411,7.096681707,7.198454586,5.9265166979999995,4.858502952,6.7988088289999995,4.853091723,5.055310307,6.2023289429999995,6.6449502910000025,6.143696992000001,5.746118878,5.697682746,4.9143639839999995,7.6743544739999985,4.683900817,7.151313805,6.4285475660000015,8.57354933,5.305415473,7.666779149,7.645395255,5.3293203060000005,5.050000743,10.0070238,5.811253557000001,5.39905649,8.469443028999999,4.323826736,6.168958797999999,7.99515265,5.788081802000001,6.086926442999999,7.315467331,8.766183448,6.374714177,7.38735023,4.987772403,4.245595263,5.054827811,4.759431271,9.782397203,5.314878556,6.257479752999999,5.98644646,5.024519273,8.211301548,7.37038097,5.5842546220000004,5.477215084,4.983673433,5.625431721,9.191475785,6.973511866,9.320379373,6.185119498,6.4070175260000015,7.736794887,5.521666217000001,6.14265812,4.912750681,12.87599743,6.124280385,4.3657508310000015,6.954423695,5.335084075,7.160117249,6.743471832999999,7.623071702000001,4.766359205,9.315124804,5.866954666,10.04481733,4.403326458,5.521424777000001,5.165366562,4.955054217,5.010975727,6.7798810739999995,6.3923917260000005,7.658391802000001,11.538755,5.803622219,6.773826484,5.697444031,4.928899152,7.419501222999999,5.41863183,5.944988717999999,5.65174313,7.762742458,6.149573837999999,5.124597249,4.584760145,4.911744961,8.433100021,5.4188866639999995,5.110328629,6.018308311,4.816406419,4.847874492,5.088904298,6.565916818,8.41548011,8.456004228,4.842011724,6.944010124,6.234963235,8.604137573,7.524863048999999,6.283564048,6.284855061,6.3581648479999995,5.207788876,6.325751341,5.8544084629999995,5.081878951,8.99295251,6.2536003220000005,4.344864329,7.730312822999999,7.352574122,4.532647492,6.156972885,7.543682578999999,7.789972931,10.66208289,4.8523660710000005,4.712408478,7.584432427,7.995651153,7.345436302,4.796851636,7.928450939,5.677195959,6.802804748,5.724543411,6.084690129,4.984439514,6.9800262910000015,6.7102230579999995,5.6365190620000005,7.8651558060000015,8.085540952999999,6.025241049,9.798498666,6.34890528,4.870817016,7.362216011,7.7347171,7.518898106,4.642666965,8.067501349,4.330973335,8.98540391,5.891958058999999,7.702395049,7.033504656,7.200616274,4.2692458910000015,6.5417837410000015,7.2424325970000005,6.5839342510000005,4.667454029,4.1742223869999995,5.999786114,9.552568522,5.069357025,6.460936165,7.784144078,5.64260659,6.0284018060000015,7.771164757,5.281442949,5.622487099,6.4775839170000005,5.42652021,8.65060331,10.31984221,7.518429717999999,4.192223376,5.405079023,7.886115697,5.9155244960000015,9.597075588,6.797433361,4.571960206,5.376108602,6.343462242999999,5.169848198,4.585138801,5.954461692000001,4.468619562,7.039031886,5.059485491,5.306888557,6.530313437999999,8.970179099,8.40128126,6.941573633,7.18563397,4.6662562439999995,5.307407773,6.922085605,5.539523419,5.678584312000001,9.190532314,4.923942923999999,6.28655911,8.360531457999999,5.49817788,7.601112818,4.633401208,8.180211106,8.242063225,7.559007382000001,10.02631712,4.8239853319999995,11.33634973,4.450757277,7.184730603999999,6.99373388,4.679198101,4.501435431,10.53835797,7.265492068999999,6.593941015,6.3313409279999995,7.22608955,4.936646214,7.0047182810000015,8.882186738,7.8934109810000015,8.017301045,5.141659801,5.897616827,7.913486685,8.190354427,4.488443072,5.205242128,5.396280399,5.287651477,4.836460961,5.648314506,6.8968971660000005,4.607267712,8.00079713,4.779591492,4.904712153999999,7.964692886,8.161402246,6.595518124,5.565924232,7.757681132,7.152648869,4.800244351,7.59824377,8.04463157,7.329484575,7.4236680339999985,4.683754223999999,4.718589892,8.452718091,7.644813721,5.936192514,8.701875255,9.283387527999999,4.930191703999999,8.714245834,5.329192239,5.070290544,7.395709844,6.641953689,6.782357779,6.449977256,4.806631843,5.131607726,6.57473457,5.112893315,9.337176964,4.38490655,5.092693882,10.36079501,7.117967899,7.3488042,7.635913648,5.795569479,8.193731534,4.147231913,8.469623848,7.0229672039999995,5.1389728880000005,6.0147054760000005,4.951420359,6.2675931579999995,5.696047502000001,6.020162685,5.699590762000001,6.529281532000001,5.895880644,6.522037856,4.4427456780000005,8.34563347,5.116780556,7.401170549,4.336038745,7.174277035,8.896475251,8.005752569,7.893253425,8.954704223,5.6775230310000016,7.656457487000001,4.492467714,8.237502476,6.134863289,9.728680949,11.48644165,6.134233313999999,7.3621297110000015,5.410768462,7.617290661,4.302193157,8.693381453999999,6.074549635,8.198138703,6.799051812,7.734161665,4.832197468,6.32543462,6.005859244,4.398422353,6.133934603999999,5.240999013,5.033590611,5.690621095,13.21519503,6.636512139,6.474432928,10.16680595,7.810163524,6.143929368999999,8.299873426,8.040707043,8.255200519,9.353140243,8.927150166,7.058539013,7.047682204,5.205493788,5.5682692660000015,6.460864554,8.264836079,4.288779562,6.107659462000001,11.48764651,5.390830547999999,8.408040405,5.832637895,5.540725651,5.240529895,6.874343634,6.322936014,9.420483377,9.485606133,7.841871135,7.297705203,6.50380241,4.28136699,5.430531403,7.6011847470000005,8.448449787000001,5.553807837000001,4.486248524,6.587320581,5.575636821,7.285205811,7.465486012,5.211896324,6.242011682,6.35443021,6.1289234839999995,5.491547862999999,7.342542777999999,6.371680875,5.966730962000001,4.770058592,7.152138937999999,5.422649312000001,5.1757379839999995,4.19535706,4.804373988,8.571980762,6.621381307999999,8.517078198,5.910716633,7.6113028310000015,5.7223830389999994,7.893967779,5.995898897000001,7.084932134,5.810774747999999,5.218355911000001,6.3601408410000015,7.75778555,5.932526967,8.719652252000001,4.450349227,6.209337256,4.416661284,5.71741423,7.640525692000001,11.69144448,4.741305551,8.506718457,11.84503583,6.8393669379999995,6.219102542999999,7.119473361,7.035659764,7.004844301,6.078677806,6.698111063,8.330097076,6.3266592379999995,5.847321872,8.920093853,6.497406655,5.784921174,5.325248325,7.015486192999999,4.600195398,7.752756064,12.30377488,5.2564592910000005,6.688457372999999,5.898365605,7.893858312000001,6.299768877999999,6.900171877000001,5.690494581,8.833992531,5.007070488,6.092589244,7.319127707000001,5.694647454,6.715125147999999,6.865285199,4.825225678,8.133291946,7.2264088179999995,5.653849927,5.1934420160000005,5.24112367,5.191392,6.6625348970000005,4.668452234,5.499004612,6.864835848999999,6.703293658,6.575767615,10.16497967,5.435517582,4.736889706,5.692774534,6.650815691,6.2689737,8.366943793999999,6.842782091,6.093950456,7.326577202999999,7.587387647000001,6.035303884,7.03743974,8.233534762,4.929969021000001,5.815729784,8.089148518,9.083728987999999,4.1138491460000015,5.7627681289999995,5.247282166000001,6.063512652000001,6.458983722999999,6.756001165,4.536724746,9.571385101,5.752374457,5.9589224839999995,8.205160591,6.382084084,7.197837034,6.308477826,8.78656277,8.136140703999999,7.22704546,8.615329722,6.005084779,7.428361207999999,7.213394619,8.087155274,5.900203457999999,7.799691507,11.66666354,7.365168177999999,4.76936833,10.15358217,7.063338077999999,8.081797212,6.906332065,7.047562135,6.28002381,5.147766644,5.484111381,5.65396883,7.745063036,7.342799648,5.9723376770000005,6.885963843,4.665853313,5.0109085669999995,10.10485917,5.1298824739999995,8.904445849,5.3188425960000005,4.404855803999999,11.18103516,5.217128536000001,10.32676981,5.348217072,6.59021405,6.230802075,9.633212854,5.721713144,8.091207426,9.10953854,6.460757822000001,7.289850922,7.453560112999999,7.5038059729999995,6.776102196,6.019892845,6.162266186,4.4890272000000015,6.926629985,6.03029751,9.142829082,5.43258978,9.602174247,7.69847601,7.965507016,7.159339827999999,5.993937186,8.089516925,8.627100402,7.4233527289999985,8.09860849,8.707538287,5.363525321,7.752427467,5.02621269,6.257825344,8.035348707,9.513199108,8.186701669,4.433710243999999,5.620776547999999,8.316650183,7.77303898,5.463007336,7.344189419,7.926615512000001,10.0754038,7.283537442999999,5.470395902000001,6.032278985,5.888442341,8.004729328,8.392281495,8.593489672999999,8.216847739,6.05579883,7.595710866,6.064408504,10.5772583,6.687164787,6.8219786870000005,8.126296349,6.075140721,7.469309053,5.49352102,4.221410695,9.994911404,6.779465184,6.5305765,7.575736846,5.296437269,6.793282972,5.41690303,6.429978221,7.18274498,5.4500639920000005,5.7773296610000004,5.235925451,6.463125558,8.044009997,9.750831665,3.813668525,5.327194585,5.677607148,5.80295889,7.957001859,4.774286378999999,5.4176195310000015,4.3989192919999995,7.778565703,5.285286816,5.115507438,6.724929241,8.940066879,4.688644738,7.499636897999999,8.209415577,9.721185902,7.346088615,4.963900962,4.729272601,8.753383232000001,9.064467547000001,8.672297665,10.43141862,9.787400051,6.312865771,4.531141262,4.817968844,6.839937736,7.513470055,5.60518454,7.866808363,7.409916731,7.886421745,8.955224539,5.76346925,6.355621263,5.003200316,7.2236140120000005,4.782486976,6.2495644860000015,4.8486409010000004,4.774844794,6.9150158489999995,6.2033253560000015,6.402384574,5.501861623,7.437465426,8.759435643,6.04335492,5.746477499,5.499408868,5.799347125,10.31266984,9.13979267,8.18821052,8.436744212,6.83506759,6.9717947239999996,7.560502358,5.99506491,6.847714548,7.083516286,5.459077159,4.729058641,5.939721603,7.215446384,6.584527552999999,4.356994459,5.7626992910000014,6.935082446,5.181558036,8.310216543,5.508183667999999,5.8691007520000005,5.003966134,7.363536346,5.343355765,4.658136302,5.161605051,5.595191802,7.9473019,5.265506307,4.601905567,8.190828783999999,4.877626537,8.875576397,10.52609055,5.184767863,6.907940505,11.64608635,6.561937403,6.152277638999999,4.85318027,5.124996586,6.295701276,6.841436067999999,4.628303282,8.490143993,7.136495048,7.41859968,7.461105762000001,5.652620422999999,5.787895391,5.26722979,5.933354487999999,5.2419101139999995,7.063351535,6.364804797000001,6.314391317,11.77763182,4.96730631,4.657118700000002,7.654941459,5.5976801960000016,5.163443879,7.092090568,6.501921224,8.762242937,6.040906531,6.148298317,5.022076135,6.486405897000001,4.837954374,4.747680992,5.94576049,8.723648962,5.362681499,7.245327728999999,4.896304487,4.8379760460000005,5.673755063,4.8143722780000004,6.3137430660000025,5.4014908870000005,4.671976857,7.445772688,5.562936702999999,6.4548756360000015,11.97958911,5.125806347,8.791130653,6.9454689929999995,10.41241936,4.567506245,5.979013052999999,7.627129196,5.661762837,4.091060499,7.650081809,4.403617362,7.259935033,5.658276663,5.95378337,5.486300489,11.7157117,9.660190077000001,8.26458148,4.814227064,5.066078824,4.695779097,7.621553221,7.332826594,5.244256871,5.808171912000001,5.472628328,5.55935224,7.065792626,7.277646752000001,7.910727972999999,7.799284366,5.868750981,4.533591041,4.972952801,7.1970055529999994,10.98580626,4.858129371,10.85395359,6.062675536,8.663069079,9.584510104,4.902074686000001,4.456365186,5.814802365,10.8241601,6.876624085,7.188207679,9.382954968,6.612529229,10.06041324,8.736623981000001,7.081773909,4.615108329,5.995807523,5.883411578,5.381985082999999,6.474756826,7.677903896,7.665033519,8.065169476,4.759017781,6.095671727,7.656070817000001,7.493033617,6.335237327000001,4.545925874,5.686782148,8.643203192,4.9845795310000005,6.811395724,6.5397068439999995,7.226026192000001,6.220683206,7.851845742,7.052497671,4.484326248,7.3682477870000005,6.187343987999999,6.309843666,7.58426668,4.861834428,8.492099995,6.088702645,7.388763235,6.084548912000001,6.123415672,9.372983955,5.43351962,8.123205061,11.02594967,11.39404578,5.6874612010000005,8.41435956,4.620039026000001,10.23183988,5.479793428,6.997814099,5.779665499,5.7198054339999995,5.98121755,7.7109069020000005,11.26316763,6.413175829,5.64978486,4.620610299,7.52267597,9.490254764,7.936595588999999,6.521325813,6.568856212000001,4.978258853,7.895731396,5.5931899210000005,7.174714974,5.7967458610000016,6.665669554,6.195678035,8.857582969,10.42372451,6.191813123999999,4.890693303,4.0
6,11.50149206,6.442371492,10.06803335,6.963142909,6.355185272000001,4.505605357,8.708670106,5.215859324,4.516068508,6.00094258,4.570771944,10.72197403,5.686403123,11.15289902,6.80146911,7.280425217,9.264126575,6.315970509,4.7461321960000005,8.968372459,4.4031022580000005,7.055727082000001,8.201784479,8.276174758,6.6878140010000005,5.099945352,6.4025454029999995,6.8619766910000015,5.327775238,5.086924109,9.169905676,6.332520677000001,7.255834097,5.15407988,7.7251166960000015,7.1945858560000016,6.3680700660000005,4.852083966,6.030109086,5.0859527060000005,9.090945526,6.182953304,6.46408533,7.3724780339999985,7.443572777999999,7.562455722,5.632205614,9.458288917,6.107286892,7.180064599,4.70077951,6.180118491,6.342723522000001,9.207647722,4.3220868260000005,5.5820590060000015,4.638904575,9.564482411,4.479225634,5.486773769,6.080817861,5.36516649,8.492506169,6.912919058,6.338581211,8.250269444,6.463140937,7.087047044,7.3940686960000015,7.831392153999999,6.335388312999999,13.5181696,8.005862952000001,4.417853148,6.8746792889999995,4.738113684,5.035287448,6.635549515,4.650025679,6.81094212,7.3732038310000005,6.413856415,8.638084422,9.042507137000001,5.273553656,5.664064442999999,7.488676497999999,4.9273997419999995,5.407971438,8.560319865,5.330746971,6.998517367000001,5.24807257,8.531623349,7.795500189,6.114101886,10.23013373,4.389235505,4.317163208,7.0484042879999995,5.454337732000001,6.0064216020000005,6.4053457210000015,8.564987106,7.452004938,9.153700446,9.57436994,4.767665404,5.0284764000000015,7.1580560470000005,4.9751590939999994,5.126707822,4.796996409,6.735165042999999,5.935333825,9.052949647,4.32670593,5.290257243,5.880046843,6.875871997000001,10.854647199999999,8.629766072,5.741546848,8.742215148,7.780149285,5.2821427739999995,4.973961296000001,5.456137135,4.676784881000001,7.379573947999999,5.443773075,10.96838826,6.546830569,6.58209914,5.835749924,8.040748607000001,6.532607877,4.731770722,6.287236872,5.3135597510000006,4.372232695,4.589372707,9.914731286,9.148258279,5.644284422999999,6.348863904,4.936908325,6.065469641,10.26790921,4.728262443,6.9791131360000005,4.731528248,7.200273342999999,5.525224796,8.73827955,6.63257591,5.736863747999999,6.193571929,7.708140667,5.346744183999999,9.101556646,4.770013274,6.886826602,6.292550022,6.777024409,4.7640755619999995,8.893178767,6.802069413,8.907980371,4.965191657,4.35156473,5.958083646,7.25387529,9.170295199,8.207702661,8.34902625,8.033019292999999,9.792479002,7.6076755060000005,4.580852244,5.576925352999999,4.432778325,5.21360975,4.557041882,4.396621081,9.955099639,9.25701749,7.689693802000001,7.15825626,6.037861945,5.155064684,6.463150015,7.0963414160000005,7.4351252510000005,6.205401942000001,6.486973405,7.81797012,8.750490682,6.242774596,5.575816372999999,8.151872376,8.859764105,7.5742523760000005,9.452456485,6.214428539,6.935434267000001,5.637472746,8.262827551,4.736596797,5.449053957,5.088603815,9.873359407,5.9408638210000015,5.816516943,6.2151221670000005,9.254887091,6.333001498,5.873113525,6.279914262,5.8423294110000015,7.321422592999999,8.551113701,6.497064924,6.941721338,4.502733147,11.15365941,5.6392328,7.131342328,5.480434799999999,5.870379436,6.156483795,10.03350703,5.0859636969999995,5.353907635,11.35395009,5.3847811839999995,6.161352357999999,4.850398866,5.281831766,7.98134041,5.848019184,4.254925335,8.836448303,7.383963457,5.531576804,6.8135084610000005,5.430313792000001,4.652612597,6.2297097820000005,4.926018202,5.735378008,4.925996222,6.71879443,4.73094431,9.879670747,7.67250849,10.36222301,5.799352482000001,6.3073298829999995,9.14176897,5.646238632,6.867631255,5.066943491,5.269260018,4.656442299999998,7.515971531,5.3691125689999994,6.873610404,6.212164821,6.918278269,7.1180385510000015,4.668945893,7.053280387999999,6.95825291,7.809522096,6.511460258,8.429819001,7.0283960999999975,4.482832818,8.180887468,11.56632956,8.401735942,8.617592396000001,7.52255705,4.381808875,7.4321755629999995,5.779905319,4.91761119,5.50538799,5.851914086,6.664978773,6.666931131,9.28747002,10.63615461,4.965512438999999,7.38189164,6.971159806,5.0145074119999995,6.285051645,8.891757899,5.930476106,5.6066843429999995,9.721787048,5.862713192,7.796469302999999,6.919588462999999,7.455708127,4.7159481219999995,6.921718477000001,4.920637311,4.43064762,5.77188515,6.41641135,6.7577459410000005,4.677197275,7.604141019,7.015955397000001,9.768861845,6.822428426,7.3812923779999995,6.175912899,5.272539419,5.972877177999999,4.628634701,7.85747222,4.677607076,6.731795485,10.385073,8.393103538,5.046282286,6.899490806,5.764388783999999,4.830382449,6.131059483,11.62638356,6.986157612,6.201104777,7.840455771,8.595916075,8.1596453,4.320360882,7.539984349,7.735142194,5.405552861,6.64350281,7.077242565,4.702353014,7.499452923,5.5716171160000005,8.167678421,5.09188012,6.280016149,4.673708582,6.040137232999999,7.7412463670000005,7.398333918,8.760252202,5.736360539,7.722674279,8.952642838,5.054043426000001,10.27555551,8.508830226,4.594475587,4.959274703999999,5.419809435,8.130212756,5.424384506,8.207199825,5.159400717,6.0044885279999995,4.9844395630000005,6.602749149,5.725360734,5.392266001,9.639912936,8.518327482,6.034278314,8.479845527,8.505095942,7.3506679,5.654903653,6.3100328889999995,4.517108428999999,4.862970081,8.765548638,6.239062075,7.874146979,5.206580257,7.698496987,5.923440667,6.262111708,8.554487137999999,8.978221469,6.516017941,6.992607146,8.038289322999999,6.511164832,6.820190116,6.199315937000001,5.264528017,9.226419169,6.873461868,5.724435119,6.196317231,6.1732865110000015,4.685959639,6.89612314,5.5803443470000005,8.029406892999999,10.82099309,4.26431945,7.753742904,4.842169406,5.886866531,5.529670061,6.314380907,5.518627996,5.337513745,8.730809927000001,6.606106575,4.66008699,5.664551311,10.439303500000001,6.021911433,7.941893792,6.420154256,5.092464181,8.090246118,5.415750967,10.39802045,7.6181913,4.316782454,5.7515813179999995,11.63373314,8.098534772,6.424526056,7.0022076160000015,6.2180518739999995,8.946694328,5.549040442000001,4.785903966,6.468842968,5.647339016,8.773264314,6.089321832,5.1168363889999995,7.991553841,7.494752684,5.121722231000001,4.81519485,6.52027907,5.118722662,5.994238788,4.630387717,4.911844295,7.759447618999999,6.876955646,4.917988200000001,7.200370982999999,8.15957021,7.996568055,5.034626225,8.847838932,6.4970241060000005,5.37073751,6.402874167999999,5.052630738,7.390427669,5.598747313,8.114011657,5.511852782,4.897979253,5.507905119,4.536293378,4.875413443,4.290743096,6.461321272999999,6.715975808,7.2153369760000015,5.755598452999999,7.47280029,11.02730793,5.443701507999999,4.6127299289999995,6.861131134,7.583613467999999,4.652456265,6.9293406210000015,4.732947578,6.958004777,8.29403347,4.90748459,7.481996745,9.091452775,8.204906614,5.741285284,8.802906869,6.428653317,8.368052882999999,8.492165179,5.248801922,5.863990518,5.639136412,5.862467633,4.882989067,7.114008457000001,8.082603092000001,4.690814377,7.285857315,7.320758047000001,5.4627725929999995,5.00460421,6.180513027999999,6.954288654,6.06538784,8.113059577000001,7.730653266,7.4893468410000015,5.74437226,5.208793355,7.245645597,9.412565927000001,6.130252785,6.471244032,8.316313206,5.687845633999999,6.9516435770000005,6.159203784,5.51544592,5.319563626,8.432106688,7.07083247,7.640022632999999,6.784477229,6.128621085,6.728392949,8.112246432000001,5.449545027,6.7326107639999995,4.926277385,7.443092495,7.377849677,8.045419546,5.769309223,9.266944661,6.4884140860000015,5.212826134,6.035814003,7.7146268870000005,7.195582722,6.680828914,8.43331268,6.8359341910000015,6.872657203999999,6.185372178,6.020043544,7.048924332,6.439546226,8.900956033,6.317324022999999,10.20504472,5.381582572999999,5.393992398,5.566302514,10.06964081,7.507132493999999,6.301476125,6.616266115,4.572022598,7.782885019,6.138979802000001,5.85502014,5.240553382,5.706342867999999,7.973275611,9.259936745,9.216038679,6.867657446,8.311252084,6.868651367000001,7.3593069710000005,7.3534335870000005,6.916516764,7.78015881,5.786803711,7.798265936,8.533321373,9.021019512,8.617996527999999,6.5855388989999994,4.661497348,4.601253648999999,5.132001679,7.545107729,9.352492796,7.670480082999999,6.036228106,6.857401229,6.393015501,7.4082506760000015,9.379424159,12.32992484,4.823402232,12.81585995,4.925324033,5.7320245089999995,5.561082711,4.526467321,6.296002155,8.241074441,4.423739797,4.341388545,6.784552929,9.769910333,7.593538708,7.525699899,8.787406464,8.983043647999999,5.6552837270000005,5.775140801,7.03544428,6.814657762,7.953558554,6.071206987,7.544465934,6.108396282999999,4.477864555,6.101232988,5.757462478,5.6018965010000015,8.145411332,7.8692976660000005,5.454809909,6.5911395729999995,5.542561347,4.607433326000001,4.697766051,5.043430254,4.36194964,4.786052767,4.716666741,4.810935013,4.916650177,8.926447154,8.624608300000002,5.061354205,6.11046741,5.687936016,4.832727126,4.7068470719999995,5.574318664,7.518359977999999,6.902908213,9.783735115,5.363832816,5.97688963,5.141545503,4.705465579,5.267913254,6.723613137999999,6.564454745,4.962264526,7.937933528999999,5.494424146,9.441531392,5.171516071,6.368912965,4.768977945,4.592269858,5.377686762000001,4.728898031,6.766877631,5.039417578,7.680947374,9.382871158,4.364108596,4.985862256,6.101112595,6.211260066,7.443231093,5.407194324,8.624577894,6.858240706,10.13089679,7.502348725,8.343720004,8.96259621,8.097994906,8.44714149,6.617412926,7.892730356,6.7924410810000015,7.215989645,5.965638642,4.562670778999999,6.515265858999999,7.490217031,4.890064016,5.50307157,5.418014192,5.9805856,4.739157045,5.11431957,7.890329705,8.855776118,7.694793318999999,6.633601893,6.8340253529999995,6.174919383,4.739932348,5.714116882999999,4.865162686000001,4.76342044,8.842475775,4.365342534,4.795490706,9.498292937,7.0478048960000015,6.10117245,4.403795579,6.893625925,4.4118517289999994,6.812062731,5.24057934,7.280950301,7.279883672,8.655320846,6.575390835,5.2931145939999995,4.655549527,7.637765495,7.313104768,6.995355601,4.9202716419999994,7.775431281,7.486675139,8.948615102,7.476625594,6.359928742,8.479946768,5.641710955,5.382061124,5.605229659,5.4266708679999995,9.268021422,9.233436613,6.296072915,4.665310839,4.769654473,7.741264094,7.295070475,8.694152005,4.703188514,4.73137228,8.302395982,9.589908413,5.02483017,7.8751290260000015,9.554254401,7.996915411,5.073759293999999,4.996063821,6.028797129,6.718370799,6.520389487,4.804730512,7.009454946,5.69158257,7.614257169,9.43343236,6.2694017460000016,5.685989747000001,5.189859342,4.318528115,6.205628982,6.864317047,4.977732468999999,6.801875676,6.379296404,7.465328396,10.68098878,10.20422249,11.03713673,8.575320878,7.2375769389999975,11.12521411,9.452257348,8.447606115,7.068338011,5.531425389,6.29291329,8.751102793,6.148215037999999,7.820360544,4.983576857,5.395988377,7.143778747000001,8.807778597,4.44578936,6.9422162279999995,8.046113507000001,8.185623235,4.479437112,5.429372829,5.225641677,5.40635653,9.904297866,4.760438996,13.21365963,14.04399296,6.179690399,7.317390355,7.654732461,9.276246399,9.927301976,9.095603859,6.906418691,6.636219003,5.777721504,8.03905262,5.199403117,7.1911385060000015,9.110071831,5.713084212,4.755315989,8.192638067,7.307062595,8.916503766,10.500537699999999,5.277852091000001,9.670309726000001,6.59853266,6.865779507,8.763052978,6.212970972999999,5.726540881,6.4830062029999995,9.188995015,7.024908383,4.444937755,6.8087699829999995,6.912405784,13.03482453,7.6772387029999996,6.523648737,7.318174152999999,5.559040573,6.5103868060000005,5.146776313999999,8.453039052000001,7.927180521,10.63755358,8.27583208,5.928761242999999,8.298536544,5.708766175,8.224036112,9.299234846000001,5.93555323,6.379356809,6.066986377,7.307184427999999,6.945203962999999,6.199280129,5.363093172,7.007375679,6.605539922,9.118548002,7.505895602000001,5.893262593999999,5.17024385,5.630679413999999,9.398298573,7.3857299770000004,5.560797935,4.731213039,5.066541125,9.228349003,9.309733629,5.019317625,7.716850031,6.519214325,12.83227933,4.870987565,6.790473669,7.168289328999999,4.845528261,6.578078577,7.015386017000001,7.529372865,9.203012141,5.484610617,9.473441216,5.324563533,5.732609931,8.336984847,4.924556245,5.916140738999999,7.322960307000001,5.076560008,8.909155152,9.148088334,6.845693193,8.585230357999999,5.064816158999999,11.93149863,5.624558396,6.566565825,4.471495029,6.3211837110000015,8.073890824,4.828403741,5.788047626,9.157879863,7.1412064179999994,8.603444676,4.372123707,5.9176570889999995,8.094267894,10.06853187,5.318289878,7.783592089,6.623214377,5.072958995,6.9369175310000015,7.467304247,7.628553847,12.04691509,6.407246455,5.984853556,4.769200289,9.24079399,8.643519688,8.393519035,5.723229633,5.536520601,6.126867283999999,7.336186783,5.053818764,4.853436576,5.123748687,5.627458017,7.2356939160000024,5.439165781,4.887526853,6.009773751,7.596793203,14.02962029,5.838318323999999,5.863296922999999,6.301831883999999,6.731944745,5.17387308,4.835868541,6.183070763,6.08954038,5.93455281,5.4458257439999995,6.74320556,5.611829361,7.418318977999999,8.165669609,5.714627999,12.50580816,5.603057636,5.294750402,8.520960934,6.8092225410000005,4.950667775,6.002745362000001,4.484269885,6.237674939,5.0761826480000005,6.018643624,5.978812415,7.604349087,7.111170129,7.87325726,7.658372657999999,5.0209045969999995,4.17489039,8.439847839,7.421242446,5.354989235,7.375963262999999,6.190145287999999,11.26120273,10.7500283,8.795989335,7.997413855,5.619281189,6.487996552,9.515781328,5.43954116,5.452216445,6.154555443,5.224540115,5.395071102999999,6.787386457,7.975265396,7.413251548,6.7197630660000005,6.443936817999999,6.031281456,6.498953908,6.593576112,6.675671212,7.841119326,5.419690623999999,9.362507968,7.161481741,6.429778861,9.347164662,5.6808227229999995,6.6371404689999975,6.931560366,6.551670495,6.257415394,5.162116518,9.980327603,6.874553822999999,4.837028045,7.127014,6.4717973639999995,8.435752102,4.613670225,5.345079833,6.733900498,8.161269613,7.7485334639999985,8.492169164,7.309976377000001,6.342043971,5.103586048,4.91406744,4.652400275,11.32268758,4.812456313999999,8.670946212,7.169802344,6.265072977000001,4.6556931939999995,11.01649095,5.880747653999999,7.45823126,7.209433763,5.761698047,5.894761114,6.492072221,4.626298574,4.7687151960000005,7.484842939,5.83456608,6.90915846,5.057366238,6.690069414,8.280477355,6.32452735,8.600904819,10.62871395,9.094848205,7.233059582,9.621776987,11.02367792,6.349988569,4.797932459,6.528808996,5.386894357999999,6.662483094,6.001574205,8.714568658,6.356030538,7.433460137000001,6.5352050120000005,5.618376026,4.624338012,5.153025703,7.233646498,8.161926882000001,7.181744817,7.236297828,5.42748054,5.2267540619999995,6.482587499,4.819385476,6.534103375,6.6107444310000005,10.22120325,10.68831166,4.385573681,4.83398048,6.5008605610000005,7.0902443239999995,4.7568136889999995,4.080157915,7.65801647,7.982765316,5.776629647999999,4.419595289,5.049290114,7.001724227,6.991261278,5.513399188999999,6.277013854,6.747357121,4.9347583760000004,6.409848909,5.546247567999999,6.046290567000001,7.235040406,5.320747449,5.331262357,5.855207900000001,6.069988502999999,5.63318545,6.142360981,7.582832517999999,4.179136109,9.187360894,4.544650561,6.877137817,6.455489012,6.777285158,5.595771653,5.071100004,4.684647518999999,5.081060894,5.683690829,6.200430451,7.556824983999999,5.8800395420000005,11.32584034,5.6736500360000015,7.232424162,4.549951302,5.8264697010000015,4.4195598480000005,5.662846947,5.574215952,6.079310808,7.626620827999999,4.472888028,5.523273652,4.559197562,7.744768485,6.476417975,7.580464434,11.72005118,5.039351295,6.888086932999999,10.16318109,9.015902407999999,8.369266742999999,5.502208249,7.1180161779999995,4.270002957,4.754453235,4.8120005919999995,4.833651855,5.011228498,6.846926064,9.430013621,5.882321717000001,6.203535717,9.670787504,5.991879869,8.920904725,6.156220374,8.401487833,8.498269192,5.944929012999999,9.169280378,6.6023793410000025,5.481843021,7.051380282,5.04308136,7.082828115,6.5834618670000005,8.331862875,7.37458871,7.1469545010000015,6.183583425,4.690889258,8.01294946,8.281929478,5.095416717,4.50007232,5.671099661,5.90459141,6.3566702070000005,6.40454729,6.232235652000001,10.34111891,6.996944587000001,6.357638661,6.8146911160000005,8.420214054,11.21232426,5.038693776000001,8.520566079,6.3728554860000015,8.411834942999999,6.621232572,9.15270772,7.500624264,7.808656487,6.979945505,10.85421122,7.455185822000001,9.439064287999999,4.78873767,5.801973345,4.400920199,7.389273997999999,7.127506704,5.89929377,5.278060003,8.816160423,6.948438218,6.554532152999999,6.9585323510000014,5.030501297,11.67444482,5.226900951,5.8356833539999995,6.727651132999999,6.566038467,9.261484087000001,7.0150715429999995,4.845426455,6.136494839,5.557294203,8.663802056,5.4197096610000015,4.889084421000001,7.148251639,5.5077537439999995,5.832792535,6.235935143,9.456177027,10.01793514,6.336572469,8.07882122,7.961308886,7.445081355,7.9544903310000015,8.159837179,6.985993102,8.131133944,6.660265159,6.244805363999999,6.354548382000001,4.772672957,7.851425495,9.542031465,5.2194299719999995,6.237651082,4.947507002,8.806589153,8.059403468,6.42034102,5.795186974,4.338912288,5.415177987000001,6.782258268,9.116970081,4.966776539,7.044816497,4.986509661,9.053853596,5.895589396,5.991793907999999,6.042977658,4.481059073,6.623644989,5.514584585,5.43472652,5.2427079569999995,6.480078224,4.68838615,7.205595849,5.608079851,5.503405017,10.75443658,6.7134948539999995,4.571875889,6.1686804429999995,9.26683013,5.296298232,8.590900357999999,8.23949559,4.409564135,6.310945727999999,5.8850238820000005,5.683750087000001,5.565222979,4.628767346,4.965162523,6.207749691,4.945533675,6.598754351,7.8599599829999995,6.585936969,7.152433292,10.02104073,5.258338339,5.101417553,7.036263138,5.6321632410000015,5.435419232,5.7670152360000015,4.453184329,4.39048111,8.678369352999999,6.330902846,8.496664682999999,12.42436045,4.649332288,8.949945537,6.066196428,7.659033513,5.015230177,4.473461808,5.934610738,11.75389531,10.28287406,8.241815195,7.642977228999999,5.384706785,4.800696805,5.6934121289999995,7.146392682999999,9.27825604,7.391407282,7.8515819539999985,5.352170056,7.666940941,5.925187386,5.234207103,6.070877384,7.223431729,7.430760542000001,6.292402474,6.868660067,7.4539144020000005,6.755660764,5.650305792999999,5.784142472,8.173094669,8.350628922,9.110551561,9.700618301,8.152270137,10.34390032,9.039385084,8.721870337999999,7.722797944,7.8940285060000015,6.160600095,10.1354179,4.5927438789999995,8.397391916,6.359273815,4.599267258999999,8.852459352999999,6.464309338,11.46950154,4.410319843,6.557592333,5.867686394,6.317478799,6.191466613999999,8.264289672,8.565379549,7.477648855,4.45900713,8.209666198999999,4.39694642,8.025518111,5.0258323030000005,5.745312825,5.788978329,5.9256659,9.738111053999999,4.965269097,5.671604637000001,6.849007643999999,5.075390683,7.025691972000001,7.63823544,8.794794605,7.757427957000001,4.25756135,8.001998958,8.4673428,5.545366771,5.430048861,5.081945056,6.7635388270000005,6.607678074,8.530615762,4.75945937,8.960919192,7.357237483,5.734780957999999,6.390436782,7.730890692000001,6.6322624029999995,6.064386344,7.828095789,6.915756332000001,9.561036247999999,7.214998262000001,4.213195995,6.976694424,7.3445813829999995,5.497170497000001,5.263750407,8.618324756,5.344809791,5.206727955,8.801316992,8.018918845,7.218036427,8.070646434,9.309106153,5.688104196,5.378473604,9.970358535,9.133457669,5.615039756,4.419277211,5.152739858,5.172570169,5.226703387,7.454058527999999,7.997499737999999,8.844225514,7.031468384,6.815699045,6.77050034,10.55605107,7.393180911,4.80839369,6.285792185,7.479713844,4.602375996,11.84205461,6.137253969,9.600338706,7.588042084,9.116003033,7.550573327,8.002077486000001,9.280823095,5.988699774,5.285961267,6.4497729889999995,4.353819967,7.988503121,7.475606252,7.731964558,5.589297771,11.59139887,7.75559663,8.042798067,8.914109391,5.869647109,5.68186873,5.316514767,7.148199475,5.303254587,5.4856167760000005,6.399044879,7.81640383,7.304098346,7.279991017,6.705962726,5.593935815,4.82543522,5.175130687,5.6743351539999995,6.341053401,5.521433131,4.40135156,4.069840226,5.123659151,5.204267627,5.20970514,4.5908152069999995,5.617032772000001,7.337480802999999,5.8054454060000005,6.587648637000001,5.86296469,6.939654831,4.679658979,11.06966639,9.449557636,4.738270834,5.947991742999999,7.146481735,5.309210537,8.583365642999999,4.503651921,5.319668359,9.549887353999999,6.449545218,8.202031538,5.657760306,5.495874954,6.685027737,5.846460757000001,4.202334414,4.487399872,6.972912332000001,5.34434333,7.880836211,4.74110038,6.654581385,6.494159302000001,6.809439555,4.5645960169999995,5.434073385,9.99087645,8.493274187,5.550620285,6.986556462,6.337767303,7.243800221,5.8081631960000015,5.993970751,6.648063336,6.334177057000001,9.70534655,9.489948803999999,9.636475916,7.16746605,7.852614847999999,5.111675853,7.095071462999999,4.714591915,7.9991337520000005,7.18985853,6.204063493,7.0865880039999976,8.557742637999999,7.589957711,5.140520334,5.269688013000001,4.894119305,6.1846715360000015,9.594429017000001,9.906965092,4.819320929,5.6991621939999995,5.950962264,7.938442961,5.928869547000001,6.4666592760000015,11.01853087,5.143335378,7.861375568,6.698545633999999,5.337513133,7.008840137000001,4.590784438,5.942874463,5.843490137000001,5.227557904,5.414295813,5.247775798,8.968411338,11.36114321,5.656069402999999,4.268572173,4.737791057,9.919117421000001,8.519279739,7.774070921,6.6662155510000005,4.490582871,4.272440233999999,7.4005141939999985,7.003357882,6.984655589,4.90135603,4.7369939169999995,6.596541002,4.617412683,4.918217567,5.086070095,8.586066801,9.074621302999999,5.068056102,5.84177145,6.811170721,7.975317255,5.964880421,4.592302228,6.352354602,5.329032928999999,5.504747561,5.522474956,8.867113832000001,6.5907528110000015,6.507133235,6.800523484,5.740095977999999,7.406185446,5.093645396,6.192189162999999,8.915259625,6.5996284260000015,4.876355611,7.700291826,4.729282883,8.10374402,7.900862525,4.798501035,9.502881643,6.3558193439999995,10.15703222,5.173785501,6.023775204,5.607057919,11.81260082,5.963688445,10.15811681,12.28566716,8.039109652,6.540099796,7.459396882999999,5.855647481,10.9414198,9.400767898,4.873090383,7.955180536,7.154021544,8.530785527,9.205398519,6.654334092999999,10.61573847,6.223807817999999,4.984079877,8.658302907000001,8.845010398,5.729027632,10.39317211,5.677960556,8.266654991000001,5.333644673,6.3911105820000005,6.9803231729999995,4.787486341,6.209491732,7.024333399,4.297395205,8.223825741,4.8478685619999995,8.571677907,8.593653518,5.715301015,5.068825034,4.633442227,10.61966661,7.453457812999999,7.140656149,6.97093445,7.260208615,7.546753394,7.272213428,9.927361487999999,5.915485515,6.7759616110000005,7.504203353999999,8.20723043,5.925663064,9.430460295,7.150118544,5.622391264,5.873933438,5.40321451,7.3663816739999985,8.24385629,5.963630869,5.230764403999999,8.815169656,4.554113387,5.234507476,5.853578272000001,4.905725708,6.652484977,5.6131911279999995,6.188277808,9.156976214,7.3393757389999985,9.217475988,9.521987889,8.068837683,8.961029249,5.137709112,7.827721282000001,6.595240702000001,8.701643792999999,7.6206493029999995,5.102454096000001,5.0503787319999995,7.352468977000001,7.31970796,4.497392296,6.380310828,6.968521363,8.342265422999999,5.849118722,5.111583486000001,6.047354365,7.142549653,8.056061785,7.985226346,7.561413009,7.932026229,6.841105353,5.739648572,6.579444341,7.790669164,10.05402075,6.708194617999999,6.707666897,12.88259284,8.896337691,6.735430067999999,8.506715011,11.38016106,10.85026511,4.186892799,4.195903265,5.425789765,6.865439907000001,8.460337557999999,10.02361073,6.972882956,7.600602477000001,7.956536483,5.430982928,4.7224355330000005,6.928363347,8.317453059,9.06905508,5.582457467999999,10.01035868,4.641124507,9.073730449,5.4000748970000005,5.108163072,5.191104289,6.490859531,4.535067358,4.799468658,5.21565277,7.705228121,8.008287232999999,4.631161186,9.352892368,6.767848834,6.751112943,9.467770991,6.6638833360000005,9.887227118,7.363871649,7.921348718,5.673398584,6.030125415,5.083153067,4.752281541,6.710226847,7.77326678,6.7878233020000005,4.937375753,7.959933958,7.2330774920000005,5.349483276,8.15944446,7.091445208,7.465665962,5.987053347000001,5.531227146,4.2803389,5.359874728,10.17560536,6.996796101,5.140682067,11.67054024,5.192275205,10.67891964,5.755719002,6.03052479,5.841208961,5.515385834,4.937422083,4.557994358,5.7312843739999995,5.351612752,4.823666762,5.26137527,6.09215335,4.814450005,6.934794887000001,5.302211618,7.262720718,12.18502645,5.57421987,4.757414936,5.674151859,6.046091121,4.945843374,6.954759475,9.42195583,6.801302777,5.905508697,10.20299823,5.71461562,4.927400405,4.247782337,5.611887126,4.993266098,7.940609151,7.586354696,5.302187857,7.720296323999999,5.9629088889999995,7.055667947000001,5.73662554,5.823461484,4.508680524,7.6951148510000005,8.669527214,10.2959632,5.044319557,4.721300907,7.213716954,5.179530234,11.03814307,5.883863419,8.87248415,6.495107656,6.195447511,5.738216027000001,8.310776005,8.599328468,6.200535062999999,6.258201307,6.950618443,5.741130724,7.76896529,5.717839239,4.5890915130000005,4.980905508999999,5.388798692000001,6.997118209,8.57921821,6.177082048,5.8620252729999995,5.873503082999999,5.24034217,7.008972907,6.192498165,4.577677017,4.252943801,4.1138991030000005,6.8320880000000015,8.703577382,4.874037112,6.760239058,6.533225848,5.6932358039999995,6.253744844,7.03706323,10.25983853,4.882737654,10.62084132,4.9517642969999995,6.021071915,4.826649762,11.28103155,4.41299449,7.685116308,5.15850098,5.825605362,5.430279998,8.698009196000001,5.75298744,8.242090961,7.972641287999999,4.470670375,5.340622309,8.590171955,7.133089469,7.318046402999999,4.488409834,6.785787826,5.779555611,9.195815831,7.154597721,8.098717158,6.654294362000001,7.495057774,4.80063513,8.972442735,5.260232998,5.310305444,7.364486787000001,8.395928992,5.067530411,9.175536486,10.90544646,7.083427358,6.667242398,4.905443562,11.11049275,4.652071871,9.124758647,4.71347533,6.194040526,5.243137512,5.031570643999999,4.876542082,6.322978377,8.373949073,11.59104828,6.632254382999999,4.884810507,8.023811734,8.207719212999999,5.792850527000001,4.455685926,8.112423698999999,7.711585931,8.931185117,6.373120472,5.2871060739999995,6.213943133,7.759552346,6.98281629,6.706640724,4.683255309,5.128560772,5.078741088,5.6765125339999996,6.509895185,7.126634075,7.837170634,6.927865216,5.221287127,6.960422137999999,7.612230017999999,5.543466821,5.626577758,8.871929026,4.795344986,6.6465029929999995,4.87434213,8.977907373999999,5.323429774,4.813148579,4.838174853,5.716323963,5.787499285,9.465791579,5.750666549,5.476872079,5.713769494,4.514437268,9.535887726,8.501953054,5.822959902000001,6.381529966,5.6072266420000005,6.789601998999999,5.8235111129999995,6.97422336,4.503711287,9.835429015,6.5616020760000024,7.832889845,4.2332485160000015,5.119632889,8.332854437,5.237814602,8.596736191,10.32646464,6.1380533370000006,10.38611246,7.532449217000001,4.957474314,6.559659318,6.601814528999999,4.279522167,4.848721739,7.304982884,5.038858142,5.335553956,5.093190122,5.042560684,5.608959337999999,6.2502972560000005,5.8382605629999995,6.859424926,6.074844286,4.534396895,6.357432686,7.664864323,4.73496446,7.191280326,5.661895839,5.558178476,5.545522365,4.667801517,8.02056185,9.145895032,5.371838755,5.081590361,5.126803048,7.157576884,7.009551339,11.14001777,7.892393179,4.140638471,5.440010028,8.157671673,5.308428534,4.311006707,4.727372046,6.716577111,5.160912776,4.27679354,7.928609363,6.1627449,10.81221292,6.486687099,6.068056843,6.254765592999999,5.94569125,7.258381999,6.70292213,5.477756756000002,5.499413515,5.649588,7.249431183,6.63796155,4.892994463,6.221081785,4.965516401,7.6045200920000005,4.718475051,8.339432943,7.1871287420000005,10.36844015,4.663687144,4.407191302,7.056908046,5.5073538960000015,6.031460017000001,4.805583382,10.05797048,6.9008613510000005,10.05910821,7.574598677999999,4.815793153,5.301472562,6.68201473,7.692046697,6.752206158,8.972293605,6.3126495039999995,6.349942712000001,6.0750923839999995,6.966118117000001,7.415323586,7.024747071,4.285155968,6.760142758,4.821927641,4.785199312,5.8342189410000005,7.364182135,5.253810328,4.396997726,7.296336416,5.976381085,5.495276401,6.054973671,5.290796108,5.08693913,7.603922464,4.3784606539999995,5.051759766,4.831896789,9.692998307,6.768773907000001,9.508883331,4.521718374,7.347211202,5.326506708,10.01020368,6.823421727,6.231044279,4.859600391,7.628803549,4.947387968999999,11.45027121,9.148471215,5.971752385,6.5824630410000005,9.648083657,9.861365311,7.693188782999999,6.530833951,7.711625109,5.714374072999999,10.71827971,5.712912604,6.111353546,6.540014322999999,8.098792661000001,8.498264133,5.838782386,8.104023067,9.342506803,10.22074953,4.512715407,5.175920681,5.500514335,4.807062952,8.399995563,4.811367662,9.834121631,8.325662407000001,5.604840514,5.278295156,5.483234293,5.675970883,4.332405501,5.860878832999999,7.844459756,9.000816807,7.049829536,4.990829651,5.809024854,11.48355736,12.35401926,6.222020729,5.078889428,6.2321421070000005,5.304596125,4.2921990889999995,8.024736401,7.169402265,10.38474224,8.514897955,6.287830682,7.741506375,7.109640095,5.437212227000001,4.8253376789999995,4.851641613,5.216800692,6.5891304129999995,6.864094562000001,6.041782744,5.882052375,5.812045366,5.5527202739999995,6.650373871,7.470223797,7.608076466,5.700181477999999,4.3990275919999995,7.936355835,4.275451973,5.165213631,5.688491459,5.681661752999999,6.385702035,6.531408421,5.512922275,8.954396877,4.941941474,5.365509239,5.909331356,4.817531218,6.858964384,4.801862073,10.42399767,9.842162624,5.627400777,5.577043447,5.312259499,5.564459314,7.470536748,8.420973423,4.43900202,4.515231899,7.1403222379999995,8.589988553,5.4375686089999995,6.372567413,8.634132506,7.601223363,4.773986976000001,5.6178517060000015,7.120718373,6.149979276,9.955179196,8.53805366,4.609920273,10.08646783,5.193069979,4.588730792,5.147286684,6.198822389,8.675167529,5.17229103,6.873159516,7.813429687,6.857944292000001,4.848598602,6.315250355,5.125391497,7.631319069,5.36570816,7.222083948,4.928690587,10.82668645,9.820610176,5.219223686,7.29752634,5.155191542,5.101041498,11.38191037,6.235892699,6.496898165,10.19181263,9.382263402000001,6.32172572,6.082549617000001,7.438267907999999,5.015892739,7.284459742999999,8.892904042,4.211289064,7.633417944,6.342581778,7.654326202000001,6.689176201,5.84468593,6.578128714,8.271265306,6.212092875,8.421615601000001,6.704475612,5.860053937000001,6.561846787,4.972138313,8.604386265,5.844510093999999,9.009004666000001,5.178707986,5.973607071,4.975535109,5.199770684,5.023458651,4.834247421000001,4.891177633,5.211937287,6.517828827000001,5.26293959,5.031573542,5.610948098,5.868620394,7.252327216,7.403621621,7.238603104,6.461756502,5.810767909,12.35276978,5.541408504,6.3151550489999995,7.880332049,5.539360137,4.202739674,7.490742278,5.418804495,8.900451896,5.191263496,5.176126593999999,4.440214975,7.426499954,5.835226627000001,6.596074354,7.158037525,5.784657009,5.59810468,12.76021273,6.804429207,4.2592464460000015,12.39878294,7.585810342,5.7252742539999995,4.470577629,5.652147126,6.197222312999999,8.647697435,6.0737942,4.9110382260000005,4.5980900689999995,7.671799339,5.687957872,7.7308845370000006,6.74978863,8.006336713,6.149099541,7.359855382999999,5.455484014,4.87814304,5.938572289,5.743834044,4.834769106,4.557775423,4.680579175,9.466082992,8.209556335,10.00564449,6.370786819,5.830102612,5.653628932,6.847887657999999,7.697493763,4.881147619,5.837840278,5.576284575,5.868408596,4.826802302,7.933755199,13.05510314,4.278280672,5.369699128,7.0904988410000005,4.275852642,8.029749146,9.35610749,10.079569699999999,11.45646043,7.271362661,7.370130876,8.277469422000001,7.266049093999999,5.32130751,6.056291794,7.24792798,4.923133366,6.628814042,6.1657842610000015,9.629544141,7.086143927,5.010085012,5.586225555,4.88632824,5.709199571,4.422834368999999,5.795759549,8.213208682000001,8.294670227000001,5.571625386,5.6521837029999995,8.916332622999999,10.35584199,11.125259300000002,6.390296383,5.8114102370000005,5.88460234,7.238646072000001,9.465921572000001,7.34722503,7.668714232,7.128726914,5.0640574019999995,7.688814953,5.277136076000001,4.619413641,5.621694767,5.307178223,5.1404617969999995,6.576974882000001,8.565427297000001,5.256683442,4.0826850630000004,5.38090456,4.438996714,4.5969684719999995,6.405913684,4.939438255,4.979449106000001,4.535800171,6.843735307999999,5.441062313,8.308413974,5.8186167860000015,7.518170329,5.968909244,6.169793219,5.855428193,9.499262603,6.863795426,4.631623964,8.131341217000001,4.543148683,6.600211423999999,7.940435898,5.775556532,7.683529092000001,8.394134635,7.927514029,8.179972781,8.252602484,4.949076819,5.381786311,4.4054862,8.404972416,10.65424759,6.032857118,7.793597411,7.096681707,7.198454586,5.9265166979999995,4.858502952,6.7988088289999995,4.853091723,5.055310307,6.2023289429999995,6.6449502910000025,6.143696992000001,5.746118878,5.697682746,4.9143639839999995,7.6743544739999985,4.683900817,7.151313805,6.4285475660000015,8.57354933,5.305415473,7.666779149,7.645395255,5.3293203060000005,5.050000743,10.0070238,5.811253557000001,5.39905649,8.469443028999999,4.323826736,6.168958797999999,7.99515265,5.788081802000001,6.086926442999999,7.315467331,8.766183448,6.374714177,7.38735023,4.987772403,4.245595263,5.054827811,4.759431271,9.782397203,5.314878556,6.257479752999999,5.98644646,5.024519273,8.211301548,7.37038097,5.5842546220000004,5.477215084,4.983673433,5.625431721,9.191475785,6.973511866,9.320379373,6.185119498,6.4070175260000015,7.736794887,5.521666217000001,6.14265812,4.912750681,12.87599743,6.124280385,4.3657508310000015,6.954423695,5.335084075,7.160117249,6.743471832999999,7.623071702000001,4.766359205,9.315124804,5.866954666,10.04481733,4.403326458,5.521424777000001,5.165366562,4.955054217,5.010975727,6.7798810739999995,6.3923917260000005,7.658391802000001,11.538755,5.803622219,6.773826484,5.697444031,4.928899152,7.419501222999999,5.41863183,5.944988717999999,5.65174313,7.762742458,6.149573837999999,5.124597249,4.584760145,4.911744961,8.433100021,5.4188866639999995,5.110328629,6.018308311,4.816406419,4.847874492,5.088904298,6.565916818,8.41548011,8.456004228,4.842011724,6.944010124,6.234963235,8.604137573,7.524863048999999,6.283564048,6.284855061,6.3581648479999995,5.207788876,6.325751341,5.8544084629999995,5.081878951,8.99295251,6.2536003220000005,4.344864329,7.730312822999999,7.352574122,4.532647492,6.156972885,7.543682578999999,7.789972931,10.66208289,4.8523660710000005,4.712408478,7.584432427,7.995651153,7.345436302,4.796851636,7.928450939,5.677195959,6.802804748,5.724543411,6.084690129,4.984439514,6.9800262910000015,6.7102230579999995,5.6365190620000005,7.8651558060000015,8.085540952999999,6.025241049,9.798498666,6.34890528,4.870817016,7.362216011,7.7347171,7.518898106,4.642666965,8.067501349,4.330973335,8.98540391,5.891958058999999,7.702395049,7.033504656,7.200616274,4.2692458910000015,6.5417837410000015,7.2424325970000005,6.5839342510000005,4.667454029,4.1742223869999995,5.999786114,9.552568522,5.069357025,6.460936165,7.784144078,5.64260659,6.0284018060000015,7.771164757,5.281442949,5.622487099,6.4775839170000005,5.42652021,8.65060331,10.31984221,7.518429717999999,4.192223376,5.405079023,7.886115697,5.9155244960000015,9.597075588,6.797433361,4.571960206,5.376108602,6.343462242999999,5.169848198,4.585138801,5.954461692000001,4.468619562,7.039031886,5.059485491,5.306888557,6.530313437999999,8.970179099,8.40128126,6.941573633,7.18563397,4.6662562439999995,5.307407773,6.922085605,5.539523419,5.678584312000001,9.190532314,4.923942923999999,6.28655911,8.360531457999999,5.49817788,7.601112818,4.633401208,8.180211106,8.242063225,7.559007382000001,10.02631712,4.8239853319999995,11.33634973,4.450757277,7.184730603999999,6.99373388,4.679198101,4.501435431,10.53835797,7.265492068999999,6.593941015,6.3313409279999995,7.22608955,4.936646214,7.0047182810000015,8.882186738,7.8934109810000015,8.017301045,5.141659801,5.897616827,7.913486685,8.190354427,4.488443072,5.205242128,5.396280399,5.287651477,4.836460961,5.648314506,6.8968971660000005,4.607267712,8.00079713,4.779591492,4.904712153999999,7.964692886,8.161402246,6.595518124,5.565924232,7.757681132,7.152648869,4.800244351,7.59824377,8.04463157,7.329484575,7.4236680339999985,4.683754223999999,4.718589892,8.452718091,7.644813721,5.936192514,8.701875255,9.283387527999999,4.930191703999999,8.714245834,5.329192239,5.070290544,7.395709844,6.641953689,6.782357779,6.449977256,4.806631843,5.131607726,6.57473457,5.112893315,9.337176964,4.38490655,5.092693882,10.36079501,7.117967899,7.3488042,7.635913648,5.795569479,8.193731534,4.147231913,8.469623848,7.0229672039999995,5.1389728880000005,6.0147054760000005,4.951420359,6.2675931579999995,5.696047502000001,6.020162685,5.699590762000001,6.529281532000001,5.895880644,6.522037856,4.4427456780000005,8.34563347,5.116780556,7.401170549,4.336038745,7.174277035,8.896475251,8.005752569,7.893253425,8.954704223,5.6775230310000016,7.656457487000001,4.492467714,8.237502476,6.134863289,9.728680949,11.48644165,6.134233313999999,7.3621297110000015,5.410768462,7.617290661,4.302193157,8.693381453999999,6.074549635,8.198138703,6.799051812,7.734161665,4.832197468,6.32543462,6.005859244,4.398422353,6.133934603999999,5.240999013,5.033590611,5.690621095,13.21519503,6.636512139,6.474432928,10.16680595,7.810163524,6.143929368999999,8.299873426,8.040707043,8.255200519,9.353140243,8.927150166,7.058539013,7.047682204,5.205493788,5.5682692660000015,6.460864554,8.264836079,4.288779562,6.107659462000001,11.48764651,5.390830547999999,8.408040405,5.832637895,5.540725651,5.240529895,6.874343634,6.322936014,9.420483377,9.485606133,7.841871135,7.297705203,6.50380241,4.28136699,5.430531403,7.6011847470000005,8.448449787000001,5.553807837000001,4.486248524,6.587320581,5.575636821,7.285205811,7.465486012,5.211896324,6.242011682,6.35443021,6.1289234839999995,5.491547862999999,7.342542777999999,6.371680875,5.966730962000001,4.770058592,7.152138937999999,5.422649312000001,5.1757379839999995,4.19535706,4.804373988,8.571980762,6.621381307999999,8.517078198,5.910716633,7.6113028310000015,5.7223830389999994,7.893967779,5.995898897000001,7.084932134,5.810774747999999,5.218355911000001,6.3601408410000015,7.75778555,5.932526967,8.719652252000001,4.450349227,6.209337256,4.416661284,5.71741423,7.640525692000001,11.69144448,4.741305551,8.506718457,11.84503583,6.8393669379999995,6.219102542999999,7.119473361,7.035659764,7.004844301,6.078677806,6.698111063,8.330097076,6.3266592379999995,5.847321872,8.920093853,6.497406655,5.784921174,5.325248325,7.015486192999999,4.600195398,7.752756064,12.30377488,5.2564592910000005,6.688457372999999,5.898365605,7.893858312000001,6.299768877999999,6.900171877000001,5.690494581,8.833992531,5.007070488,6.092589244,7.319127707000001,5.694647454,6.715125147999999,6.865285199,4.825225678,8.133291946,7.2264088179999995,5.653849927,5.1934420160000005,5.24112367,5.191392,6.6625348970000005,4.668452234,5.499004612,6.864835848999999,6.703293658,6.575767615,10.16497967,5.435517582,4.736889706,5.692774534,6.650815691,6.2689737,8.366943793999999,6.842782091,6.093950456,7.326577202999999,7.587387647000001,6.035303884,7.03743974,8.233534762,4.929969021000001,5.815729784,8.089148518,9.083728987999999,4.1138491460000015,5.7627681289999995,5.247282166000001,6.063512652000001,6.458983722999999,6.756001165,4.536724746,9.571385101,5.752374457,5.9589224839999995,8.205160591,6.382084084,7.197837034,6.308477826,8.78656277,8.136140703999999,7.22704546,8.615329722,6.005084779,7.428361207999999,7.213394619,8.087155274,5.900203457999999,7.799691507,11.66666354,7.365168177999999,4.76936833,10.15358217,7.063338077999999,8.081797212,6.906332065,7.047562135,6.28002381,5.147766644,5.484111381,5.65396883,7.745063036,7.342799648,5.9723376770000005,6.885963843,4.665853313,5.0109085669999995,10.10485917,5.1298824739999995,8.904445849,5.3188425960000005,4.404855803999999,11.18103516,5.217128536000001,10.32676981,5.348217072,6.59021405,6.230802075,9.633212854,5.721713144,8.091207426,9.10953854,6.460757822000001,7.289850922,7.453560112999999,7.5038059729999995,6.776102196,6.019892845,6.162266186,4.4890272000000015,6.926629985,6.03029751,9.142829082,5.43258978,9.602174247,7.69847601,7.965507016,7.159339827999999,5.993937186,8.089516925,8.627100402,7.4233527289999985,8.09860849,8.707538287,5.363525321,7.752427467,5.02621269,6.257825344,8.035348707,9.513199108,8.186701669,4.433710243999999,5.620776547999999,8.316650183,7.77303898,5.463007336,7.344189419,7.926615512000001,10.0754038,7.283537442999999,5.470395902000001,6.032278985,5.888442341,8.004729328,8.392281495,8.593489672999999,8.216847739,6.05579883,7.595710866,6.064408504,10.5772583,6.687164787,6.8219786870000005,8.126296349,6.075140721,7.469309053,5.49352102,4.221410695,9.994911404,6.779465184,6.5305765,7.575736846,5.296437269,6.793282972,5.41690303,6.429978221,7.18274498,5.4500639920000005,5.7773296610000004,5.235925451,6.463125558,8.044009997,9.750831665,3.813668525,5.327194585,5.677607148,5.80295889,7.957001859,4.774286378999999,5.4176195310000015,4.3989192919999995,7.778565703,5.285286816,5.115507438,6.724929241,8.940066879,4.688644738,7.499636897999999,8.209415577,9.721185902,7.346088615,4.963900962,4.729272601,8.753383232000001,9.064467547000001,8.672297665,10.43141862,9.787400051,6.312865771,4.531141262,4.817968844,6.839937736,7.513470055,5.60518454,7.866808363,7.409916731,7.886421745,8.955224539,5.76346925,6.355621263,5.003200316,7.2236140120000005,4.782486976,6.2495644860000015,4.8486409010000004,4.774844794,6.9150158489999995,6.2033253560000015,6.402384574,5.501861623,7.437465426,8.759435643,6.04335492,5.746477499,5.499408868,5.799347125,10.31266984,9.13979267,8.18821052,8.436744212,6.83506759,6.9717947239999996,7.560502358,5.99506491,6.847714548,7.083516286,5.459077159,4.729058641,5.939721603,7.215446384,6.584527552999999,4.356994459,5.7626992910000014,6.935082446,5.181558036,8.310216543,5.508183667999999,5.8691007520000005,5.003966134,7.363536346,5.343355765,4.658136302,5.161605051,5.595191802,7.9473019,5.265506307,4.601905567,8.190828783999999,4.877626537,8.875576397,10.52609055,5.184767863,6.907940505,11.64608635,6.561937403,6.152277638999999,4.85318027,5.124996586,6.295701276,6.841436067999999,4.628303282,8.490143993,7.136495048,7.41859968,7.461105762000001,5.652620422999999,5.787895391,5.26722979,5.933354487999999,5.2419101139999995,7.063351535,6.364804797000001,6.314391317,11.77763182,4.96730631,4.657118700000002,7.654941459,5.5976801960000016,5.163443879,7.092090568,6.501921224,8.762242937,6.040906531,6.148298317,5.022076135,6.486405897000001,4.837954374,4.747680992,5.94576049,8.723648962,5.362681499,7.245327728999999,4.896304487,4.8379760460000005,5.673755063,4.8143722780000004,6.3137430660000025,5.4014908870000005,4.671976857,7.445772688,5.562936702999999,6.4548756360000015,11.97958911,5.125806347,8.791130653,6.9454689929999995,10.41241936,4.567506245,5.979013052999999,7.627129196,5.661762837,4.091060499,7.650081809,4.403617362,7.259935033,5.658276663,5.95378337,5.486300489,11.7157117,9.660190077000001,8.26458148,4.814227064,5.066078824,4.695779097,7.621553221,7.332826594,5.244256871,5.808171912000001,5.472628328,5.55935224,7.065792626,7.277646752000001,7.910727972999999,7.799284366,5.868750981,4.533591041,4.972952801,7.1970055529999994,10.98580626,4.858129371,10.85395359,6.062675536,8.663069079,9.584510104,4.902074686000001,4.456365186,5.814802365,10.8241601,6.876624085,7.188207679,9.382954968,6.612529229,10.06041324,8.736623981000001,7.081773909,4.615108329,5.995807523,5.883411578,5.381985082999999,6.474756826,7.677903896,7.665033519,8.065169476,4.759017781,6.095671727,7.656070817000001,7.493033617,6.335237327000001,4.545925874,5.686782148,8.643203192,4.9845795310000005,6.811395724,6.5397068439999995,7.226026192000001,6.220683206,7.851845742,7.052497671,4.484326248,7.3682477870000005,6.187343987999999,6.309843666,7.58426668,4.861834428,8.492099995,6.088702645,7.388763235,6.084548912000001,6.123415672,9.372983955,5.43351962,8.123205061,11.02594967,11.39404578,5.6874612010000005,8.41435956,4.620039026000001,10.23183988,5.479793428,6.997814099,5.779665499,5.7198054339999995,5.98121755,7.7109069020000005,11.26316763,6.413175829,5.64978486,4.620610299,7.52267597,9.490254764,7.936595588999999,6.521325813,6.568856212000001,4.978258853,7.895731396,5.5931899210000005,7.174714974,5.7967458610000016,6.665669554,6.195678035,8.857582969,10.42372451,6.191813123999999,4.890693303,4.0
7,11.50149206,6.442371492,10.06803335,6.963142909,6.355185272000001,4.505605357,8.708670106,5.215859324,4.516068508,6.00094258,4.570771944,10.72197403,5.686403123,11.15289902,6.80146911,7.280425217,9.264126575,6.315970509,4.7461321960000005,8.968372459,4.4031022580000005,7.055727082000001,8.201784479,8.276174758,6.6878140010000005,5.099945352,6.4025454029999995,6.8619766910000015,5.327775238,5.086924109,9.169905676,6.332520677000001,7.255834097,5.15407988,7.7251166960000015,7.1945858560000016,6.3680700660000005,4.852083966,6.030109086,5.0859527060000005,9.090945526,6.182953304,6.46408533,7.3724780339999985,7.443572777999999,7.562455722,5.632205614,9.458288917,6.107286892,7.180064599,4.70077951,6.180118491,6.342723522000001,9.207647722,4.3220868260000005,5.5820590060000015,4.638904575,9.564482411,4.479225634,5.486773769,6.080817861,5.36516649,8.492506169,6.912919058,6.338581211,8.250269444,6.463140937,7.087047044,7.3940686960000015,7.831392153999999,6.335388312999999,13.5181696,8.005862952000001,4.417853148,6.8746792889999995,4.738113684,5.035287448,6.635549515,4.650025679,6.81094212,7.3732038310000005,6.413856415,8.638084422,9.042507137000001,5.273553656,5.664064442999999,7.488676497999999,4.9273997419999995,5.407971438,8.560319865,5.330746971,6.998517367000001,5.24807257,8.531623349,7.795500189,6.114101886,10.23013373,4.389235505,4.317163208,7.0484042879999995,5.454337732000001,6.0064216020000005,6.4053457210000015,8.564987106,7.452004938,9.153700446,9.57436994,4.767665404,5.0284764000000015,7.1580560470000005,4.9751590939999994,5.126707822,4.796996409,6.735165042999999,5.935333825,9.052949647,4.32670593,5.290257243,5.880046843,6.875871997000001,10.854647199999999,8.629766072,5.741546848,8.742215148,7.780149285,5.2821427739999995,4.973961296000001,5.456137135,4.676784881000001,7.379573947999999,5.443773075,10.96838826,6.546830569,6.58209914,5.835749924,8.040748607000001,6.532607877,4.731770722,6.287236872,5.3135597510000006,4.372232695,4.589372707,9.914731286,9.148258279,5.644284422999999,6.348863904,4.936908325,6.065469641,10.26790921,4.728262443,6.9791131360000005,4.731528248,7.200273342999999,5.525224796,8.73827955,6.63257591,5.736863747999999,6.193571929,7.708140667,5.346744183999999,9.101556646,4.770013274,6.886826602,6.292550022,6.777024409,4.7640755619999995,8.893178767,6.802069413,8.907980371,4.965191657,4.35156473,5.958083646,7.25387529,9.170295199,8.207702661,8.34902625,8.033019292999999,9.792479002,7.6076755060000005,4.580852244,5.576925352999999,4.432778325,5.21360975,4.557041882,4.396621081,9.955099639,9.25701749,7.689693802000001,7.15825626,6.037861945,5.155064684,6.463150015,7.0963414160000005,7.4351252510000005,6.205401942000001,6.486973405,7.81797012,8.750490682,6.242774596,5.575816372999999,8.151872376,8.859764105,7.5742523760000005,9.452456485,6.214428539,6.935434267000001,5.637472746,8.262827551,4.736596797,5.449053957,5.088603815,9.873359407,5.9408638210000015,5.816516943,6.2151221670000005,9.254887091,6.333001498,5.873113525,6.279914262,5.8423294110000015,7.321422592999999,8.551113701,6.497064924,6.941721338,4.502733147,11.15365941,5.6392328,7.131342328,5.480434799999999,5.870379436,6.156483795,10.03350703,5.0859636969999995,5.353907635,11.35395009,5.3847811839999995,6.161352357999999,4.850398866,5.281831766,7.98134041,5.848019184,4.254925335,8.836448303,7.383963457,5.531576804,6.8135084610000005,5.430313792000001,4.652612597,6.2297097820000005,4.926018202,5.735378008,4.925996222,6.71879443,4.73094431,9.879670747,7.67250849,10.36222301,5.799352482000001,6.3073298829999995,9.14176897,5.646238632,6.867631255,5.066943491,5.269260018,4.656442299999998,7.515971531,5.3691125689999994,6.873610404,6.212164821,6.918278269,7.1180385510000015,4.668945893,7.053280387999999,6.95825291,7.809522096,6.511460258,8.429819001,7.0283960999999975,4.482832818,8.180887468,11.56632956,8.401735942,8.617592396000001,7.52255705,4.381808875,7.4321755629999995,5.779905319,4.91761119,5.50538799,5.851914086,6.664978773,6.666931131,9.28747002,10.63615461,4.965512438999999,7.38189164,6.971159806,5.0145074119999995,6.285051645,8.891757899,5.930476106,5.6066843429999995,9.721787048,5.862713192,7.796469302999999,6.919588462999999,7.455708127,4.7159481219999995,6.921718477000001,4.920637311,4.43064762,5.77188515,6.41641135,6.7577459410000005,4.677197275,7.604141019,7.015955397000001,9.768861845,6.822428426,7.3812923779999995,6.175912899,5.272539419,5.972877177999999,4.628634701,7.85747222,4.677607076,6.731795485,10.385073,8.393103538,5.046282286,6.899490806,5.764388783999999,4.830382449,6.131059483,11.62638356,6.986157612,6.201104777,7.840455771,8.595916075,8.1596453,4.320360882,7.539984349,7.735142194,5.405552861,6.64350281,7.077242565,4.702353014,7.499452923,5.5716171160000005,8.167678421,5.09188012,6.280016149,4.673708582,6.040137232999999,7.7412463670000005,7.398333918,8.760252202,5.736360539,7.722674279,8.952642838,5.054043426000001,10.27555551,8.508830226,4.594475587,4.959274703999999,5.419809435,8.130212756,5.424384506,8.207199825,5.159400717,6.0044885279999995,4.9844395630000005,6.602749149,5.725360734,5.392266001,9.639912936,8.518327482,6.034278314,8.479845527,8.505095942,7.3506679,5.654903653,6.3100328889999995,4.517108428999999,4.862970081,8.765548638,6.239062075,7.874146979,5.206580257,7.698496987,5.923440667,6.262111708,8.554487137999999,8.978221469,6.516017941,6.992607146,8.038289322999999,6.511164832,6.820190116,6.199315937000001,5.264528017,9.226419169,6.873461868,5.724435119,6.196317231,6.1732865110000015,4.685959639,6.89612314,5.5803443470000005,8.029406892999999,10.82099309,4.26431945,7.753742904,4.842169406,5.886866531,5.529670061,6.314380907,5.518627996,5.337513745,8.730809927000001,6.606106575,4.66008699,5.664551311,10.439303500000001,6.021911433,7.941893792,6.420154256,5.092464181,8.090246118,5.415750967,10.39802045,7.6181913,4.316782454,5.7515813179999995,11.63373314,8.098534772,6.424526056,7.0022076160000015,6.2180518739999995,8.946694328,5.549040442000001,4.785903966,6.468842968,5.647339016,8.773264314,6.089321832,5.1168363889999995,7.991553841,7.494752684,5.121722231000001,4.81519485,6.52027907,5.118722662,5.994238788,4.630387717,4.911844295,7.759447618999999,6.876955646,4.917988200000001,7.200370982999999,8.15957021,7.996568055,5.034626225,8.847838932,6.4970241060000005,5.37073751,6.402874167999999,5.052630738,7.390427669,5.598747313,8.114011657,5.511852782,4.897979253,5.507905119,4.536293378,4.875413443,4.290743096,6.461321272999999,6.715975808,7.2153369760000015,5.755598452999999,7.47280029,11.02730793,5.443701507999999,4.6127299289999995,6.861131134,7.583613467999999,4.652456265,6.9293406210000015,4.732947578,6.958004777,8.29403347,4.90748459,7.481996745,9.091452775,8.204906614,5.741285284,8.802906869,6.428653317,8.368052882999999,8.492165179,5.248801922,5.863990518,5.639136412,5.862467633,4.882989067,7.114008457000001,8.082603092000001,4.690814377,7.285857315,7.320758047000001,5.4627725929999995,5.00460421,6.180513027999999,6.954288654,6.06538784,8.113059577000001,7.730653266,7.4893468410000015,5.74437226,5.208793355,7.245645597,9.412565927000001,6.130252785,6.471244032,8.316313206,5.687845633999999,6.9516435770000005,6.159203784,5.51544592,5.319563626,8.432106688,7.07083247,7.640022632999999,6.784477229,6.128621085,6.728392949,8.112246432000001,5.449545027,6.7326107639999995,4.926277385,7.443092495,7.377849677,8.045419546,5.769309223,9.266944661,6.4884140860000015,5.212826134,6.035814003,7.7146268870000005,7.195582722,6.680828914,8.43331268,6.8359341910000015,6.872657203999999,6.185372178,6.020043544,7.048924332,6.439546226,8.900956033,6.317324022999999,10.20504472,5.381582572999999,5.393992398,5.566302514,10.06964081,7.507132493999999,6.301476125,6.616266115,4.572022598,7.782885019,6.138979802000001,5.85502014,5.240553382,5.706342867999999,7.973275611,9.259936745,9.216038679,6.867657446,8.311252084,6.868651367000001,7.3593069710000005,7.3534335870000005,6.916516764,7.78015881,5.786803711,7.798265936,8.533321373,9.021019512,8.617996527999999,6.5855388989999994,4.661497348,4.601253648999999,5.132001679,7.545107729,9.352492796,7.670480082999999,6.036228106,6.857401229,6.393015501,7.4082506760000015,9.379424159,12.32992484,4.823402232,12.81585995,4.925324033,5.7320245089999995,5.561082711,4.526467321,6.296002155,8.241074441,4.423739797,4.341388545,6.784552929,9.769910333,7.593538708,7.525699899,8.787406464,8.983043647999999,5.6552837270000005,5.775140801,7.03544428,6.814657762,7.953558554,6.071206987,7.544465934,6.108396282999999,4.477864555,6.101232988,5.757462478,5.6018965010000015,8.145411332,7.8692976660000005,5.454809909,6.5911395729999995,5.542561347,4.607433326000001,4.697766051,5.043430254,4.36194964,4.786052767,4.716666741,4.810935013,4.916650177,8.926447154,8.624608300000002,5.061354205,6.11046741,5.687936016,4.832727126,4.7068470719999995,5.574318664,7.518359977999999,6.902908213,9.783735115,5.363832816,5.97688963,5.141545503,4.705465579,5.267913254,6.723613137999999,6.564454745,4.962264526,7.937933528999999,5.494424146,9.441531392,5.171516071,6.368912965,4.768977945,4.592269858,5.377686762000001,4.728898031,6.766877631,5.039417578,7.680947374,9.382871158,4.364108596,4.985862256,6.101112595,6.211260066,7.443231093,5.407194324,8.624577894,6.858240706,10.13089679,7.502348725,8.343720004,8.96259621,8.097994906,8.44714149,6.617412926,7.892730356,6.7924410810000015,7.215989645,5.965638642,4.562670778999999,6.515265858999999,7.490217031,4.890064016,5.50307157,5.418014192,5.9805856,4.739157045,5.11431957,7.890329705,8.855776118,7.694793318999999,6.633601893,6.8340253529999995,6.174919383,4.739932348,5.714116882999999,4.865162686000001,4.76342044,8.842475775,4.365342534,4.795490706,9.498292937,7.0478048960000015,6.10117245,4.403795579,6.893625925,4.4118517289999994,6.812062731,5.24057934,7.280950301,7.279883672,8.655320846,6.575390835,5.2931145939999995,4.655549527,7.637765495,7.313104768,6.995355601,4.9202716419999994,7.775431281,7.486675139,8.948615102,7.476625594,6.359928742,8.479946768,5.641710955,5.382061124,5.605229659,5.4266708679999995,9.268021422,9.233436613,6.296072915,4.665310839,4.769654473,7.741264094,7.295070475,8.694152005,4.703188514,4.73137228,8.302395982,9.589908413,5.02483017,7.8751290260000015,9.554254401,7.996915411,5.073759293999999,4.996063821,6.028797129,6.718370799,6.520389487,4.804730512,7.009454946,5.69158257,7.614257169,9.43343236,6.2694017460000016,5.685989747000001,5.189859342,4.318528115,6.205628982,6.864317047,4.977732468999999,6.801875676,6.379296404,7.465328396,10.68098878,10.20422249,11.03713673,8.575320878,7.2375769389999975,11.12521411,9.452257348,8.447606115,7.068338011,5.531425389,6.29291329,8.751102793,6.148215037999999,7.820360544,4.983576857,5.395988377,7.143778747000001,8.807778597,4.44578936,6.9422162279999995,8.046113507000001,8.185623235,4.479437112,5.429372829,5.225641677,5.40635653,9.904297866,4.760438996,13.21365963,14.04399296,6.179690399,7.317390355,7.654732461,9.276246399,9.927301976,9.095603859,6.906418691,6.636219003,5.777721504,8.03905262,5.199403117,7.1911385060000015,9.110071831,5.713084212,4.755315989,8.192638067,7.307062595,8.916503766,10.500537699999999,5.277852091000001,9.670309726000001,6.59853266,6.865779507,8.763052978,6.212970972999999,5.726540881,6.4830062029999995,9.188995015,7.024908383,4.444937755,6.8087699829999995,6.912405784,13.03482453,7.6772387029999996,6.523648737,7.318174152999999,5.559040573,6.5103868060000005,5.146776313999999,8.453039052000001,7.927180521,10.63755358,8.27583208,5.928761242999999,8.298536544,5.708766175,8.224036112,9.299234846000001,5.93555323,6.379356809,6.066986377,7.307184427999999,6.945203962999999,6.199280129,5.363093172,7.007375679,6.605539922,9.118548002,7.505895602000001,5.893262593999999,5.17024385,5.630679413999999,9.398298573,7.3857299770000004,5.560797935,4.731213039,5.066541125,9.228349003,9.309733629,5.019317625,7.716850031,6.519214325,12.83227933,4.870987565,6.790473669,7.168289328999999,4.845528261,6.578078577,7.015386017000001,7.529372865,9.203012141,5.484610617,9.473441216,5.324563533,5.732609931,8.336984847,4.924556245,5.916140738999999,7.322960307000001,5.076560008,8.909155152,9.148088334,6.845693193,8.585230357999999,5.064816158999999,11.93149863,5.624558396,6.566565825,4.471495029,6.3211837110000015,8.073890824,4.828403741,5.788047626,9.157879863,7.1412064179999994,8.603444676,4.372123707,5.9176570889999995,8.094267894,10.06853187,5.318289878,7.783592089,6.623214377,5.072958995,6.9369175310000015,7.467304247,7.628553847,12.04691509,6.407246455,5.984853556,4.769200289,9.24079399,8.643519688,8.393519035,5.723229633,5.536520601,6.126867283999999,7.336186783,5.053818764,4.853436576,5.123748687,5.627458017,7.2356939160000024,5.439165781,4.887526853,6.009773751,7.596793203,14.02962029,5.838318323999999,5.863296922999999,6.301831883999999,6.731944745,5.17387308,4.835868541,6.183070763,6.08954038,5.93455281,5.4458257439999995,6.74320556,5.611829361,7.418318977999999,8.165669609,5.714627999,12.50580816,5.603057636,5.294750402,8.520960934,6.8092225410000005,4.950667775,6.002745362000001,4.484269885,6.237674939,5.0761826480000005,6.018643624,5.978812415,7.604349087,7.111170129,7.87325726,7.658372657999999,5.0209045969999995,4.17489039,8.439847839,7.421242446,5.354989235,7.375963262999999,6.190145287999999,11.26120273,10.7500283,8.795989335,7.997413855,5.619281189,6.487996552,9.515781328,5.43954116,5.452216445,6.154555443,5.224540115,5.395071102999999,6.787386457,7.975265396,7.413251548,6.7197630660000005,6.443936817999999,6.031281456,6.498953908,6.593576112,6.675671212,7.841119326,5.419690623999999,9.362507968,7.161481741,6.429778861,9.347164662,5.6808227229999995,6.6371404689999975,6.931560366,6.551670495,6.257415394,5.162116518,9.980327603,6.874553822999999,4.837028045,7.127014,6.4717973639999995,8.435752102,4.613670225,5.345079833,6.733900498,8.161269613,7.7485334639999985,8.492169164,7.309976377000001,6.342043971,5.103586048,4.91406744,4.652400275,11.32268758,4.812456313999999,8.670946212,7.169802344,6.265072977000001,4.6556931939999995,11.01649095,5.880747653999999,7.45823126,7.209433763,5.761698047,5.894761114,6.492072221,4.626298574,4.7687151960000005,7.484842939,5.83456608,6.90915846,5.057366238,6.690069414,8.280477355,6.32452735,8.600904819,10.62871395,9.094848205,7.233059582,9.621776987,11.02367792,6.349988569,4.797932459,6.528808996,5.386894357999999,6.662483094,6.001574205,8.714568658,6.356030538,7.433460137000001,6.5352050120000005,5.618376026,4.624338012,5.153025703,7.233646498,8.161926882000001,7.181744817,7.236297828,5.42748054,5.2267540619999995,6.482587499,4.819385476,6.534103375,6.6107444310000005,10.22120325,10.68831166,4.385573681,4.83398048,6.5008605610000005,7.0902443239999995,4.7568136889999995,4.080157915,7.65801647,7.982765316,5.776629647999999,4.419595289,5.049290114,7.001724227,6.991261278,5.513399188999999,6.277013854,6.747357121,4.9347583760000004,6.409848909,5.546247567999999,6.046290567000001,7.235040406,5.320747449,5.331262357,5.855207900000001,6.069988502999999,5.63318545,6.142360981,7.582832517999999,4.179136109,9.187360894,4.544650561,6.877137817,6.455489012,6.777285158,5.595771653,5.071100004,4.684647518999999,5.081060894,5.683690829,6.200430451,7.556824983999999,5.8800395420000005,11.32584034,5.6736500360000015,7.232424162,4.549951302,5.8264697010000015,4.4195598480000005,5.662846947,5.574215952,6.079310808,7.626620827999999,4.472888028,5.523273652,4.559197562,7.744768485,6.476417975,7.580464434,11.72005118,5.039351295,6.888086932999999,10.16318109,9.015902407999999,8.369266742999999,5.502208249,7.1180161779999995,4.270002957,4.754453235,4.8120005919999995,4.833651855,5.011228498,6.846926064,9.430013621,5.882321717000001,6.203535717,9.670787504,5.991879869,8.920904725,6.156220374,8.401487833,8.498269192,5.944929012999999,9.169280378,6.6023793410000025,5.481843021,7.051380282,5.04308136,7.082828115,6.5834618670000005,8.331862875,7.37458871,7.1469545010000015,6.183583425,4.690889258,8.01294946,8.281929478,5.095416717,4.50007232,5.671099661,5.90459141,6.3566702070000005,6.40454729,6.232235652000001,10.34111891,6.996944587000001,6.357638661,6.8146911160000005,8.420214054,11.21232426,5.038693776000001,8.520566079,6.3728554860000015,8.411834942999999,6.621232572,9.15270772,7.500624264,7.808656487,6.979945505,10.85421122,7.455185822000001,9.439064287999999,4.78873767,5.801973345,4.400920199,7.389273997999999,7.127506704,5.89929377,5.278060003,8.816160423,6.948438218,6.554532152999999,6.9585323510000014,5.030501297,11.67444482,5.226900951,5.8356833539999995,6.727651132999999,6.566038467,9.261484087000001,7.0150715429999995,4.845426455,6.136494839,5.557294203,8.663802056,5.4197096610000015,4.889084421000001,7.148251639,5.5077537439999995,5.832792535,6.235935143,9.456177027,10.01793514,6.336572469,8.07882122,7.961308886,7.445081355,7.9544903310000015,8.159837179,6.985993102,8.131133944,6.660265159,6.244805363999999,6.354548382000001,4.772672957,7.851425495,9.542031465,5.2194299719999995,6.237651082,4.947507002,8.806589153,8.059403468,6.42034102,5.795186974,4.338912288,5.415177987000001,6.782258268,9.116970081,4.966776539,7.044816497,4.986509661,9.053853596,5.895589396,5.991793907999999,6.042977658,4.481059073,6.623644989,5.514584585,5.43472652,5.2427079569999995,6.480078224,4.68838615,7.205595849,5.608079851,5.503405017,10.75443658,6.7134948539999995,4.571875889,6.1686804429999995,9.26683013,5.296298232,8.590900357999999,8.23949559,4.409564135,6.310945727999999,5.8850238820000005,5.683750087000001,5.565222979,4.628767346,4.965162523,6.207749691,4.945533675,6.598754351,7.8599599829999995,6.585936969,7.152433292,10.02104073,5.258338339,5.101417553,7.036263138,5.6321632410000015,5.435419232,5.7670152360000015,4.453184329,4.39048111,8.678369352999999,6.330902846,8.496664682999999,12.42436045,4.649332288,8.949945537,6.066196428,7.659033513,5.015230177,4.473461808,5.934610738,11.75389531,10.28287406,8.241815195,7.642977228999999,5.384706785,4.800696805,5.6934121289999995,7.146392682999999,9.27825604,7.391407282,7.8515819539999985,5.352170056,7.666940941,5.925187386,5.234207103,6.070877384,7.223431729,7.430760542000001,6.292402474,6.868660067,7.4539144020000005,6.755660764,5.650305792999999,5.784142472,8.173094669,8.350628922,9.110551561,9.700618301,8.152270137,10.34390032,9.039385084,8.721870337999999,7.722797944,7.8940285060000015,6.160600095,10.1354179,4.5927438789999995,8.397391916,6.359273815,4.599267258999999,8.852459352999999,6.464309338,11.46950154,4.410319843,6.557592333,5.867686394,6.317478799,6.191466613999999,8.264289672,8.565379549,7.477648855,4.45900713,8.209666198999999,4.39694642,8.025518111,5.0258323030000005,5.745312825,5.788978329,5.9256659,9.738111053999999,4.965269097,5.671604637000001,6.849007643999999,5.075390683,7.025691972000001,7.63823544,8.794794605,7.757427957000001,4.25756135,8.001998958,8.4673428,5.545366771,5.430048861,5.081945056,6.7635388270000005,6.607678074,8.530615762,4.75945937,8.960919192,7.357237483,5.734780957999999,6.390436782,7.730890692000001,6.6322624029999995,6.064386344,7.828095789,6.915756332000001,9.561036247999999,7.214998262000001,4.213195995,6.976694424,7.3445813829999995,5.497170497000001,5.263750407,8.618324756,5.344809791,5.206727955,8.801316992,8.018918845,7.218036427,8.070646434,9.309106153,5.688104196,5.378473604,9.970358535,9.133457669,5.615039756,4.419277211,5.152739858,5.172570169,5.226703387,7.454058527999999,7.997499737999999,8.844225514,7.031468384,6.815699045,6.77050034,10.55605107,7.393180911,4.80839369,6.285792185,7.479713844,4.602375996,11.84205461,6.137253969,9.600338706,7.588042084,9.116003033,7.550573327,8.002077486000001,9.280823095,5.988699774,5.285961267,6.4497729889999995,4.353819967,7.988503121,7.475606252,7.731964558,5.589297771,11.59139887,7.75559663,8.042798067,8.914109391,5.869647109,5.68186873,5.316514767,7.148199475,5.303254587,5.4856167760000005,6.399044879,7.81640383,7.304098346,7.279991017,6.705962726,5.593935815,4.82543522,5.175130687,5.6743351539999995,6.341053401,5.521433131,4.40135156,4.069840226,5.123659151,5.204267627,5.20970514,4.5908152069999995,5.617032772000001,7.337480802999999,5.8054454060000005,6.587648637000001,5.86296469,6.939654831,4.679658979,11.06966639,9.449557636,4.738270834,5.947991742999999,7.146481735,5.309210537,8.583365642999999,4.503651921,5.319668359,9.549887353999999,6.449545218,8.202031538,5.657760306,5.495874954,6.685027737,5.846460757000001,4.202334414,4.487399872,6.972912332000001,5.34434333,7.880836211,4.74110038,6.654581385,6.494159302000001,6.809439555,4.5645960169999995,5.434073385,9.99087645,8.493274187,5.550620285,6.986556462,6.337767303,7.243800221,5.8081631960000015,5.993970751,6.648063336,6.334177057000001,9.70534655,9.489948803999999,9.636475916,7.16746605,7.852614847999999,5.111675853,7.095071462999999,4.714591915,7.9991337520000005,7.18985853,6.204063493,7.0865880039999976,8.557742637999999,7.589957711,5.140520334,5.269688013000001,4.894119305,6.1846715360000015,9.594429017000001,9.906965092,4.819320929,5.6991621939999995,5.950962264,7.938442961,5.928869547000001,6.4666592760000015,11.01853087,5.143335378,7.861375568,6.698545633999999,5.337513133,7.008840137000001,4.590784438,5.942874463,5.843490137000001,5.227557904,5.414295813,5.247775798,8.968411338,11.36114321,5.656069402999999,4.268572173,4.737791057,9.919117421000001,8.519279739,7.774070921,6.6662155510000005,4.490582871,4.272440233999999,7.4005141939999985,7.003357882,6.984655589,4.90135603,4.7369939169999995,6.596541002,4.617412683,4.918217567,5.086070095,8.586066801,9.074621302999999,5.068056102,5.84177145,6.811170721,7.975317255,5.964880421,4.592302228,6.352354602,5.329032928999999,5.504747561,5.522474956,8.867113832000001,6.5907528110000015,6.507133235,6.800523484,5.740095977999999,7.406185446,5.093645396,6.192189162999999,8.915259625,6.5996284260000015,4.876355611,7.700291826,4.729282883,8.10374402,7.900862525,4.798501035,9.502881643,6.3558193439999995,10.15703222,5.173785501,6.023775204,5.607057919,11.81260082,5.963688445,10.15811681,12.28566716,8.039109652,6.540099796,7.459396882999999,5.855647481,10.9414198,9.400767898,4.873090383,7.955180536,7.154021544,8.530785527,9.205398519,6.654334092999999,10.61573847,6.223807817999999,4.984079877,8.658302907000001,8.845010398,5.729027632,10.39317211,5.677960556,8.266654991000001,5.333644673,6.3911105820000005,6.9803231729999995,4.787486341,6.209491732,7.024333399,4.297395205,8.223825741,4.8478685619999995,8.571677907,8.593653518,5.715301015,5.068825034,4.633442227,10.61966661,7.453457812999999,7.140656149,6.97093445,7.260208615,7.546753394,7.272213428,9.927361487999999,5.915485515,6.7759616110000005,7.504203353999999,8.20723043,5.925663064,9.430460295,7.150118544,5.622391264,5.873933438,5.40321451,7.3663816739999985,8.24385629,5.963630869,5.230764403999999,8.815169656,4.554113387,5.234507476,5.853578272000001,4.905725708,6.652484977,5.6131911279999995,6.188277808,9.156976214,7.3393757389999985,9.217475988,9.521987889,8.068837683,8.961029249,5.137709112,7.827721282000001,6.595240702000001,8.701643792999999,7.6206493029999995,5.102454096000001,5.0503787319999995,7.352468977000001,7.31970796,4.497392296,6.380310828,6.968521363,8.342265422999999,5.849118722,5.111583486000001,6.047354365,7.142549653,8.056061785,7.985226346,7.561413009,7.932026229,6.841105353,5.739648572,6.579444341,7.790669164,10.05402075,6.708194617999999,6.707666897,12.88259284,8.896337691,6.735430067999999,8.506715011,11.38016106,10.85026511,4.186892799,4.195903265,5.425789765,6.865439907000001,8.460337557999999,10.02361073,6.972882956,7.600602477000001,7.956536483,5.430982928,4.7224355330000005,6.928363347,8.317453059,9.06905508,5.582457467999999,10.01035868,4.641124507,9.073730449,5.4000748970000005,5.108163072,5.191104289,6.490859531,4.535067358,4.799468658,5.21565277,7.705228121,8.008287232999999,4.631161186,9.352892368,6.767848834,6.751112943,9.467770991,6.6638833360000005,9.887227118,7.363871649,7.921348718,5.673398584,6.030125415,5.083153067,4.752281541,6.710226847,7.77326678,6.7878233020000005,4.937375753,7.959933958,7.2330774920000005,5.349483276,8.15944446,7.091445208,7.465665962,5.987053347000001,5.531227146,4.2803389,5.359874728,10.17560536,6.996796101,5.140682067,11.67054024,5.192275205,10.67891964,5.755719002,6.03052479,5.841208961,5.515385834,4.937422083,4.557994358,5.7312843739999995,5.351612752,4.823666762,5.26137527,6.09215335,4.814450005,6.934794887000001,5.302211618,7.262720718,12.18502645,5.57421987,4.757414936,5.674151859,6.046091121,4.945843374,6.954759475,9.42195583,6.801302777,5.905508697,10.20299823,5.71461562,4.927400405,4.247782337,5.611887126,4.993266098,7.940609151,7.586354696,5.302187857,7.720296323999999,5.9629088889999995,7.055667947000001,5.73662554,5.823461484,4.508680524,7.6951148510000005,8.669527214,10.2959632,5.044319557,4.721300907,7.213716954,5.179530234,11.03814307,5.883863419,8.87248415,6.495107656,6.195447511,5.738216027000001,8.310776005,8.599328468,6.200535062999999,6.258201307,6.950618443,5.741130724,7.76896529,5.717839239,4.5890915130000005,4.980905508999999,5.388798692000001,6.997118209,8.57921821,6.177082048,5.8620252729999995,5.873503082999999,5.24034217,7.008972907,6.192498165,4.577677017,4.252943801,4.1138991030000005,6.8320880000000015,8.703577382,4.874037112,6.760239058,6.533225848,5.6932358039999995,6.253744844,7.03706323,10.25983853,4.882737654,10.62084132,4.9517642969999995,6.021071915,4.826649762,11.28103155,4.41299449,7.685116308,5.15850098,5.825605362,5.430279998,8.698009196000001,5.75298744,8.242090961,7.972641287999999,4.470670375,5.340622309,8.590171955,7.133089469,7.318046402999999,4.488409834,6.785787826,5.779555611,9.195815831,7.154597721,8.098717158,6.654294362000001,7.495057774,4.80063513,8.972442735,5.260232998,5.310305444,7.364486787000001,8.395928992,5.067530411,9.175536486,10.90544646,7.083427358,6.667242398,4.905443562,11.11049275,4.652071871,9.124758647,4.71347533,6.194040526,5.243137512,5.031570643999999,4.876542082,6.322978377,8.373949073,11.59104828,6.632254382999999,4.884810507,8.023811734,8.207719212999999,5.792850527000001,4.455685926,8.112423698999999,7.711585931,8.931185117,6.373120472,5.2871060739999995,6.213943133,7.759552346,6.98281629,6.706640724,4.683255309,5.128560772,5.078741088,5.6765125339999996,6.509895185,7.126634075,7.837170634,6.927865216,5.221287127,6.960422137999999,7.612230017999999,5.543466821,5.626577758,8.871929026,4.795344986,6.6465029929999995,4.87434213,8.977907373999999,5.323429774,4.813148579,4.838174853,5.716323963,5.787499285,9.465791579,5.750666549,5.476872079,5.713769494,4.514437268,9.535887726,8.501953054,5.822959902000001,6.381529966,5.6072266420000005,6.789601998999999,5.8235111129999995,6.97422336,4.503711287,9.835429015,6.5616020760000024,7.832889845,4.2332485160000015,5.119632889,8.332854437,5.237814602,8.596736191,10.32646464,6.1380533370000006,10.38611246,7.532449217000001,4.957474314,6.559659318,6.601814528999999,4.279522167,4.848721739,7.304982884,5.038858142,5.335553956,5.093190122,5.042560684,5.608959337999999,6.2502972560000005,5.8382605629999995,6.859424926,6.074844286,4.534396895,6.357432686,7.664864323,4.73496446,7.191280326,5.661895839,5.558178476,5.545522365,4.667801517,8.02056185,9.145895032,5.371838755,5.081590361,5.126803048,7.157576884,7.009551339,11.14001777,7.892393179,4.140638471,5.440010028,8.157671673,5.308428534,4.311006707,4.727372046,6.716577111,5.160912776,4.27679354,7.928609363,6.1627449,10.81221292,6.486687099,6.068056843,6.254765592999999,5.94569125,7.258381999,6.70292213,5.477756756000002,5.499413515,5.649588,7.249431183,6.63796155,4.892994463,6.221081785,4.965516401,7.6045200920000005,4.718475051,8.339432943,7.1871287420000005,10.36844015,4.663687144,4.407191302,7.056908046,5.5073538960000015,6.031460017000001,4.805583382,10.05797048,6.9008613510000005,10.05910821,7.574598677999999,4.815793153,5.301472562,6.68201473,7.692046697,6.752206158,8.972293605,6.3126495039999995,6.349942712000001,6.0750923839999995,6.966118117000001,7.415323586,7.024747071,4.285155968,6.760142758,4.821927641,4.785199312,5.8342189410000005,7.364182135,5.253810328,4.396997726,7.296336416,5.976381085,5.495276401,6.054973671,5.290796108,5.08693913,7.603922464,4.3784606539999995,5.051759766,4.831896789,9.692998307,6.768773907000001,9.508883331,4.521718374,7.347211202,5.326506708,10.01020368,6.823421727,6.231044279,4.859600391,7.628803549,4.947387968999999,11.45027121,9.148471215,5.971752385,6.5824630410000005,9.648083657,9.861365311,7.693188782999999,6.530833951,7.711625109,5.714374072999999,10.71827971,5.712912604,6.111353546,6.540014322999999,8.098792661000001,8.498264133,5.838782386,8.104023067,9.342506803,10.22074953,4.512715407,5.175920681,5.500514335,4.807062952,8.399995563,4.811367662,9.834121631,8.325662407000001,5.604840514,5.278295156,5.483234293,5.675970883,4.332405501,5.860878832999999,7.844459756,9.000816807,7.049829536,4.990829651,5.809024854,11.48355736,12.35401926,6.222020729,5.078889428,6.2321421070000005,5.304596125,4.2921990889999995,8.024736401,7.169402265,10.38474224,8.514897955,6.287830682,7.741506375,7.109640095,5.437212227000001,4.8253376789999995,4.851641613,5.216800692,6.5891304129999995,6.864094562000001,6.041782744,5.882052375,5.812045366,5.5527202739999995,6.650373871,7.470223797,7.608076466,5.700181477999999,4.3990275919999995,7.936355835,4.275451973,5.165213631,5.688491459,5.681661752999999,6.385702035,6.531408421,5.512922275,8.954396877,4.941941474,5.365509239,5.909331356,4.817531218,6.858964384,4.801862073,10.42399767,9.842162624,5.627400777,5.577043447,5.312259499,5.564459314,7.470536748,8.420973423,4.43900202,4.515231899,7.1403222379999995,8.589988553,5.4375686089999995,6.372567413,8.634132506,7.601223363,4.773986976000001,5.6178517060000015,7.120718373,6.149979276,9.955179196,8.53805366,4.609920273,10.08646783,5.193069979,4.588730792,5.147286684,6.198822389,8.675167529,5.17229103,6.873159516,7.813429687,6.857944292000001,4.848598602,6.315250355,5.125391497,7.631319069,5.36570816,7.222083948,4.928690587,10.82668645,9.820610176,5.219223686,7.29752634,5.155191542,5.101041498,11.38191037,6.235892699,6.496898165,10.19181263,9.382263402000001,6.32172572,6.082549617000001,7.438267907999999,5.015892739,7.284459742999999,8.892904042,4.211289064,7.633417944,6.342581778,7.654326202000001,6.689176201,5.84468593,6.578128714,8.271265306,6.212092875,8.421615601000001,6.704475612,5.860053937000001,6.561846787,4.972138313,8.604386265,5.844510093999999,9.009004666000001,5.178707986,5.973607071,4.975535109,5.199770684,5.023458651,4.834247421000001,4.891177633,5.211937287,6.517828827000001,5.26293959,5.031573542,5.610948098,5.868620394,7.252327216,7.403621621,7.238603104,6.461756502,5.810767909,12.35276978,5.541408504,6.3151550489999995,7.880332049,5.539360137,4.202739674,7.490742278,5.418804495,8.900451896,5.191263496,5.176126593999999,4.440214975,7.426499954,5.835226627000001,6.596074354,7.158037525,5.784657009,5.59810468,12.76021273,6.804429207,4.2592464460000015,12.39878294,7.585810342,5.7252742539999995,4.470577629,5.652147126,6.197222312999999,8.647697435,6.0737942,4.9110382260000005,4.5980900689999995,7.671799339,5.687957872,7.7308845370000006,6.74978863,8.006336713,6.149099541,7.359855382999999,5.455484014,4.87814304,5.938572289,5.743834044,4.834769106,4.557775423,4.680579175,9.466082992,8.209556335,10.00564449,6.370786819,5.830102612,5.653628932,6.847887657999999,7.697493763,4.881147619,5.837840278,5.576284575,5.868408596,4.826802302,7.933755199,13.05510314,4.278280672,5.369699128,7.0904988410000005,4.275852642,8.029749146,9.35610749,10.079569699999999,11.45646043,7.271362661,7.370130876,8.277469422000001,7.266049093999999,5.32130751,6.056291794,7.24792798,4.923133366,6.628814042,6.1657842610000015,9.629544141,7.086143927,5.010085012,5.586225555,4.88632824,5.709199571,4.422834368999999,5.795759549,8.213208682000001,8.294670227000001,5.571625386,5.6521837029999995,8.916332622999999,10.35584199,11.125259300000002,6.390296383,5.8114102370000005,5.88460234,7.238646072000001,9.465921572000001,7.34722503,7.668714232,7.128726914,5.0640574019999995,7.688814953,5.277136076000001,4.619413641,5.621694767,5.307178223,5.1404617969999995,6.576974882000001,8.565427297000001,5.256683442,4.0826850630000004,5.38090456,4.438996714,4.5969684719999995,6.405913684,4.939438255,4.979449106000001,4.535800171,6.843735307999999,5.441062313,8.308413974,5.8186167860000015,7.518170329,5.968909244,6.169793219,5.855428193,9.499262603,6.863795426,4.631623964,8.131341217000001,4.543148683,6.600211423999999,7.940435898,5.775556532,7.683529092000001,8.394134635,7.927514029,8.179972781,8.252602484,4.949076819,5.381786311,4.4054862,8.404972416,10.65424759,6.032857118,7.793597411,7.096681707,7.198454586,5.9265166979999995,4.858502952,6.7988088289999995,4.853091723,5.055310307,6.2023289429999995,6.6449502910000025,6.143696992000001,5.746118878,5.697682746,4.9143639839999995,7.6743544739999985,4.683900817,7.151313805,6.4285475660000015,8.57354933,5.305415473,7.666779149,7.645395255,5.3293203060000005,5.050000743,10.0070238,5.811253557000001,5.39905649,8.469443028999999,4.323826736,6.168958797999999,7.99515265,5.788081802000001,6.086926442999999,7.315467331,8.766183448,6.374714177,7.38735023,4.987772403,4.245595263,5.054827811,4.759431271,9.782397203,5.314878556,6.257479752999999,5.98644646,5.024519273,8.211301548,7.37038097,5.5842546220000004,5.477215084,4.983673433,5.625431721,9.191475785,6.973511866,9.320379373,6.185119498,6.4070175260000015,7.736794887,5.521666217000001,6.14265812,4.912750681,12.87599743,6.124280385,4.3657508310000015,6.954423695,5.335084075,7.160117249,6.743471832999999,7.623071702000001,4.766359205,9.315124804,5.866954666,10.04481733,4.403326458,5.521424777000001,5.165366562,4.955054217,5.010975727,6.7798810739999995,6.3923917260000005,7.658391802000001,11.538755,5.803622219,6.773826484,5.697444031,4.928899152,7.419501222999999,5.41863183,5.944988717999999,5.65174313,7.762742458,6.149573837999999,5.124597249,4.584760145,4.911744961,8.433100021,5.4188866639999995,5.110328629,6.018308311,4.816406419,4.847874492,5.088904298,6.565916818,8.41548011,8.456004228,4.842011724,6.944010124,6.234963235,8.604137573,7.524863048999999,6.283564048,6.284855061,6.3581648479999995,5.207788876,6.325751341,5.8544084629999995,5.081878951,8.99295251,6.2536003220000005,4.344864329,7.730312822999999,7.352574122,4.532647492,6.156972885,7.543682578999999,7.789972931,10.66208289,4.8523660710000005,4.712408478,7.584432427,7.995651153,7.345436302,4.796851636,7.928450939,5.677195959,6.802804748,5.724543411,6.084690129,4.984439514,6.9800262910000015,6.7102230579999995,5.6365190620000005,7.8651558060000015,8.085540952999999,6.025241049,9.798498666,6.34890528,4.870817016,7.362216011,7.7347171,7.518898106,4.642666965,8.067501349,4.330973335,8.98540391,5.891958058999999,7.702395049,7.033504656,7.200616274,4.2692458910000015,6.5417837410000015,7.2424325970000005,6.5839342510000005,4.667454029,4.1742223869999995,5.999786114,9.552568522,5.069357025,6.460936165,7.784144078,5.64260659,6.0284018060000015,7.771164757,5.281442949,5.622487099,6.4775839170000005,5.42652021,8.65060331,10.31984221,7.518429717999999,4.192223376,5.405079023,7.886115697,5.9155244960000015,9.597075588,6.797433361,4.571960206,5.376108602,6.343462242999999,5.169848198,4.585138801,5.954461692000001,4.468619562,7.039031886,5.059485491,5.306888557,6.530313437999999,8.970179099,8.40128126,6.941573633,7.18563397,4.6662562439999995,5.307407773,6.922085605,5.539523419,5.678584312000001,9.190532314,4.923942923999999,6.28655911,8.360531457999999,5.49817788,7.601112818,4.633401208,8.180211106,8.242063225,7.559007382000001,10.02631712,4.8239853319999995,11.33634973,4.450757277,7.184730603999999,6.99373388,4.679198101,4.501435431,10.53835797,7.265492068999999,6.593941015,6.3313409279999995,7.22608955,4.936646214,7.0047182810000015,8.882186738,7.8934109810000015,8.017301045,5.141659801,5.897616827,7.913486685,8.190354427,4.488443072,5.205242128,5.396280399,5.287651477,4.836460961,5.648314506,6.8968971660000005,4.607267712,8.00079713,4.779591492,4.904712153999999,7.964692886,8.161402246,6.595518124,5.565924232,7.757681132,7.152648869,4.800244351,7.59824377,8.04463157,7.329484575,7.4236680339999985,4.683754223999999,4.718589892,8.452718091,7.644813721,5.936192514,8.701875255,9.283387527999999,4.930191703999999,8.714245834,5.329192239,5.070290544,7.395709844,6.641953689,6.782357779,6.449977256,4.806631843,5.131607726,6.57473457,5.112893315,9.337176964,4.38490655,5.092693882,10.36079501,7.117967899,7.3488042,7.635913648,5.795569479,8.193731534,4.147231913,8.469623848,7.0229672039999995,5.1389728880000005,6.0147054760000005,4.951420359,6.2675931579999995,5.696047502000001,6.020162685,5.699590762000001,6.529281532000001,5.895880644,6.522037856,4.4427456780000005,8.34563347,5.116780556,7.401170549,4.336038745,7.174277035,8.896475251,8.005752569,7.893253425,8.954704223,5.6775230310000016,7.656457487000001,4.492467714,8.237502476,6.134863289,9.728680949,11.48644165,6.134233313999999,7.3621297110000015,5.410768462,7.617290661,4.302193157,8.693381453999999,6.074549635,8.198138703,6.799051812,7.734161665,4.832197468,6.32543462,6.005859244,4.398422353,6.133934603999999,5.240999013,5.033590611,5.690621095,13.21519503,6.636512139,6.474432928,10.16680595,7.810163524,6.143929368999999,8.299873426,8.040707043,8.255200519,9.353140243,8.927150166,7.058539013,7.047682204,5.205493788,5.5682692660000015,6.460864554,8.264836079,4.288779562,6.107659462000001,11.48764651,5.390830547999999,8.408040405,5.832637895,5.540725651,5.240529895,6.874343634,6.322936014,9.420483377,9.485606133,7.841871135,7.297705203,6.50380241,4.28136699,5.430531403,7.6011847470000005,8.448449787000001,5.553807837000001,4.486248524,6.587320581,5.575636821,7.285205811,7.465486012,5.211896324,6.242011682,6.35443021,6.1289234839999995,5.491547862999999,7.342542777999999,6.371680875,5.966730962000001,4.770058592,7.152138937999999,5.422649312000001,5.1757379839999995,4.19535706,4.804373988,8.571980762,6.621381307999999,8.517078198,5.910716633,7.6113028310000015,5.7223830389999994,7.893967779,5.995898897000001,7.084932134,5.810774747999999,5.218355911000001,6.3601408410000015,7.75778555,5.932526967,8.719652252000001,4.450349227,6.209337256,4.416661284,5.71741423,7.640525692000001,11.69144448,4.741305551,8.506718457,11.84503583,6.8393669379999995,6.219102542999999,7.119473361,7.035659764,7.004844301,6.078677806,6.698111063,8.330097076,6.3266592379999995,5.847321872,8.920093853,6.497406655,5.784921174,5.325248325,7.015486192999999,4.600195398,7.752756064,12.30377488,5.2564592910000005,6.688457372999999,5.898365605,7.893858312000001,6.299768877999999,6.900171877000001,5.690494581,8.833992531,5.007070488,6.092589244,7.319127707000001,5.694647454,6.715125147999999,6.865285199,4.825225678,8.133291946,7.2264088179999995,5.653849927,5.1934420160000005,5.24112367,5.191392,6.6625348970000005,4.668452234,5.499004612,6.864835848999999,6.703293658,6.575767615,10.16497967,5.435517582,4.736889706,5.692774534,6.650815691,6.2689737,8.366943793999999,6.842782091,6.093950456,7.326577202999999,7.587387647000001,6.035303884,7.03743974,8.233534762,4.929969021000001,5.815729784,8.089148518,9.083728987999999,4.1138491460000015,5.7627681289999995,5.247282166000001,6.063512652000001,6.458983722999999,6.756001165,4.536724746,9.571385101,5.752374457,5.9589224839999995,8.205160591,6.382084084,7.197837034,6.308477826,8.78656277,8.136140703999999,7.22704546,8.615329722,6.005084779,7.428361207999999,7.213394619,8.087155274,5.900203457999999,7.799691507,11.66666354,7.365168177999999,4.76936833,10.15358217,7.063338077999999,8.081797212,6.906332065,7.047562135,6.28002381,5.147766644,5.484111381,5.65396883,7.745063036,7.342799648,5.9723376770000005,6.885963843,4.665853313,5.0109085669999995,10.10485917,5.1298824739999995,8.904445849,5.3188425960000005,4.404855803999999,11.18103516,5.217128536000001,10.32676981,5.348217072,6.59021405,6.230802075,9.633212854,5.721713144,8.091207426,9.10953854,6.460757822000001,7.289850922,7.453560112999999,7.5038059729999995,6.776102196,6.019892845,6.162266186,4.4890272000000015,6.926629985,6.03029751,9.142829082,5.43258978,9.602174247,7.69847601,7.965507016,7.159339827999999,5.993937186,8.089516925,8.627100402,7.4233527289999985,8.09860849,8.707538287,5.363525321,7.752427467,5.02621269,6.257825344,8.035348707,9.513199108,8.186701669,4.433710243999999,5.620776547999999,8.316650183,7.77303898,5.463007336,7.344189419,7.926615512000001,10.0754038,7.283537442999999,5.470395902000001,6.032278985,5.888442341,8.004729328,8.392281495,8.593489672999999,8.216847739,6.05579883,7.595710866,6.064408504,10.5772583,6.687164787,6.8219786870000005,8.126296349,6.075140721,7.469309053,5.49352102,4.221410695,9.994911404,6.779465184,6.5305765,7.575736846,5.296437269,6.793282972,5.41690303,6.429978221,7.18274498,5.4500639920000005,5.7773296610000004,5.235925451,6.463125558,8.044009997,9.750831665,3.813668525,5.327194585,5.677607148,5.80295889,7.957001859,4.774286378999999,5.4176195310000015,4.3989192919999995,7.778565703,5.285286816,5.115507438,6.724929241,8.940066879,4.688644738,7.499636897999999,8.209415577,9.721185902,7.346088615,4.963900962,4.729272601,8.753383232000001,9.064467547000001,8.672297665,10.43141862,9.787400051,6.312865771,4.531141262,4.817968844,6.839937736,7.513470055,5.60518454,7.866808363,7.409916731,7.886421745,8.955224539,5.76346925,6.355621263,5.003200316,7.2236140120000005,4.782486976,6.2495644860000015,4.8486409010000004,4.774844794,6.9150158489999995,6.2033253560000015,6.402384574,5.501861623,7.437465426,8.759435643,6.04335492,5.746477499,5.499408868,5.799347125,10.31266984,9.13979267,8.18821052,8.436744212,6.83506759,6.9717947239999996,7.560502358,5.99506491,6.847714548,7.083516286,5.459077159,4.729058641,5.939721603,7.215446384,6.584527552999999,4.356994459,5.7626992910000014,6.935082446,5.181558036,8.310216543,5.508183667999999,5.8691007520000005,5.003966134,7.363536346,5.343355765,4.658136302,5.161605051,5.595191802,7.9473019,5.265506307,4.601905567,8.190828783999999,4.877626537,8.875576397,10.52609055,5.184767863,6.907940505,11.64608635,6.561937403,6.152277638999999,4.85318027,5.124996586,6.295701276,6.841436067999999,4.628303282,8.490143993,7.136495048,7.41859968,7.461105762000001,5.652620422999999,5.787895391,5.26722979,5.933354487999999,5.2419101139999995,7.063351535,6.364804797000001,6.314391317,11.77763182,4.96730631,4.657118700000002,7.654941459,5.5976801960000016,5.163443879,7.092090568,6.501921224,8.762242937,6.040906531,6.148298317,5.022076135,6.486405897000001,4.837954374,4.747680992,5.94576049,8.723648962,5.362681499,7.245327728999999,4.896304487,4.8379760460000005,5.673755063,4.8143722780000004,6.3137430660000025,5.4014908870000005,4.671976857,7.445772688,5.562936702999999,6.4548756360000015,11.97958911,5.125806347,8.791130653,6.9454689929999995,10.41241936,4.567506245,5.979013052999999,7.627129196,5.661762837,4.091060499,7.650081809,4.403617362,7.259935033,5.658276663,5.95378337,5.486300489,11.7157117,9.660190077000001,8.26458148,4.814227064,5.066078824,4.695779097,7.621553221,7.332826594,5.244256871,5.808171912000001,5.472628328,5.55935224,7.065792626,7.277646752000001,7.910727972999999,7.799284366,5.868750981,4.533591041,4.972952801,7.1970055529999994,10.98580626,4.858129371,10.85395359,6.062675536,8.663069079,9.584510104,4.902074686000001,4.456365186,5.814802365,10.8241601,6.876624085,7.188207679,9.382954968,6.612529229,10.06041324,8.736623981000001,7.081773909,4.615108329,5.995807523,5.883411578,5.381985082999999,6.474756826,7.677903896,7.665033519,8.065169476,4.759017781,6.095671727,7.656070817000001,7.493033617,6.335237327000001,4.545925874,5.686782148,8.643203192,4.9845795310000005,6.811395724,6.5397068439999995,7.226026192000001,6.220683206,7.851845742,7.052497671,4.484326248,7.3682477870000005,6.187343987999999,6.309843666,7.58426668,4.861834428,8.492099995,6.088702645,7.388763235,6.084548912000001,6.123415672,9.372983955,5.43351962,8.123205061,11.02594967,11.39404578,5.6874612010000005,8.41435956,4.620039026000001,10.23183988,5.479793428,6.997814099,5.779665499,5.7198054339999995,5.98121755,7.7109069020000005,11.26316763,6.413175829,5.64978486,4.620610299,7.52267597,9.490254764,7.936595588999999,6.521325813,6.568856212000001,4.978258853,7.895731396,5.5931899210000005,7.174714974,5.7967458610000016,6.665669554,6.195678035,8.857582969,10.42372451,6.191813123999999,4.890693303,4.0
8,11.50149206,6.442371492,10.06803335,6.963142909,6.355185272000001,4.505605357,8.708670106,5.215859324,4.516068508,6.00094258,4.570771944,10.72197403,5.686403123,11.15289902,6.80146911,7.280425217,9.264126575,6.315970509,4.7461321960000005,8.968372459,4.4031022580000005,7.055727082000001,8.201784479,8.276174758,6.6878140010000005,5.099945352,6.4025454029999995,6.8619766910000015,5.327775238,5.086924109,9.169905676,6.332520677000001,7.255834097,5.15407988,7.7251166960000015,7.1945858560000016,6.3680700660000005,4.852083966,6.030109086,5.0859527060000005,9.090945526,6.182953304,6.46408533,7.3724780339999985,7.443572777999999,7.562455722,5.632205614,9.458288917,6.107286892,7.180064599,4.70077951,6.180118491,6.342723522000001,9.207647722,4.3220868260000005,5.5820590060000015,4.638904575,9.564482411,4.479225634,5.486773769,6.080817861,5.36516649,8.492506169,6.912919058,6.338581211,8.250269444,6.463140937,7.087047044,7.3940686960000015,7.831392153999999,6.335388312999999,13.5181696,8.005862952000001,4.417853148,6.8746792889999995,4.738113684,5.035287448,6.635549515,4.650025679,6.81094212,7.3732038310000005,6.413856415,8.638084422,9.042507137000001,5.273553656,5.664064442999999,7.488676497999999,4.9273997419999995,5.407971438,8.560319865,5.330746971,6.998517367000001,5.24807257,8.531623349,7.795500189,6.114101886,10.23013373,4.389235505,4.317163208,7.0484042879999995,5.454337732000001,6.0064216020000005,6.4053457210000015,8.564987106,7.452004938,9.153700446,9.57436994,4.767665404,5.0284764000000015,7.1580560470000005,4.9751590939999994,5.126707822,4.796996409,6.735165042999999,5.935333825,9.052949647,4.32670593,5.290257243,5.880046843,6.875871997000001,10.854647199999999,8.629766072,5.741546848,8.742215148,7.780149285,5.2821427739999995,4.973961296000001,5.456137135,4.676784881000001,7.379573947999999,5.443773075,10.96838826,6.546830569,6.58209914,5.835749924,8.040748607000001,6.532607877,4.731770722,6.287236872,5.3135597510000006,4.372232695,4.589372707,9.914731286,9.148258279,5.644284422999999,6.348863904,4.936908325,6.065469641,10.26790921,4.728262443,6.9791131360000005,4.731528248,7.200273342999999,5.525224796,8.73827955,6.63257591,5.736863747999999,6.193571929,7.708140667,5.346744183999999,9.101556646,4.770013274,6.886826602,6.292550022,6.777024409,4.7640755619999995,8.893178767,6.802069413,8.907980371,4.965191657,4.35156473,5.958083646,7.25387529,9.170295199,8.207702661,8.34902625,8.033019292999999,9.792479002,7.6076755060000005,4.580852244,5.576925352999999,4.432778325,5.21360975,4.557041882,4.396621081,9.955099639,9.25701749,7.689693802000001,7.15825626,6.037861945,5.155064684,6.463150015,7.0963414160000005,7.4351252510000005,6.205401942000001,6.486973405,7.81797012,8.750490682,6.242774596,5.575816372999999,8.151872376,8.859764105,7.5742523760000005,9.452456485,6.214428539,6.935434267000001,5.637472746,8.262827551,4.736596797,5.449053957,5.088603815,9.873359407,5.9408638210000015,5.816516943,6.2151221670000005,9.254887091,6.333001498,5.873113525,6.279914262,5.8423294110000015,7.321422592999999,8.551113701,6.497064924,6.941721338,4.502733147,11.15365941,5.6392328,7.131342328,5.480434799999999,5.870379436,6.156483795,10.03350703,5.0859636969999995,5.353907635,11.35395009,5.3847811839999995,6.161352357999999,4.850398866,5.281831766,7.98134041,5.848019184,4.254925335,8.836448303,7.383963457,5.531576804,6.8135084610000005,5.430313792000001,4.652612597,6.2297097820000005,4.926018202,5.735378008,4.925996222,6.71879443,4.73094431,9.879670747,7.67250849,10.36222301,5.799352482000001,6.3073298829999995,9.14176897,5.646238632,6.867631255,5.066943491,5.269260018,4.656442299999998,7.515971531,5.3691125689999994,6.873610404,6.212164821,6.918278269,7.1180385510000015,4.668945893,7.053280387999999,6.95825291,7.809522096,6.511460258,8.429819001,7.0283960999999975,4.482832818,8.180887468,11.56632956,8.401735942,8.617592396000001,7.52255705,4.381808875,7.4321755629999995,5.779905319,4.91761119,5.50538799,5.851914086,6.664978773,6.666931131,9.28747002,10.63615461,4.965512438999999,7.38189164,6.971159806,5.0145074119999995,6.285051645,8.891757899,5.930476106,5.6066843429999995,9.721787048,5.862713192,7.796469302999999,6.919588462999999,7.455708127,4.7159481219999995,6.921718477000001,4.920637311,4.43064762,5.77188515,6.41641135,6.7577459410000005,4.677197275,7.604141019,7.015955397000001,9.768861845,6.822428426,7.3812923779999995,6.175912899,5.272539419,5.972877177999999,4.628634701,7.85747222,4.677607076,6.731795485,10.385073,8.393103538,5.046282286,6.899490806,5.764388783999999,4.830382449,6.131059483,11.62638356,6.986157612,6.201104777,7.840455771,8.595916075,8.1596453,4.320360882,7.539984349,7.735142194,5.405552861,6.64350281,7.077242565,4.702353014,7.499452923,5.5716171160000005,8.167678421,5.09188012,6.280016149,4.673708582,6.040137232999999,7.7412463670000005,7.398333918,8.760252202,5.736360539,7.722674279,8.952642838,5.054043426000001,10.27555551,8.508830226,4.594475587,4.959274703999999,5.419809435,8.130212756,5.424384506,8.207199825,5.159400717,6.0044885279999995,4.9844395630000005,6.602749149,5.725360734,5.392266001,9.639912936,8.518327482,6.034278314,8.479845527,8.505095942,7.3506679,5.654903653,6.3100328889999995,4.517108428999999,4.862970081,8.765548638,6.239062075,7.874146979,5.206580257,7.698496987,5.923440667,6.262111708,8.554487137999999,8.978221469,6.516017941,6.992607146,8.038289322999999,6.511164832,6.820190116,6.199315937000001,5.264528017,9.226419169,6.873461868,5.724435119,6.196317231,6.1732865110000015,4.685959639,6.89612314,5.5803443470000005,8.029406892999999,10.82099309,4.26431945,7.753742904,4.842169406,5.886866531,5.529670061,6.314380907,5.518627996,5.337513745,8.730809927000001,6.606106575,4.66008699,5.664551311,10.439303500000001,6.021911433,7.941893792,6.420154256,5.092464181,8.090246118,5.415750967,10.39802045,7.6181913,4.316782454,5.7515813179999995,11.63373314,8.098534772,6.424526056,7.0022076160000015,6.2180518739999995,8.946694328,5.549040442000001,4.785903966,6.468842968,5.647339016,8.773264314,6.089321832,5.1168363889999995,7.991553841,7.494752684,5.121722231000001,4.81519485,6.52027907,5.118722662,5.994238788,4.630387717,4.911844295,7.759447618999999,6.876955646,4.917988200000001,7.200370982999999,8.15957021,7.996568055,5.034626225,8.847838932,6.4970241060000005,5.37073751,6.402874167999999,5.052630738,7.390427669,5.598747313,8.114011657,5.511852782,4.897979253,5.507905119,4.536293378,4.875413443,4.290743096,6.461321272999999,6.715975808,7.2153369760000015,5.755598452999999,7.47280029,11.02730793,5.443701507999999,4.6127299289999995,6.861131134,7.583613467999999,4.652456265,6.9293406210000015,4.732947578,6.958004777,8.29403347,4.90748459,7.481996745,9.091452775,8.204906614,5.741285284,8.802906869,6.428653317,8.368052882999999,8.492165179,5.248801922,5.863990518,5.639136412,5.862467633,4.882989067,7.114008457000001,8.082603092000001,4.690814377,7.285857315,7.320758047000001,5.4627725929999995,5.00460421,6.180513027999999,6.954288654,6.06538784,8.113059577000001,7.730653266,7.4893468410000015,5.74437226,5.208793355,7.245645597,9.412565927000001,6.130252785,6.471244032,8.316313206,5.687845633999999,6.9516435770000005,6.159203784,5.51544592,5.319563626,8.432106688,7.07083247,7.640022632999999,6.784477229,6.128621085,6.728392949,8.112246432000001,5.449545027,6.7326107639999995,4.926277385,7.443092495,7.377849677,8.045419546,5.769309223,9.266944661,6.4884140860000015,5.212826134,6.035814003,7.7146268870000005,7.195582722,6.680828914,8.43331268,6.8359341910000015,6.872657203999999,6.185372178,6.020043544,7.048924332,6.439546226,8.900956033,6.317324022999999,10.20504472,5.381582572999999,5.393992398,5.566302514,10.06964081,7.507132493999999,6.301476125,6.616266115,4.572022598,7.782885019,6.138979802000001,5.85502014,5.240553382,5.706342867999999,7.973275611,9.259936745,9.216038679,6.867657446,8.311252084,6.868651367000001,7.3593069710000005,7.3534335870000005,6.916516764,7.78015881,5.786803711,7.798265936,8.533321373,9.021019512,8.617996527999999,6.5855388989999994,4.661497348,4.601253648999999,5.132001679,7.545107729,9.352492796,7.670480082999999,6.036228106,6.857401229,6.393015501,7.4082506760000015,9.379424159,12.32992484,4.823402232,12.81585995,4.925324033,5.7320245089999995,5.561082711,4.526467321,6.296002155,8.241074441,4.423739797,4.341388545,6.784552929,9.769910333,7.593538708,7.525699899,8.787406464,8.983043647999999,5.6552837270000005,5.775140801,7.03544428,6.814657762,7.953558554,6.071206987,7.544465934,6.108396282999999,4.477864555,6.101232988,5.757462478,5.6018965010000015,8.145411332,7.8692976660000005,5.454809909,6.5911395729999995,5.542561347,4.607433326000001,4.697766051,5.043430254,4.36194964,4.786052767,4.716666741,4.810935013,4.916650177,8.926447154,8.624608300000002,5.061354205,6.11046741,5.687936016,4.832727126,4.7068470719999995,5.574318664,7.518359977999999,6.902908213,9.783735115,5.363832816,5.97688963,5.141545503,4.705465579,5.267913254,6.723613137999999,6.564454745,4.962264526,7.937933528999999,5.494424146,9.441531392,5.171516071,6.368912965,4.768977945,4.592269858,5.377686762000001,4.728898031,6.766877631,5.039417578,7.680947374,9.382871158,4.364108596,4.985862256,6.101112595,6.211260066,7.443231093,5.407194324,8.624577894,6.858240706,10.13089679,7.502348725,8.343720004,8.96259621,8.097994906,8.44714149,6.617412926,7.892730356,6.7924410810000015,7.215989645,5.965638642,4.562670778999999,6.515265858999999,7.490217031,4.890064016,5.50307157,5.418014192,5.9805856,4.739157045,5.11431957,7.890329705,8.855776118,7.694793318999999,6.633601893,6.8340253529999995,6.174919383,4.739932348,5.714116882999999,4.865162686000001,4.76342044,8.842475775,4.365342534,4.795490706,9.498292937,7.0478048960000015,6.10117245,4.403795579,6.893625925,4.4118517289999994,6.812062731,5.24057934,7.280950301,7.279883672,8.655320846,6.575390835,5.2931145939999995,4.655549527,7.637765495,7.313104768,6.995355601,4.9202716419999994,7.775431281,7.486675139,8.948615102,7.476625594,6.359928742,8.479946768,5.641710955,5.382061124,5.605229659,5.4266708679999995,9.268021422,9.233436613,6.296072915,4.665310839,4.769654473,7.741264094,7.295070475,8.694152005,4.703188514,4.73137228,8.302395982,9.589908413,5.02483017,7.8751290260000015,9.554254401,7.996915411,5.073759293999999,4.996063821,6.028797129,6.718370799,6.520389487,4.804730512,7.009454946,5.69158257,7.614257169,9.43343236,6.2694017460000016,5.685989747000001,5.189859342,4.318528115,6.205628982,6.864317047,4.977732468999999,6.801875676,6.379296404,7.465328396,10.68098878,10.20422249,11.03713673,8.575320878,7.2375769389999975,11.12521411,9.452257348,8.447606115,7.068338011,5.531425389,6.29291329,8.751102793,6.148215037999999,7.820360544,4.983576857,5.395988377,7.143778747000001,8.807778597,4.44578936,6.9422162279999995,8.046113507000001,8.185623235,4.479437112,5.429372829,5.225641677,5.40635653,9.904297866,4.760438996,13.21365963,14.04399296,6.179690399,7.317390355,7.654732461,9.276246399,9.927301976,9.095603859,6.906418691,6.636219003,5.777721504,8.03905262,5.199403117,7.1911385060000015,9.110071831,5.713084212,4.755315989,8.192638067,7.307062595,8.916503766,10.500537699999999,5.277852091000001,9.670309726000001,6.59853266,6.865779507,8.763052978,6.212970972999999,5.726540881,6.4830062029999995,9.188995015,7.024908383,4.444937755,6.8087699829999995,6.912405784,13.03482453,7.6772387029999996,6.523648737,7.318174152999999,5.559040573,6.5103868060000005,5.146776313999999,8.453039052000001,7.927180521,10.63755358,8.27583208,5.928761242999999,8.298536544,5.708766175,8.224036112,9.299234846000001,5.93555323,6.379356809,6.066986377,7.307184427999999,6.945203962999999,6.199280129,5.363093172,7.007375679,6.605539922,9.118548002,7.505895602000001,5.893262593999999,5.17024385,5.630679413999999,9.398298573,7.3857299770000004,5.560797935,4.731213039,5.066541125,9.228349003,9.309733629,5.019317625,7.716850031,6.519214325,12.83227933,4.870987565,6.790473669,7.168289328999999,4.845528261,6.578078577,7.015386017000001,7.529372865,9.203012141,5.484610617,9.473441216,5.324563533,5.732609931,8.336984847,4.924556245,5.916140738999999,7.322960307000001,5.076560008,8.909155152,9.148088334,6.845693193,8.585230357999999,5.064816158999999,11.93149863,5.624558396,6.566565825,4.471495029,6.3211837110000015,8.073890824,4.828403741,5.788047626,9.157879863,7.1412064179999994,8.603444676,4.372123707,5.9176570889999995,8.094267894,10.06853187,5.318289878,7.783592089,6.623214377,5.072958995,6.9369175310000015,7.467304247,7.628553847,12.04691509,6.407246455,5.984853556,4.769200289,9.24079399,8.643519688,8.393519035,5.723229633,5.536520601,6.126867283999999,7.336186783,5.053818764,4.853436576,5.123748687,5.627458017,7.2356939160000024,5.439165781,4.887526853,6.009773751,7.596793203,14.02962029,5.838318323999999,5.863296922999999,6.301831883999999,6.731944745,5.17387308,4.835868541,6.183070763,6.08954038,5.93455281,5.4458257439999995,6.74320556,5.611829361,7.418318977999999,8.165669609,5.714627999,12.50580816,5.603057636,5.294750402,8.520960934,6.8092225410000005,4.950667775,6.002745362000001,4.484269885,6.237674939,5.0761826480000005,6.018643624,5.978812415,7.604349087,7.111170129,7.87325726,7.658372657999999,5.0209045969999995,4.17489039,8.439847839,7.421242446,5.354989235,7.375963262999999,6.190145287999999,11.26120273,10.7500283,8.795989335,7.997413855,5.619281189,6.487996552,9.515781328,5.43954116,5.452216445,6.154555443,5.224540115,5.395071102999999,6.787386457,7.975265396,7.413251548,6.7197630660000005,6.443936817999999,6.031281456,6.498953908,6.593576112,6.675671212,7.841119326,5.419690623999999,9.362507968,7.161481741,6.429778861,9.347164662,5.6808227229999995,6.6371404689999975,6.931560366,6.551670495,6.257415394,5.162116518,9.980327603,6.874553822999999,4.837028045,7.127014,6.4717973639999995,8.435752102,4.613670225,5.345079833,6.733900498,8.161269613,7.7485334639999985,8.492169164,7.309976377000001,6.342043971,5.103586048,4.91406744,4.652400275,11.32268758,4.812456313999999,8.670946212,7.169802344,6.265072977000001,4.6556931939999995,11.01649095,5.880747653999999,7.45823126,7.209433763,5.761698047,5.894761114,6.492072221,4.626298574,4.7687151960000005,7.484842939,5.83456608,6.90915846,5.057366238,6.690069414,8.280477355,6.32452735,8.600904819,10.62871395,9.094848205,7.233059582,9.621776987,11.02367792,6.349988569,4.797932459,6.528808996,5.386894357999999,6.662483094,6.001574205,8.714568658,6.356030538,7.433460137000001,6.5352050120000005,5.618376026,4.624338012,5.153025703,7.233646498,8.161926882000001,7.181744817,7.236297828,5.42748054,5.2267540619999995,6.482587499,4.819385476,6.534103375,6.6107444310000005,10.22120325,10.68831166,4.385573681,4.83398048,6.5008605610000005,7.0902443239999995,4.7568136889999995,4.080157915,7.65801647,7.982765316,5.776629647999999,4.419595289,5.049290114,7.001724227,6.991261278,5.513399188999999,6.277013854,6.747357121,4.9347583760000004,6.409848909,5.546247567999999,6.046290567000001,7.235040406,5.320747449,5.331262357,5.855207900000001,6.069988502999999,5.63318545,6.142360981,7.582832517999999,4.179136109,9.187360894,4.544650561,6.877137817,6.455489012,6.777285158,5.595771653,5.071100004,4.684647518999999,5.081060894,5.683690829,6.200430451,7.556824983999999,5.8800395420000005,11.32584034,5.6736500360000015,7.232424162,4.549951302,5.8264697010000015,4.4195598480000005,5.662846947,5.574215952,6.079310808,7.626620827999999,4.472888028,5.523273652,4.559197562,7.744768485,6.476417975,7.580464434,11.72005118,5.039351295,6.888086932999999,10.16318109,9.015902407999999,8.369266742999999,5.502208249,7.1180161779999995,4.270002957,4.754453235,4.8120005919999995,4.833651855,5.011228498,6.846926064,9.430013621,5.882321717000001,6.203535717,9.670787504,5.991879869,8.920904725,6.156220374,8.401487833,8.498269192,5.944929012999999,9.169280378,6.6023793410000025,5.481843021,7.051380282,5.04308136,7.082828115,6.5834618670000005,8.331862875,7.37458871,7.1469545010000015,6.183583425,4.690889258,8.01294946,8.281929478,5.095416717,4.50007232,5.671099661,5.90459141,6.3566702070000005,6.40454729,6.232235652000001,10.34111891,6.996944587000001,6.357638661,6.8146911160000005,8.420214054,11.21232426,5.038693776000001,8.520566079,6.3728554860000015,8.411834942999999,6.621232572,9.15270772,7.500624264,7.808656487,6.979945505,10.85421122,7.455185822000001,9.439064287999999,4.78873767,5.801973345,4.400920199,7.389273997999999,7.127506704,5.89929377,5.278060003,8.816160423,6.948438218,6.554532152999999,6.9585323510000014,5.030501297,11.67444482,5.226900951,5.8356833539999995,6.727651132999999,6.566038467,9.261484087000001,7.0150715429999995,4.845426455,6.136494839,5.557294203,8.663802056,5.4197096610000015,4.889084421000001,7.148251639,5.5077537439999995,5.832792535,6.235935143,9.456177027,10.01793514,6.336572469,8.07882122,7.961308886,7.445081355,7.9544903310000015,8.159837179,6.985993102,8.131133944,6.660265159,6.244805363999999,6.354548382000001,4.772672957,7.851425495,9.542031465,5.2194299719999995,6.237651082,4.947507002,8.806589153,8.059403468,6.42034102,5.795186974,4.338912288,5.415177987000001,6.782258268,9.116970081,4.966776539,7.044816497,4.986509661,9.053853596,5.895589396,5.991793907999999,6.042977658,4.481059073,6.623644989,5.514584585,5.43472652,5.2427079569999995,6.480078224,4.68838615,7.205595849,5.608079851,5.503405017,10.75443658,6.7134948539999995,4.571875889,6.1686804429999995,9.26683013,5.296298232,8.590900357999999,8.23949559,4.409564135,6.310945727999999,5.8850238820000005,5.683750087000001,5.565222979,4.628767346,4.965162523,6.207749691,4.945533675,6.598754351,7.8599599829999995,6.585936969,7.152433292,10.02104073,5.258338339,5.101417553,7.036263138,5.6321632410000015,5.435419232,5.7670152360000015,4.453184329,4.39048111,8.678369352999999,6.330902846,8.496664682999999,12.42436045,4.649332288,8.949945537,6.066196428,7.659033513,5.015230177,4.473461808,5.934610738,11.75389531,10.28287406,8.241815195,7.642977228999999,5.384706785,4.800696805,5.6934121289999995,7.146392682999999,9.27825604,7.391407282,7.8515819539999985,5.352170056,7.666940941,5.925187386,5.234207103,6.070877384,7.223431729,7.430760542000001,6.292402474,6.868660067,7.4539144020000005,6.755660764,5.650305792999999,5.784142472,8.173094669,8.350628922,9.110551561,9.700618301,8.152270137,10.34390032,9.039385084,8.721870337999999,7.722797944,7.8940285060000015,6.160600095,10.1354179,4.5927438789999995,8.397391916,6.359273815,4.599267258999999,8.852459352999999,6.464309338,11.46950154,4.410319843,6.557592333,5.867686394,6.317478799,6.191466613999999,8.264289672,8.565379549,7.477648855,4.45900713,8.209666198999999,4.39694642,8.025518111,5.0258323030000005,5.745312825,5.788978329,5.9256659,9.738111053999999,4.965269097,5.671604637000001,6.849007643999999,5.075390683,7.025691972000001,7.63823544,8.794794605,7.757427957000001,4.25756135,8.001998958,8.4673428,5.545366771,5.430048861,5.081945056,6.7635388270000005,6.607678074,8.530615762,4.75945937,8.960919192,7.357237483,5.734780957999999,6.390436782,7.730890692000001,6.6322624029999995,6.064386344,7.828095789,6.915756332000001,9.561036247999999,7.214998262000001,4.213195995,6.976694424,7.3445813829999995,5.497170497000001,5.263750407,8.618324756,5.344809791,5.206727955,8.801316992,8.018918845,7.218036427,8.070646434,9.309106153,5.688104196,5.378473604,9.970358535,9.133457669,5.615039756,4.419277211,5.152739858,5.172570169,5.226703387,7.454058527999999,7.997499737999999,8.844225514,7.031468384,6.815699045,6.77050034,10.55605107,7.393180911,4.80839369,6.285792185,7.479713844,4.602375996,11.84205461,6.137253969,9.600338706,7.588042084,9.116003033,7.550573327,8.002077486000001,9.280823095,5.988699774,5.285961267,6.4497729889999995,4.353819967,7.988503121,7.475606252,7.731964558,5.589297771,11.59139887,7.75559663,8.042798067,8.914109391,5.869647109,5.68186873,5.316514767,7.148199475,5.303254587,5.4856167760000005,6.399044879,7.81640383,7.304098346,7.279991017,6.705962726,5.593935815,4.82543522,5.175130687,5.6743351539999995,6.341053401,5.521433131,4.40135156,4.069840226,5.123659151,5.204267627,5.20970514,4.5908152069999995,5.617032772000001,7.337480802999999,5.8054454060000005,6.587648637000001,5.86296469,6.939654831,4.679658979,11.06966639,9.449557636,4.738270834,5.947991742999999,7.146481735,5.309210537,8.583365642999999,4.503651921,5.319668359,9.549887353999999,6.449545218,8.202031538,5.657760306,5.495874954,6.685027737,5.846460757000001,4.202334414,4.487399872,6.972912332000001,5.34434333,7.880836211,4.74110038,6.654581385,6.494159302000001,6.809439555,4.5645960169999995,5.434073385,9.99087645,8.493274187,5.550620285,6.986556462,6.337767303,7.243800221,5.8081631960000015,5.993970751,6.648063336,6.334177057000001,9.70534655,9.489948803999999,9.636475916,7.16746605,7.852614847999999,5.111675853,7.095071462999999,4.714591915,7.9991337520000005,7.18985853,6.204063493,7.0865880039999976,8.557742637999999,7.589957711,5.140520334,5.269688013000001,4.894119305,6.1846715360000015,9.594429017000001,9.906965092,4.819320929,5.6991621939999995,5.950962264,7.938442961,5.928869547000001,6.4666592760000015,11.01853087,5.143335378,7.861375568,6.698545633999999,5.337513133,7.008840137000001,4.590784438,5.942874463,5.843490137000001,5.227557904,5.414295813,5.247775798,8.968411338,11.36114321,5.656069402999999,4.268572173,4.737791057,9.919117421000001,8.519279739,7.774070921,6.6662155510000005,4.490582871,4.272440233999999,7.4005141939999985,7.003357882,6.984655589,4.90135603,4.7369939169999995,6.596541002,4.617412683,4.918217567,5.086070095,8.586066801,9.074621302999999,5.068056102,5.84177145,6.811170721,7.975317255,5.964880421,4.592302228,6.352354602,5.329032928999999,5.504747561,5.522474956,8.867113832000001,6.5907528110000015,6.507133235,6.800523484,5.740095977999999,7.406185446,5.093645396,6.192189162999999,8.915259625,6.5996284260000015,4.876355611,7.700291826,4.729282883,8.10374402,7.900862525,4.798501035,9.502881643,6.3558193439999995,10.15703222,5.173785501,6.023775204,5.607057919,11.81260082,5.963688445,10.15811681,12.28566716,8.039109652,6.540099796,7.459396882999999,5.855647481,10.9414198,9.400767898,4.873090383,7.955180536,7.154021544,8.530785527,9.205398519,6.654334092999999,10.61573847,6.223807817999999,4.984079877,8.658302907000001,8.845010398,5.729027632,10.39317211,5.677960556,8.266654991000001,5.333644673,6.3911105820000005,6.9803231729999995,4.787486341,6.209491732,7.024333399,4.297395205,8.223825741,4.8478685619999995,8.571677907,8.593653518,5.715301015,5.068825034,4.633442227,10.61966661,7.453457812999999,7.140656149,6.97093445,7.260208615,7.546753394,7.272213428,9.927361487999999,5.915485515,6.7759616110000005,7.504203353999999,8.20723043,5.925663064,9.430460295,7.150118544,5.622391264,5.873933438,5.40321451,7.3663816739999985,8.24385629,5.963630869,5.230764403999999,8.815169656,4.554113387,5.234507476,5.853578272000001,4.905725708,6.652484977,5.6131911279999995,6.188277808,9.156976214,7.3393757389999985,9.217475988,9.521987889,8.068837683,8.961029249,5.137709112,7.827721282000001,6.595240702000001,8.701643792999999,7.6206493029999995,5.102454096000001,5.0503787319999995,7.352468977000001,7.31970796,4.497392296,6.380310828,6.968521363,8.342265422999999,5.849118722,5.111583486000001,6.047354365,7.142549653,8.056061785,7.985226346,7.561413009,7.932026229,6.841105353,5.739648572,6.579444341,7.790669164,10.05402075,6.708194617999999,6.707666897,12.88259284,8.896337691,6.735430067999999,8.506715011,11.38016106,10.85026511,4.186892799,4.195903265,5.425789765,6.865439907000001,8.460337557999999,10.02361073,6.972882956,7.600602477000001,7.956536483,5.430982928,4.7224355330000005,6.928363347,8.317453059,9.06905508,5.582457467999999,10.01035868,4.641124507,9.073730449,5.4000748970000005,5.108163072,5.191104289,6.490859531,4.535067358,4.799468658,5.21565277,7.705228121,8.008287232999999,4.631161186,9.352892368,6.767848834,6.751112943,9.467770991,6.6638833360000005,9.887227118,7.363871649,7.921348718,5.673398584,6.030125415,5.083153067,4.752281541,6.710226847,7.77326678,6.7878233020000005,4.937375753,7.959933958,7.2330774920000005,5.349483276,8.15944446,7.091445208,7.465665962,5.987053347000001,5.531227146,4.2803389,5.359874728,10.17560536,6.996796101,5.140682067,11.67054024,5.192275205,10.67891964,5.755719002,6.03052479,5.841208961,5.515385834,4.937422083,4.557994358,5.7312843739999995,5.351612752,4.823666762,5.26137527,6.09215335,4.814450005,6.934794887000001,5.302211618,7.262720718,12.18502645,5.57421987,4.757414936,5.674151859,6.046091121,4.945843374,6.954759475,9.42195583,6.801302777,5.905508697,10.20299823,5.71461562,4.927400405,4.247782337,5.611887126,4.993266098,7.940609151,7.586354696,5.302187857,7.720296323999999,5.9629088889999995,7.055667947000001,5.73662554,5.823461484,4.508680524,7.6951148510000005,8.669527214,10.2959632,5.044319557,4.721300907,7.213716954,5.179530234,11.03814307,5.883863419,8.87248415,6.495107656,6.195447511,5.738216027000001,8.310776005,8.599328468,6.200535062999999,6.258201307,6.950618443,5.741130724,7.76896529,5.717839239,4.5890915130000005,4.980905508999999,5.388798692000001,6.997118209,8.57921821,6.177082048,5.8620252729999995,5.873503082999999,5.24034217,7.008972907,6.192498165,4.577677017,4.252943801,4.1138991030000005,6.8320880000000015,8.703577382,4.874037112,6.760239058,6.533225848,5.6932358039999995,6.253744844,7.03706323,10.25983853,4.882737654,10.62084132,4.9517642969999995,6.021071915,4.826649762,11.28103155,4.41299449,7.685116308,5.15850098,5.825605362,5.430279998,8.698009196000001,5.75298744,8.242090961,7.972641287999999,4.470670375,5.340622309,8.590171955,7.133089469,7.318046402999999,4.488409834,6.785787826,5.779555611,9.195815831,7.154597721,8.098717158,6.654294362000001,7.495057774,4.80063513,8.972442735,5.260232998,5.310305444,7.364486787000001,8.395928992,5.067530411,9.175536486,10.90544646,7.083427358,6.667242398,4.905443562,11.11049275,4.652071871,9.124758647,4.71347533,6.194040526,5.243137512,5.031570643999999,4.876542082,6.322978377,8.373949073,11.59104828,6.632254382999999,4.884810507,8.023811734,8.207719212999999,5.792850527000001,4.455685926,8.112423698999999,7.711585931,8.931185117,6.373120472,5.2871060739999995,6.213943133,7.759552346,6.98281629,6.706640724,4.683255309,5.128560772,5.078741088,5.6765125339999996,6.509895185,7.126634075,7.837170634,6.927865216,5.221287127,6.960422137999999,7.612230017999999,5.543466821,5.626577758,8.871929026,4.795344986,6.6465029929999995,4.87434213,8.977907373999999,5.323429774,4.813148579,4.838174853,5.716323963,5.787499285,9.465791579,5.750666549,5.476872079,5.713769494,4.514437268,9.535887726,8.501953054,5.822959902000001,6.381529966,5.6072266420000005,6.789601998999999,5.8235111129999995,6.97422336,4.503711287,9.835429015,6.5616020760000024,7.832889845,4.2332485160000015,5.119632889,8.332854437,5.237814602,8.596736191,10.32646464,6.1380533370000006,10.38611246,7.532449217000001,4.957474314,6.559659318,6.601814528999999,4.279522167,4.848721739,7.304982884,5.038858142,5.335553956,5.093190122,5.042560684,5.608959337999999,6.2502972560000005,5.8382605629999995,6.859424926,6.074844286,4.534396895,6.357432686,7.664864323,4.73496446,7.191280326,5.661895839,5.558178476,5.545522365,4.667801517,8.02056185,9.145895032,5.371838755,5.081590361,5.126803048,7.157576884,7.009551339,11.14001777,7.892393179,4.140638471,5.440010028,8.157671673,5.308428534,4.311006707,4.727372046,6.716577111,5.160912776,4.27679354,7.928609363,6.1627449,10.81221292,6.486687099,6.068056843,6.254765592999999,5.94569125,7.258381999,6.70292213,5.477756756000002,5.499413515,5.649588,7.249431183,6.63796155,4.892994463,6.221081785,4.965516401,7.6045200920000005,4.718475051,8.339432943,7.1871287420000005,10.36844015,4.663687144,4.407191302,7.056908046,5.5073538960000015,6.031460017000001,4.805583382,10.05797048,6.9008613510000005,10.05910821,7.574598677999999,4.815793153,5.301472562,6.68201473,7.692046697,6.752206158,8.972293605,6.3126495039999995,6.349942712000001,6.0750923839999995,6.966118117000001,7.415323586,7.024747071,4.285155968,6.760142758,4.821927641,4.785199312,5.8342189410000005,7.364182135,5.253810328,4.396997726,7.296336416,5.976381085,5.495276401,6.054973671,5.290796108,5.08693913,7.603922464,4.3784606539999995,5.051759766,4.831896789,9.692998307,6.768773907000001,9.508883331,4.521718374,7.347211202,5.326506708,10.01020368,6.823421727,6.231044279,4.859600391,7.628803549,4.947387968999999,11.45027121,9.148471215,5.971752385,6.5824630410000005,9.648083657,9.861365311,7.693188782999999,6.530833951,7.711625109,5.714374072999999,10.71827971,5.712912604,6.111353546,6.540014322999999,8.098792661000001,8.498264133,5.838782386,8.104023067,9.342506803,10.22074953,4.512715407,5.175920681,5.500514335,4.807062952,8.399995563,4.811367662,9.834121631,8.325662407000001,5.604840514,5.278295156,5.483234293,5.675970883,4.332405501,5.860878832999999,7.844459756,9.000816807,7.049829536,4.990829651,5.809024854,11.48355736,12.35401926,6.222020729,5.078889428,6.2321421070000005,5.304596125,4.2921990889999995,8.024736401,7.169402265,10.38474224,8.514897955,6.287830682,7.741506375,7.109640095,5.437212227000001,4.8253376789999995,4.851641613,5.216800692,6.5891304129999995,6.864094562000001,6.041782744,5.882052375,5.812045366,5.5527202739999995,6.650373871,7.470223797,7.608076466,5.700181477999999,4.3990275919999995,7.936355835,4.275451973,5.165213631,5.688491459,5.681661752999999,6.385702035,6.531408421,5.512922275,8.954396877,4.941941474,5.365509239,5.909331356,4.817531218,6.858964384,4.801862073,10.42399767,9.842162624,5.627400777,5.577043447,5.312259499,5.564459314,7.470536748,8.420973423,4.43900202,4.515231899,7.1403222379999995,8.589988553,5.4375686089999995,6.372567413,8.634132506,7.601223363,4.773986976000001,5.6178517060000015,7.120718373,6.149979276,9.955179196,8.53805366,4.609920273,10.08646783,5.193069979,4.588730792,5.147286684,6.198822389,8.675167529,5.17229103,6.873159516,7.813429687,6.857944292000001,4.848598602,6.315250355,5.125391497,7.631319069,5.36570816,7.222083948,4.928690587,10.82668645,9.820610176,5.219223686,7.29752634,5.155191542,5.101041498,11.38191037,6.235892699,6.496898165,10.19181263,9.382263402000001,6.32172572,6.082549617000001,7.438267907999999,5.015892739,7.284459742999999,8.892904042,4.211289064,7.633417944,6.342581778,7.654326202000001,6.689176201,5.84468593,6.578128714,8.271265306,6.212092875,8.421615601000001,6.704475612,5.860053937000001,6.561846787,4.972138313,8.604386265,5.844510093999999,9.009004666000001,5.178707986,5.973607071,4.975535109,5.199770684,5.023458651,4.834247421000001,4.891177633,5.211937287,6.517828827000001,5.26293959,5.031573542,5.610948098,5.868620394,7.252327216,7.403621621,7.238603104,6.461756502,5.810767909,12.35276978,5.541408504,6.3151550489999995,7.880332049,5.539360137,4.202739674,7.490742278,5.418804495,8.900451896,5.191263496,5.176126593999999,4.440214975,7.426499954,5.835226627000001,6.596074354,7.158037525,5.784657009,5.59810468,12.76021273,6.804429207,4.2592464460000015,12.39878294,7.585810342,5.7252742539999995,4.470577629,5.652147126,6.197222312999999,8.647697435,6.0737942,4.9110382260000005,4.5980900689999995,7.671799339,5.687957872,7.7308845370000006,6.74978863,8.006336713,6.149099541,7.359855382999999,5.455484014,4.87814304,5.938572289,5.743834044,4.834769106,4.557775423,4.680579175,9.466082992,8.209556335,10.00564449,6.370786819,5.830102612,5.653628932,6.847887657999999,7.697493763,4.881147619,5.837840278,5.576284575,5.868408596,4.826802302,7.933755199,13.05510314,4.278280672,5.369699128,7.0904988410000005,4.275852642,8.029749146,9.35610749,10.079569699999999,11.45646043,7.271362661,7.370130876,8.277469422000001,7.266049093999999,5.32130751,6.056291794,7.24792798,4.923133366,6.628814042,6.1657842610000015,9.629544141,7.086143927,5.010085012,5.586225555,4.88632824,5.709199571,4.422834368999999,5.795759549,8.213208682000001,8.294670227000001,5.571625386,5.6521837029999995,8.916332622999999,10.35584199,11.125259300000002,6.390296383,5.8114102370000005,5.88460234,7.238646072000001,9.465921572000001,7.34722503,7.668714232,7.128726914,5.0640574019999995,7.688814953,5.277136076000001,4.619413641,5.621694767,5.307178223,5.1404617969999995,6.576974882000001,8.565427297000001,5.256683442,4.0826850630000004,5.38090456,4.438996714,4.5969684719999995,6.405913684,4.939438255,4.979449106000001,4.535800171,6.843735307999999,5.441062313,8.308413974,5.8186167860000015,7.518170329,5.968909244,6.169793219,5.855428193,9.499262603,6.863795426,4.631623964,8.131341217000001,4.543148683,6.600211423999999,7.940435898,5.775556532,7.683529092000001,8.394134635,7.927514029,8.179972781,8.252602484,4.949076819,5.381786311,4.4054862,8.404972416,10.65424759,6.032857118,7.793597411,7.096681707,7.198454586,5.9265166979999995,4.858502952,6.7988088289999995,4.853091723,5.055310307,6.2023289429999995,6.6449502910000025,6.143696992000001,5.746118878,5.697682746,4.9143639839999995,7.6743544739999985,4.683900817,7.151313805,6.4285475660000015,8.57354933,5.305415473,7.666779149,7.645395255,5.3293203060000005,5.050000743,10.0070238,5.811253557000001,5.39905649,8.469443028999999,4.323826736,6.168958797999999,7.99515265,5.788081802000001,6.086926442999999,7.315467331,8.766183448,6.374714177,7.38735023,4.987772403,4.245595263,5.054827811,4.759431271,9.782397203,5.314878556,6.257479752999999,5.98644646,5.024519273,8.211301548,7.37038097,5.5842546220000004,5.477215084,4.983673433,5.625431721,9.191475785,6.973511866,9.320379373,6.185119498,6.4070175260000015,7.736794887,5.521666217000001,6.14265812,4.912750681,12.87599743,6.124280385,4.3657508310000015,6.954423695,5.335084075,7.160117249,6.743471832999999,7.623071702000001,4.766359205,9.315124804,5.866954666,10.04481733,4.403326458,5.521424777000001,5.165366562,4.955054217,5.010975727,6.7798810739999995,6.3923917260000005,7.658391802000001,11.538755,5.803622219,6.773826484,5.697444031,4.928899152,7.419501222999999,5.41863183,5.944988717999999,5.65174313,7.762742458,6.149573837999999,5.124597249,4.584760145,4.911744961,8.433100021,5.4188866639999995,5.110328629,6.018308311,4.816406419,4.847874492,5.088904298,6.565916818,8.41548011,8.456004228,4.842011724,6.944010124,6.234963235,8.604137573,7.524863048999999,6.283564048,6.284855061,6.3581648479999995,5.207788876,6.325751341,5.8544084629999995,5.081878951,8.99295251,6.2536003220000005,4.344864329,7.730312822999999,7.352574122,4.532647492,6.156972885,7.543682578999999,7.789972931,10.66208289,4.8523660710000005,4.712408478,7.584432427,7.995651153,7.345436302,4.796851636,7.928450939,5.677195959,6.802804748,5.724543411,6.084690129,4.984439514,6.9800262910000015,6.7102230579999995,5.6365190620000005,7.8651558060000015,8.085540952999999,6.025241049,9.798498666,6.34890528,4.870817016,7.362216011,7.7347171,7.518898106,4.642666965,8.067501349,4.330973335,8.98540391,5.891958058999999,7.702395049,7.033504656,7.200616274,4.2692458910000015,6.5417837410000015,7.2424325970000005,6.5839342510000005,4.667454029,4.1742223869999995,5.999786114,9.552568522,5.069357025,6.460936165,7.784144078,5.64260659,6.0284018060000015,7.771164757,5.281442949,5.622487099,6.4775839170000005,5.42652021,8.65060331,10.31984221,7.518429717999999,4.192223376,5.405079023,7.886115697,5.9155244960000015,9.597075588,6.797433361,4.571960206,5.376108602,6.343462242999999,5.169848198,4.585138801,5.954461692000001,4.468619562,7.039031886,5.059485491,5.306888557,6.530313437999999,8.970179099,8.40128126,6.941573633,7.18563397,4.6662562439999995,5.307407773,6.922085605,5.539523419,5.678584312000001,9.190532314,4.923942923999999,6.28655911,8.360531457999999,5.49817788,7.601112818,4.633401208,8.180211106,8.242063225,7.559007382000001,10.02631712,4.8239853319999995,11.33634973,4.450757277,7.184730603999999,6.99373388,4.679198101,4.501435431,10.53835797,7.265492068999999,6.593941015,6.3313409279999995,7.22608955,4.936646214,7.0047182810000015,8.882186738,7.8934109810000015,8.017301045,5.141659801,5.897616827,7.913486685,8.190354427,4.488443072,5.205242128,5.396280399,5.287651477,4.836460961,5.648314506,6.8968971660000005,4.607267712,8.00079713,4.779591492,4.904712153999999,7.964692886,8.161402246,6.595518124,5.565924232,7.757681132,7.152648869,4.800244351,7.59824377,8.04463157,7.329484575,7.4236680339999985,4.683754223999999,4.718589892,8.452718091,7.644813721,5.936192514,8.701875255,9.283387527999999,4.930191703999999,8.714245834,5.329192239,5.070290544,7.395709844,6.641953689,6.782357779,6.449977256,4.806631843,5.131607726,6.57473457,5.112893315,9.337176964,4.38490655,5.092693882,10.36079501,7.117967899,7.3488042,7.635913648,5.795569479,8.193731534,4.147231913,8.469623848,7.0229672039999995,5.1389728880000005,6.0147054760000005,4.951420359,6.2675931579999995,5.696047502000001,6.020162685,5.699590762000001,6.529281532000001,5.895880644,6.522037856,4.4427456780000005,8.34563347,5.116780556,7.401170549,4.336038745,7.174277035,8.896475251,8.005752569,7.893253425,8.954704223,5.6775230310000016,7.656457487000001,4.492467714,8.237502476,6.134863289,9.728680949,11.48644165,6.134233313999999,7.3621297110000015,5.410768462,7.617290661,4.302193157,8.693381453999999,6.074549635,8.198138703,6.799051812,7.734161665,4.832197468,6.32543462,6.005859244,4.398422353,6.133934603999999,5.240999013,5.033590611,5.690621095,13.21519503,6.636512139,6.474432928,10.16680595,7.810163524,6.143929368999999,8.299873426,8.040707043,8.255200519,9.353140243,8.927150166,7.058539013,7.047682204,5.205493788,5.5682692660000015,6.460864554,8.264836079,4.288779562,6.107659462000001,11.48764651,5.390830547999999,8.408040405,5.832637895,5.540725651,5.240529895,6.874343634,6.322936014,9.420483377,9.485606133,7.841871135,7.297705203,6.50380241,4.28136699,5.430531403,7.6011847470000005,8.448449787000001,5.553807837000001,4.486248524,6.587320581,5.575636821,7.285205811,7.465486012,5.211896324,6.242011682,6.35443021,6.1289234839999995,5.491547862999999,7.342542777999999,6.371680875,5.966730962000001,4.770058592,7.152138937999999,5.422649312000001,5.1757379839999995,4.19535706,4.804373988,8.571980762,6.621381307999999,8.517078198,5.910716633,7.6113028310000015,5.7223830389999994,7.893967779,5.995898897000001,7.084932134,5.810774747999999,5.218355911000001,6.3601408410000015,7.75778555,5.932526967,8.719652252000001,4.450349227,6.209337256,4.416661284,5.71741423,7.640525692000001,11.69144448,4.741305551,8.506718457,11.84503583,6.8393669379999995,6.219102542999999,7.119473361,7.035659764,7.004844301,6.078677806,6.698111063,8.330097076,6.3266592379999995,5.847321872,8.920093853,6.497406655,5.784921174,5.325248325,7.015486192999999,4.600195398,7.752756064,12.30377488,5.2564592910000005,6.688457372999999,5.898365605,7.893858312000001,6.299768877999999,6.900171877000001,5.690494581,8.833992531,5.007070488,6.092589244,7.319127707000001,5.694647454,6.715125147999999,6.865285199,4.825225678,8.133291946,7.2264088179999995,5.653849927,5.1934420160000005,5.24112367,5.191392,6.6625348970000005,4.668452234,5.499004612,6.864835848999999,6.703293658,6.575767615,10.16497967,5.435517582,4.736889706,5.692774534,6.650815691,6.2689737,8.366943793999999,6.842782091,6.093950456,7.326577202999999,7.587387647000001,6.035303884,7.03743974,8.233534762,4.929969021000001,5.815729784,8.089148518,9.083728987999999,4.1138491460000015,5.7627681289999995,5.247282166000001,6.063512652000001,6.458983722999999,6.756001165,4.536724746,9.571385101,5.752374457,5.9589224839999995,8.205160591,6.382084084,7.197837034,6.308477826,8.78656277,8.136140703999999,7.22704546,8.615329722,6.005084779,7.428361207999999,7.213394619,8.087155274,5.900203457999999,7.799691507,11.66666354,7.365168177999999,4.76936833,10.15358217,7.063338077999999,8.081797212,6.906332065,7.047562135,6.28002381,5.147766644,5.484111381,5.65396883,7.745063036,7.342799648,5.9723376770000005,6.885963843,4.665853313,5.0109085669999995,10.10485917,5.1298824739999995,8.904445849,5.3188425960000005,4.404855803999999,11.18103516,5.217128536000001,10.32676981,5.348217072,6.59021405,6.230802075,9.633212854,5.721713144,8.091207426,9.10953854,6.460757822000001,7.289850922,7.453560112999999,7.5038059729999995,6.776102196,6.019892845,6.162266186,4.4890272000000015,6.926629985,6.03029751,9.142829082,5.43258978,9.602174247,7.69847601,7.965507016,7.159339827999999,5.993937186,8.089516925,8.627100402,7.4233527289999985,8.09860849,8.707538287,5.363525321,7.752427467,5.02621269,6.257825344,8.035348707,9.513199108,8.186701669,4.433710243999999,5.620776547999999,8.316650183,7.77303898,5.463007336,7.344189419,7.926615512000001,10.0754038,7.283537442999999,5.470395902000001,6.032278985,5.888442341,8.004729328,8.392281495,8.593489672999999,8.216847739,6.05579883,7.595710866,6.064408504,10.5772583,6.687164787,6.8219786870000005,8.126296349,6.075140721,7.469309053,5.49352102,4.221410695,9.994911404,6.779465184,6.5305765,7.575736846,5.296437269,6.793282972,5.41690303,6.429978221,7.18274498,5.4500639920000005,5.7773296610000004,5.235925451,6.463125558,8.044009997,9.750831665,3.813668525,5.327194585,5.677607148,5.80295889,7.957001859,4.774286378999999,5.4176195310000015,4.3989192919999995,7.778565703,5.285286816,5.115507438,6.724929241,8.940066879,4.688644738,7.499636897999999,8.209415577,9.721185902,7.346088615,4.963900962,4.729272601,8.753383232000001,9.064467547000001,8.672297665,10.43141862,9.787400051,6.312865771,4.531141262,4.817968844,6.839937736,7.513470055,5.60518454,7.866808363,7.409916731,7.886421745,8.955224539,5.76346925,6.355621263,5.003200316,7.2236140120000005,4.782486976,6.2495644860000015,4.8486409010000004,4.774844794,6.9150158489999995,6.2033253560000015,6.402384574,5.501861623,7.437465426,8.759435643,6.04335492,5.746477499,5.499408868,5.799347125,10.31266984,9.13979267,8.18821052,8.436744212,6.83506759,6.9717947239999996,7.560502358,5.99506491,6.847714548,7.083516286,5.459077159,4.729058641,5.939721603,7.215446384,6.584527552999999,4.356994459,5.7626992910000014,6.935082446,5.181558036,8.310216543,5.508183667999999,5.8691007520000005,5.003966134,7.363536346,5.343355765,4.658136302,5.161605051,5.595191802,7.9473019,5.265506307,4.601905567,8.190828783999999,4.877626537,8.875576397,10.52609055,5.184767863,6.907940505,11.64608635,6.561937403,6.152277638999999,4.85318027,5.124996586,6.295701276,6.841436067999999,4.628303282,8.490143993,7.136495048,7.41859968,7.461105762000001,5.652620422999999,5.787895391,5.26722979,5.933354487999999,5.2419101139999995,7.063351535,6.364804797000001,6.314391317,11.77763182,4.96730631,4.657118700000002,7.654941459,5.5976801960000016,5.163443879,7.092090568,6.501921224,8.762242937,6.040906531,6.148298317,5.022076135,6.486405897000001,4.837954374,4.747680992,5.94576049,8.723648962,5.362681499,7.245327728999999,4.896304487,4.8379760460000005,5.673755063,4.8143722780000004,6.3137430660000025,5.4014908870000005,4.671976857,7.445772688,5.562936702999999,6.4548756360000015,11.97958911,5.125806347,8.791130653,6.9454689929999995,10.41241936,4.567506245,5.979013052999999,7.627129196,5.661762837,4.091060499,7.650081809,4.403617362,7.259935033,5.658276663,5.95378337,5.486300489,11.7157117,9.660190077000001,8.26458148,4.814227064,5.066078824,4.695779097,7.621553221,7.332826594,5.244256871,5.808171912000001,5.472628328,5.55935224,7.065792626,7.277646752000001,7.910727972999999,7.799284366,5.868750981,4.533591041,4.972952801,7.1970055529999994,10.98580626,4.858129371,10.85395359,6.062675536,8.663069079,9.584510104,4.902074686000001,4.456365186,5.814802365,10.8241601,6.876624085,7.188207679,9.382954968,6.612529229,10.06041324,8.736623981000001,7.081773909,4.615108329,5.995807523,5.883411578,5.381985082999999,6.474756826,7.677903896,7.665033519,8.065169476,4.759017781,6.095671727,7.656070817000001,7.493033617,6.335237327000001,4.545925874,5.686782148,8.643203192,4.9845795310000005,6.811395724,6.5397068439999995,7.226026192000001,6.220683206,7.851845742,7.052497671,4.484326248,7.3682477870000005,6.187343987999999,6.309843666,7.58426668,4.861834428,8.492099995,6.088702645,7.388763235,6.084548912000001,6.123415672,9.372983955,5.43351962,8.123205061,11.02594967,11.39404578,5.6874612010000005,8.41435956,4.620039026000001,10.23183988,5.479793428,6.997814099,5.779665499,5.7198054339999995,5.98121755,7.7109069020000005,11.26316763,6.413175829,5.64978486,4.620610299,7.52267597,9.490254764,7.936595588999999,6.521325813,6.568856212000001,4.978258853,7.895731396,5.5931899210000005,7.174714974,5.7967458610000016,6.665669554,6.195678035,8.857582969,10.42372451,6.191813123999999,4.890693303,4.0
9,11.50149206,6.442371492,10.06803335,6.963142909,6.355185272000001,4.505605357,8.708670106,5.215859324,4.516068508,6.00094258,4.570771944,10.72197403,5.686403123,11.15289902,6.80146911,7.280425217,9.264126575,6.315970509,4.7461321960000005,8.968372459,4.4031022580000005,7.055727082000001,8.201784479,8.276174758,6.6878140010000005,5.099945352,6.4025454029999995,6.8619766910000015,5.327775238,5.086924109,9.169905676,6.332520677000001,7.255834097,5.15407988,7.7251166960000015,7.1945858560000016,6.3680700660000005,4.852083966,6.030109086,5.0859527060000005,9.090945526,6.182953304,6.46408533,7.3724780339999985,7.443572777999999,7.562455722,5.632205614,9.458288917,6.107286892,7.180064599,4.70077951,6.180118491,6.342723522000001,9.207647722,4.3220868260000005,5.5820590060000015,4.638904575,9.564482411,4.479225634,5.486773769,6.080817861,5.36516649,8.492506169,6.912919058,6.338581211,8.250269444,6.463140937,7.087047044,7.3940686960000015,7.831392153999999,6.335388312999999,13.5181696,8.005862952000001,4.417853148,6.8746792889999995,4.738113684,5.035287448,6.635549515,4.650025679,6.81094212,7.3732038310000005,6.413856415,8.638084422,9.042507137000001,5.273553656,5.664064442999999,7.488676497999999,4.9273997419999995,5.407971438,8.560319865,5.330746971,6.998517367000001,5.24807257,8.531623349,7.795500189,6.114101886,10.23013373,4.389235505,4.317163208,7.0484042879999995,5.454337732000001,6.0064216020000005,6.4053457210000015,8.564987106,7.452004938,9.153700446,9.57436994,4.767665404,5.0284764000000015,7.1580560470000005,4.9751590939999994,5.126707822,4.796996409,6.735165042999999,5.935333825,9.052949647,4.32670593,5.290257243,5.880046843,6.875871997000001,10.854647199999999,8.629766072,5.741546848,8.742215148,7.780149285,5.2821427739999995,4.973961296000001,5.456137135,4.676784881000001,7.379573947999999,5.443773075,10.96838826,6.546830569,6.58209914,5.835749924,8.040748607000001,6.532607877,4.731770722,6.287236872,5.3135597510000006,4.372232695,4.589372707,9.914731286,9.148258279,5.644284422999999,6.348863904,4.936908325,6.065469641,10.26790921,4.728262443,6.9791131360000005,4.731528248,7.200273342999999,5.525224796,8.73827955,6.63257591,5.736863747999999,6.193571929,7.708140667,5.346744183999999,9.101556646,4.770013274,6.886826602,6.292550022,6.777024409,4.7640755619999995,8.893178767,6.802069413,8.907980371,4.965191657,4.35156473,5.958083646,7.25387529,9.170295199,8.207702661,8.34902625,8.033019292999999,9.792479002,7.6076755060000005,4.580852244,5.576925352999999,4.432778325,5.21360975,4.557041882,4.396621081,9.955099639,9.25701749,7.689693802000001,7.15825626,6.037861945,5.155064684,6.463150015,7.0963414160000005,7.4351252510000005,6.205401942000001,6.486973405,7.81797012,8.750490682,6.242774596,5.575816372999999,8.151872376,8.859764105,7.5742523760000005,9.452456485,6.214428539,6.935434267000001,5.637472746,8.262827551,4.736596797,5.449053957,5.088603815,9.873359407,5.9408638210000015,5.816516943,6.2151221670000005,9.254887091,6.333001498,5.873113525,6.279914262,5.8423294110000015,7.321422592999999,8.551113701,6.497064924,6.941721338,4.502733147,11.15365941,5.6392328,7.131342328,5.480434799999999,5.870379436,6.156483795,10.03350703,5.0859636969999995,5.353907635,11.35395009,5.3847811839999995,6.161352357999999,4.850398866,5.281831766,7.98134041,5.848019184,4.254925335,8.836448303,7.383963457,5.531576804,6.8135084610000005,5.430313792000001,4.652612597,6.2297097820000005,4.926018202,5.735378008,4.925996222,6.71879443,4.73094431,9.879670747,7.67250849,10.36222301,5.799352482000001,6.3073298829999995,9.14176897,5.646238632,6.867631255,5.066943491,5.269260018,4.656442299999998,7.515971531,5.3691125689999994,6.873610404,6.212164821,6.918278269,7.1180385510000015,4.668945893,7.053280387999999,6.95825291,7.809522096,6.511460258,8.429819001,7.0283960999999975,4.482832818,8.180887468,11.56632956,8.401735942,8.617592396000001,7.52255705,4.381808875,7.4321755629999995,5.779905319,4.91761119,5.50538799,5.851914086,6.664978773,6.666931131,9.28747002,10.63615461,4.965512438999999,7.38189164,6.971159806,5.0145074119999995,6.285051645,8.891757899,5.930476106,5.6066843429999995,9.721787048,5.862713192,7.796469302999999,6.919588462999999,7.455708127,4.7159481219999995,6.921718477000001,4.920637311,4.43064762,5.77188515,6.41641135,6.7577459410000005,4.677197275,7.604141019,7.015955397000001,9.768861845,6.822428426,7.3812923779999995,6.175912899,5.272539419,5.972877177999999,4.628634701,7.85747222,4.677607076,6.731795485,10.385073,8.393103538,5.046282286,6.899490806,5.764388783999999,4.830382449,6.131059483,11.62638356,6.986157612,6.201104777,7.840455771,8.595916075,8.1596453,4.320360882,7.539984349,7.735142194,5.405552861,6.64350281,7.077242565,4.702353014,7.499452923,5.5716171160000005,8.167678421,5.09188012,6.280016149,4.673708582,6.040137232999999,7.7412463670000005,7.398333918,8.760252202,5.736360539,7.722674279,8.952642838,5.054043426000001,10.27555551,8.508830226,4.594475587,4.959274703999999,5.419809435,8.130212756,5.424384506,8.207199825,5.159400717,6.0044885279999995,4.9844395630000005,6.602749149,5.725360734,5.392266001,9.639912936,8.518327482,6.034278314,8.479845527,8.505095942,7.3506679,5.654903653,6.3100328889999995,4.517108428999999,4.862970081,8.765548638,6.239062075,7.874146979,5.206580257,7.698496987,5.923440667,6.262111708,8.554487137999999,8.978221469,6.516017941,6.992607146,8.038289322999999,6.511164832,6.820190116,6.199315937000001,5.264528017,9.226419169,6.873461868,5.724435119,6.196317231,6.1732865110000015,4.685959639,6.89612314,5.5803443470000005,8.029406892999999,10.82099309,4.26431945,7.753742904,4.842169406,5.886866531,5.529670061,6.314380907,5.518627996,5.337513745,8.730809927000001,6.606106575,4.66008699,5.664551311,10.439303500000001,6.021911433,7.941893792,6.420154256,5.092464181,8.090246118,5.415750967,10.39802045,7.6181913,4.316782454,5.7515813179999995,11.63373314,8.098534772,6.424526056,7.0022076160000015,6.2180518739999995,8.946694328,5.549040442000001,4.785903966,6.468842968,5.647339016,8.773264314,6.089321832,5.1168363889999995,7.991553841,7.494752684,5.121722231000001,4.81519485,6.52027907,5.118722662,5.994238788,4.630387717,4.911844295,7.759447618999999,6.876955646,4.917988200000001,7.200370982999999,8.15957021,7.996568055,5.034626225,8.847838932,6.4970241060000005,5.37073751,6.402874167999999,5.052630738,7.390427669,5.598747313,8.114011657,5.511852782,4.897979253,5.507905119,4.536293378,4.875413443,4.290743096,6.461321272999999,6.715975808,7.2153369760000015,5.755598452999999,7.47280029,11.02730793,5.443701507999999,4.6127299289999995,6.861131134,7.583613467999999,4.652456265,6.9293406210000015,4.732947578,6.958004777,8.29403347,4.90748459,7.481996745,9.091452775,8.204906614,5.741285284,8.802906869,6.428653317,8.368052882999999,8.492165179,5.248801922,5.863990518,5.639136412,5.862467633,4.882989067,7.114008457000001,8.082603092000001,4.690814377,7.285857315,7.320758047000001,5.4627725929999995,5.00460421,6.180513027999999,6.954288654,6.06538784,8.113059577000001,7.730653266,7.4893468410000015,5.74437226,5.208793355,7.245645597,9.412565927000001,6.130252785,6.471244032,8.316313206,5.687845633999999,6.9516435770000005,6.159203784,5.51544592,5.319563626,8.432106688,7.07083247,7.640022632999999,6.784477229,6.128621085,6.728392949,8.112246432000001,5.449545027,6.7326107639999995,4.926277385,7.443092495,7.377849677,8.045419546,5.769309223,9.266944661,6.4884140860000015,5.212826134,6.035814003,7.7146268870000005,7.195582722,6.680828914,8.43331268,6.8359341910000015,6.872657203999999,6.185372178,6.020043544,7.048924332,6.439546226,8.900956033,6.317324022999999,10.20504472,5.381582572999999,5.393992398,5.566302514,10.06964081,7.507132493999999,6.301476125,6.616266115,4.572022598,7.782885019,6.138979802000001,5.85502014,5.240553382,5.706342867999999,7.973275611,9.259936745,9.216038679,6.867657446,8.311252084,6.868651367000001,7.3593069710000005,7.3534335870000005,6.916516764,7.78015881,5.786803711,7.798265936,8.533321373,9.021019512,8.617996527999999,6.5855388989999994,4.661497348,4.601253648999999,5.132001679,7.545107729,9.352492796,7.670480082999999,6.036228106,6.857401229,6.393015501,7.4082506760000015,9.379424159,12.32992484,4.823402232,12.81585995,4.925324033,5.7320245089999995,5.561082711,4.526467321,6.296002155,8.241074441,4.423739797,4.341388545,6.784552929,9.769910333,7.593538708,7.525699899,8.787406464,8.983043647999999,5.6552837270000005,5.775140801,7.03544428,6.814657762,7.953558554,6.071206987,7.544465934,6.108396282999999,4.477864555,6.101232988,5.757462478,5.6018965010000015,8.145411332,7.8692976660000005,5.454809909,6.5911395729999995,5.542561347,4.607433326000001,4.697766051,5.043430254,4.36194964,4.786052767,4.716666741,4.810935013,4.916650177,8.926447154,8.624608300000002,5.061354205,6.11046741,5.687936016,4.832727126,4.7068470719999995,5.574318664,7.518359977999999,6.902908213,9.783735115,5.363832816,5.97688963,5.141545503,4.705465579,5.267913254,6.723613137999999,6.564454745,4.962264526,7.937933528999999,5.494424146,9.441531392,5.171516071,6.368912965,4.768977945,4.592269858,5.377686762000001,4.728898031,6.766877631,5.039417578,7.680947374,9.382871158,4.364108596,4.985862256,6.101112595,6.211260066,7.443231093,5.407194324,8.624577894,6.858240706,10.13089679,7.502348725,8.343720004,8.96259621,8.097994906,8.44714149,6.617412926,7.892730356,6.7924410810000015,7.215989645,5.965638642,4.562670778999999,6.515265858999999,7.490217031,4.890064016,5.50307157,5.418014192,5.9805856,4.739157045,5.11431957,7.890329705,8.855776118,7.694793318999999,6.633601893,6.8340253529999995,6.174919383,4.739932348,5.714116882999999,4.865162686000001,4.76342044,8.842475775,4.365342534,4.795490706,9.498292937,7.0478048960000015,6.10117245,4.403795579,6.893625925,4.4118517289999994,6.812062731,5.24057934,7.280950301,7.279883672,8.655320846,6.575390835,5.2931145939999995,4.655549527,7.637765495,7.313104768,6.995355601,4.9202716419999994,7.775431281,7.486675139,8.948615102,7.476625594,6.359928742,8.479946768,5.641710955,5.382061124,5.605229659,5.4266708679999995,9.268021422,9.233436613,6.296072915,4.665310839,4.769654473,7.741264094,7.295070475,8.694152005,4.703188514,4.73137228,8.302395982,9.589908413,5.02483017,7.8751290260000015,9.554254401,7.996915411,5.073759293999999,4.996063821,6.028797129,6.718370799,6.520389487,4.804730512,7.009454946,5.69158257,7.614257169,9.43343236,6.2694017460000016,5.685989747000001,5.189859342,4.318528115,6.205628982,6.864317047,4.977732468999999,6.801875676,6.379296404,7.465328396,10.68098878,10.20422249,11.03713673,8.575320878,7.2375769389999975,11.12521411,9.452257348,8.447606115,7.068338011,5.531425389,6.29291329,8.751102793,6.148215037999999,7.820360544,4.983576857,5.395988377,7.143778747000001,8.807778597,4.44578936,6.9422162279999995,8.046113507000001,8.185623235,4.479437112,5.429372829,5.225641677,5.40635653,9.904297866,4.760438996,13.21365963,14.04399296,6.179690399,7.317390355,7.654732461,9.276246399,9.927301976,9.095603859,6.906418691,6.636219003,5.777721504,8.03905262,5.199403117,7.1911385060000015,9.110071831,5.713084212,4.755315989,8.192638067,7.307062595,8.916503766,10.500537699999999,5.277852091000001,9.670309726000001,6.59853266,6.865779507,8.763052978,6.212970972999999,5.726540881,6.4830062029999995,9.188995015,7.024908383,4.444937755,6.8087699829999995,6.912405784,13.03482453,7.6772387029999996,6.523648737,7.318174152999999,5.559040573,6.5103868060000005,5.146776313999999,8.453039052000001,7.927180521,10.63755358,8.27583208,5.928761242999999,8.298536544,5.708766175,8.224036112,9.299234846000001,5.93555323,6.379356809,6.066986377,7.307184427999999,6.945203962999999,6.199280129,5.363093172,7.007375679,6.605539922,9.118548002,7.505895602000001,5.893262593999999,5.17024385,5.630679413999999,9.398298573,7.3857299770000004,5.560797935,4.731213039,5.066541125,9.228349003,9.309733629,5.019317625,7.716850031,6.519214325,12.83227933,4.870987565,6.790473669,7.168289328999999,4.845528261,6.578078577,7.015386017000001,7.529372865,9.203012141,5.484610617,9.473441216,5.324563533,5.732609931,8.336984847,4.924556245,5.916140738999999,7.322960307000001,5.076560008,8.909155152,9.148088334,6.845693193,8.585230357999999,5.064816158999999,11.93149863,5.624558396,6.566565825,4.471495029,6.3211837110000015,8.073890824,4.828403741,5.788047626,9.157879863,7.1412064179999994,8.603444676,4.372123707,5.9176570889999995,8.094267894,10.06853187,5.318289878,7.783592089,6.623214377,5.072958995,6.9369175310000015,7.467304247,7.628553847,12.04691509,6.407246455,5.984853556,4.769200289,9.24079399,8.643519688,8.393519035,5.723229633,5.536520601,6.126867283999999,7.336186783,5.053818764,4.853436576,5.123748687,5.627458017,7.2356939160000024,5.439165781,4.887526853,6.009773751,7.596793203,14.02962029,5.838318323999999,5.863296922999999,6.301831883999999,6.731944745,5.17387308,4.835868541,6.183070763,6.08954038,5.93455281,5.4458257439999995,6.74320556,5.611829361,7.418318977999999,8.165669609,5.714627999,12.50580816,5.603057636,5.294750402,8.520960934,6.8092225410000005,4.950667775,6.002745362000001,4.484269885,6.237674939,5.0761826480000005,6.018643624,5.978812415,7.604349087,7.111170129,7.87325726,7.658372657999999,5.0209045969999995,4.17489039,8.439847839,7.421242446,5.354989235,7.375963262999999,6.190145287999999,11.26120273,10.7500283,8.795989335,7.997413855,5.619281189,6.487996552,9.515781328,5.43954116,5.452216445,6.154555443,5.224540115,5.395071102999999,6.787386457,7.975265396,7.413251548,6.7197630660000005,6.443936817999999,6.031281456,6.498953908,6.593576112,6.675671212,7.841119326,5.419690623999999,9.362507968,7.161481741,6.429778861,9.347164662,5.6808227229999995,6.6371404689999975,6.931560366,6.551670495,6.257415394,5.162116518,9.980327603,6.874553822999999,4.837028045,7.127014,6.4717973639999995,8.435752102,4.613670225,5.345079833,6.733900498,8.161269613,7.7485334639999985,8.492169164,7.309976377000001,6.342043971,5.103586048,4.91406744,4.652400275,11.32268758,4.812456313999999,8.670946212,7.169802344,6.265072977000001,4.6556931939999995,11.01649095,5.880747653999999,7.45823126,7.209433763,5.761698047,5.894761114,6.492072221,4.626298574,4.7687151960000005,7.484842939,5.83456608,6.90915846,5.057366238,6.690069414,8.280477355,6.32452735,8.600904819,10.62871395,9.094848205,7.233059582,9.621776987,11.02367792,6.349988569,4.797932459,6.528808996,5.386894357999999,6.662483094,6.001574205,8.714568658,6.356030538,7.433460137000001,6.5352050120000005,5.618376026,4.624338012,5.153025703,7.233646498,8.161926882000001,7.181744817,7.236297828,5.42748054,5.2267540619999995,6.482587499,4.819385476,6.534103375,6.6107444310000005,10.22120325,10.68831166,4.385573681,4.83398048,6.5008605610000005,7.0902443239999995,4.7568136889999995,4.080157915,7.65801647,7.982765316,5.776629647999999,4.419595289,5.049290114,7.001724227,6.991261278,5.513399188999999,6.277013854,6.747357121,4.9347583760000004,6.409848909,5.546247567999999,6.046290567000001,7.235040406,5.320747449,5.331262357,5.855207900000001,6.069988502999999,5.63318545,6.142360981,7.582832517999999,4.179136109,9.187360894,4.544650561,6.877137817,6.455489012,6.777285158,5.595771653,5.071100004,4.684647518999999,5.081060894,5.683690829,6.200430451,7.556824983999999,5.8800395420000005,11.32584034,5.6736500360000015,7.232424162,4.549951302,5.8264697010000015,4.4195598480000005,5.662846947,5.574215952,6.079310808,7.626620827999999,4.472888028,5.523273652,4.559197562,7.744768485,6.476417975,7.580464434,11.72005118,5.039351295,6.888086932999999,10.16318109,9.015902407999999,8.369266742999999,5.502208249,7.1180161779999995,4.270002957,4.754453235,4.8120005919999995,4.833651855,5.011228498,6.846926064,9.430013621,5.882321717000001,6.203535717,9.670787504,5.991879869,8.920904725,6.156220374,8.401487833,8.498269192,5.944929012999999,9.169280378,6.6023793410000025,5.481843021,7.051380282,5.04308136,7.082828115,6.5834618670000005,8.331862875,7.37458871,7.1469545010000015,6.183583425,4.690889258,8.01294946,8.281929478,5.095416717,4.50007232,5.671099661,5.90459141,6.3566702070000005,6.40454729,6.232235652000001,10.34111891,6.996944587000001,6.357638661,6.8146911160000005,8.420214054,11.21232426,5.038693776000001,8.520566079,6.3728554860000015,8.411834942999999,6.621232572,9.15270772,7.500624264,7.808656487,6.979945505,10.85421122,7.455185822000001,9.439064287999999,4.78873767,5.801973345,4.400920199,7.389273997999999,7.127506704,5.89929377,5.278060003,8.816160423,6.948438218,6.554532152999999,6.9585323510000014,5.030501297,11.67444482,5.226900951,5.8356833539999995,6.727651132999999,6.566038467,9.261484087000001,7.0150715429999995,4.845426455,6.136494839,5.557294203,8.663802056,5.4197096610000015,4.889084421000001,7.148251639,5.5077537439999995,5.832792535,6.235935143,9.456177027,10.01793514,6.336572469,8.07882122,7.961308886,7.445081355,7.9544903310000015,8.159837179,6.985993102,8.131133944,6.660265159,6.244805363999999,6.354548382000001,4.772672957,7.851425495,9.542031465,5.2194299719999995,6.237651082,4.947507002,8.806589153,8.059403468,6.42034102,5.795186974,4.338912288,5.415177987000001,6.782258268,9.116970081,4.966776539,7.044816497,4.986509661,9.053853596,5.895589396,5.991793907999999,6.042977658,4.481059073,6.623644989,5.514584585,5.43472652,5.2427079569999995,6.480078224,4.68838615,7.205595849,5.608079851,5.503405017,10.75443658,6.7134948539999995,4.571875889,6.1686804429999995,9.26683013,5.296298232,8.590900357999999,8.23949559,4.409564135,6.310945727999999,5.8850238820000005,5.683750087000001,5.565222979,4.628767346,4.965162523,6.207749691,4.945533675,6.598754351,7.8599599829999995,6.585936969,7.152433292,10.02104073,5.258338339,5.101417553,7.036263138,5.6321632410000015,5.435419232,5.7670152360000015,4.453184329,4.39048111,8.678369352999999,6.330902846,8.496664682999999,12.42436045,4.649332288,8.949945537,6.066196428,7.659033513,5.015230177,4.473461808,5.934610738,11.75389531,10.28287406,8.241815195,7.642977228999999,5.384706785,4.800696805,5.6934121289999995,7.146392682999999,9.27825604,7.391407282,7.8515819539999985,5.352170056,7.666940941,5.925187386,5.234207103,6.070877384,7.223431729,7.430760542000001,6.292402474,6.868660067,7.4539144020000005,6.755660764,5.650305792999999,5.784142472,8.173094669,8.350628922,9.110551561,9.700618301,8.152270137,10.34390032,9.039385084,8.721870337999999,7.722797944,7.8940285060000015,6.160600095,10.1354179,4.5927438789999995,8.397391916,6.359273815,4.599267258999999,8.852459352999999,6.464309338,11.46950154,4.410319843,6.557592333,5.867686394,6.317478799,6.191466613999999,8.264289672,8.565379549,7.477648855,4.45900713,8.209666198999999,4.39694642,8.025518111,5.0258323030000005,5.745312825,5.788978329,5.9256659,9.738111053999999,4.965269097,5.671604637000001,6.849007643999999,5.075390683,7.025691972000001,7.63823544,8.794794605,7.757427957000001,4.25756135,8.001998958,8.4673428,5.545366771,5.430048861,5.081945056,6.7635388270000005,6.607678074,8.530615762,4.75945937,8.960919192,7.357237483,5.734780957999999,6.390436782,7.730890692000001,6.6322624029999995,6.064386344,7.828095789,6.915756332000001,9.561036247999999,7.214998262000001,4.213195995,6.976694424,7.3445813829999995,5.497170497000001,5.263750407,8.618324756,5.344809791,5.206727955,8.801316992,8.018918845,7.218036427,8.070646434,9.309106153,5.688104196,5.378473604,9.970358535,9.133457669,5.615039756,4.419277211,5.152739858,5.172570169,5.226703387,7.454058527999999,7.997499737999999,8.844225514,7.031468384,6.815699045,6.77050034,10.55605107,7.393180911,4.80839369,6.285792185,7.479713844,4.602375996,11.84205461,6.137253969,9.600338706,7.588042084,9.116003033,7.550573327,8.002077486000001,9.280823095,5.988699774,5.285961267,6.4497729889999995,4.353819967,7.988503121,7.475606252,7.731964558,5.589297771,11.59139887,7.75559663,8.042798067,8.914109391,5.869647109,5.68186873,5.316514767,7.148199475,5.303254587,5.4856167760000005,6.399044879,7.81640383,7.304098346,7.279991017,6.705962726,5.593935815,4.82543522,5.175130687,5.6743351539999995,6.341053401,5.521433131,4.40135156,4.069840226,5.123659151,5.204267627,5.20970514,4.5908152069999995,5.617032772000001,7.337480802999999,5.8054454060000005,6.587648637000001,5.86296469,6.939654831,4.679658979,11.06966639,9.449557636,4.738270834,5.947991742999999,7.146481735,5.309210537,8.583365642999999,4.503651921,5.319668359,9.549887353999999,6.449545218,8.202031538,5.657760306,5.495874954,6.685027737,5.846460757000001,4.202334414,4.487399872,6.972912332000001,5.34434333,7.880836211,4.74110038,6.654581385,6.494159302000001,6.809439555,4.5645960169999995,5.434073385,9.99087645,8.493274187,5.550620285,6.986556462,6.337767303,7.243800221,5.8081631960000015,5.993970751,6.648063336,6.334177057000001,9.70534655,9.489948803999999,9.636475916,7.16746605,7.852614847999999,5.111675853,7.095071462999999,4.714591915,7.9991337520000005,7.18985853,6.204063493,7.0865880039999976,8.557742637999999,7.589957711,5.140520334,5.269688013000001,4.894119305,6.1846715360000015,9.594429017000001,9.906965092,4.819320929,5.6991621939999995,5.950962264,7.938442961,5.928869547000001,6.4666592760000015,11.01853087,5.143335378,7.861375568,6.698545633999999,5.337513133,7.008840137000001,4.590784438,5.942874463,5.843490137000001,5.227557904,5.414295813,5.247775798,8.968411338,11.36114321,5.656069402999999,4.268572173,4.737791057,9.919117421000001,8.519279739,7.774070921,6.6662155510000005,4.490582871,4.272440233999999,7.4005141939999985,7.003357882,6.984655589,4.90135603,4.7369939169999995,6.596541002,4.617412683,4.918217567,5.086070095,8.586066801,9.074621302999999,5.068056102,5.84177145,6.811170721,7.975317255,5.964880421,4.592302228,6.352354602,5.329032928999999,5.504747561,5.522474956,8.867113832000001,6.5907528110000015,6.507133235,6.800523484,5.740095977999999,7.406185446,5.093645396,6.192189162999999,8.915259625,6.5996284260000015,4.876355611,7.700291826,4.729282883,8.10374402,7.900862525,4.798501035,9.502881643,6.3558193439999995,10.15703222,5.173785501,6.023775204,5.607057919,11.81260082,5.963688445,10.15811681,12.28566716,8.039109652,6.540099796,7.459396882999999,5.855647481,10.9414198,9.400767898,4.873090383,7.955180536,7.154021544,8.530785527,9.205398519,6.654334092999999,10.61573847,6.223807817999999,4.984079877,8.658302907000001,8.845010398,5.729027632,10.39317211,5.677960556,8.266654991000001,5.333644673,6.3911105820000005,6.9803231729999995,4.787486341,6.209491732,7.024333399,4.297395205,8.223825741,4.8478685619999995,8.571677907,8.593653518,5.715301015,5.068825034,4.633442227,10.61966661,7.453457812999999,7.140656149,6.97093445,7.260208615,7.546753394,7.272213428,9.927361487999999,5.915485515,6.7759616110000005,7.504203353999999,8.20723043,5.925663064,9.430460295,7.150118544,5.622391264,5.873933438,5.40321451,7.3663816739999985,8.24385629,5.963630869,5.230764403999999,8.815169656,4.554113387,5.234507476,5.853578272000001,4.905725708,6.652484977,5.6131911279999995,6.188277808,9.156976214,7.3393757389999985,9.217475988,9.521987889,8.068837683,8.961029249,5.137709112,7.827721282000001,6.595240702000001,8.701643792999999,7.6206493029999995,5.102454096000001,5.0503787319999995,7.352468977000001,7.31970796,4.497392296,6.380310828,6.968521363,8.342265422999999,5.849118722,5.111583486000001,6.047354365,7.142549653,8.056061785,7.985226346,7.561413009,7.932026229,6.841105353,5.739648572,6.579444341,7.790669164,10.05402075,6.708194617999999,6.707666897,12.88259284,8.896337691,6.735430067999999,8.506715011,11.38016106,10.85026511,4.186892799,4.195903265,5.425789765,6.865439907000001,8.460337557999999,10.02361073,6.972882956,7.600602477000001,7.956536483,5.430982928,4.7224355330000005,6.928363347,8.317453059,9.06905508,5.582457467999999,10.01035868,4.641124507,9.073730449,5.4000748970000005,5.108163072,5.191104289,6.490859531,4.535067358,4.799468658,5.21565277,7.705228121,8.008287232999999,4.631161186,9.352892368,6.767848834,6.751112943,9.467770991,6.6638833360000005,9.887227118,7.363871649,7.921348718,5.673398584,6.030125415,5.083153067,4.752281541,6.710226847,7.77326678,6.7878233020000005,4.937375753,7.959933958,7.2330774920000005,5.349483276,8.15944446,7.091445208,7.465665962,5.987053347000001,5.531227146,4.2803389,5.359874728,10.17560536,6.996796101,5.140682067,11.67054024,5.192275205,10.67891964,5.755719002,6.03052479,5.841208961,5.515385834,4.937422083,4.557994358,5.7312843739999995,5.351612752,4.823666762,5.26137527,6.09215335,4.814450005,6.934794887000001,5.302211618,7.262720718,12.18502645,5.57421987,4.757414936,5.674151859,6.046091121,4.945843374,6.954759475,9.42195583,6.801302777,5.905508697,10.20299823,5.71461562,4.927400405,4.247782337,5.611887126,4.993266098,7.940609151,7.586354696,5.302187857,7.720296323999999,5.9629088889999995,7.055667947000001,5.73662554,5.823461484,4.508680524,7.6951148510000005,8.669527214,10.2959632,5.044319557,4.721300907,7.213716954,5.179530234,11.03814307,5.883863419,8.87248415,6.495107656,6.195447511,5.738216027000001,8.310776005,8.599328468,6.200535062999999,6.258201307,6.950618443,5.741130724,7.76896529,5.717839239,4.5890915130000005,4.980905508999999,5.388798692000001,6.997118209,8.57921821,6.177082048,5.8620252729999995,5.873503082999999,5.24034217,7.008972907,6.192498165,4.577677017,4.252943801,4.1138991030000005,6.8320880000000015,8.703577382,4.874037112,6.760239058,6.533225848,5.6932358039999995,6.253744844,7.03706323,10.25983853,4.882737654,10.62084132,4.9517642969999995,6.021071915,4.826649762,11.28103155,4.41299449,7.685116308,5.15850098,5.825605362,5.430279998,8.698009196000001,5.75298744,8.242090961,7.972641287999999,4.470670375,5.340622309,8.590171955,7.133089469,7.318046402999999,4.488409834,6.785787826,5.779555611,9.195815831,7.154597721,8.098717158,6.654294362000001,7.495057774,4.80063513,8.972442735,5.260232998,5.310305444,7.364486787000001,8.395928992,5.067530411,9.175536486,10.90544646,7.083427358,6.667242398,4.905443562,11.11049275,4.652071871,9.124758647,4.71347533,6.194040526,5.243137512,5.031570643999999,4.876542082,6.322978377,8.373949073,11.59104828,6.632254382999999,4.884810507,8.023811734,8.207719212999999,5.792850527000001,4.455685926,8.112423698999999,7.711585931,8.931185117,6.373120472,5.2871060739999995,6.213943133,7.759552346,6.98281629,6.706640724,4.683255309,5.128560772,5.078741088,5.6765125339999996,6.509895185,7.126634075,7.837170634,6.927865216,5.221287127,6.960422137999999,7.612230017999999,5.543466821,5.626577758,8.871929026,4.795344986,6.6465029929999995,4.87434213,8.977907373999999,5.323429774,4.813148579,4.838174853,5.716323963,5.787499285,9.465791579,5.750666549,5.476872079,5.713769494,4.514437268,9.535887726,8.501953054,5.822959902000001,6.381529966,5.6072266420000005,6.789601998999999,5.8235111129999995,6.97422336,4.503711287,9.835429015,6.5616020760000024,7.832889845,4.2332485160000015,5.119632889,8.332854437,5.237814602,8.596736191,10.32646464,6.1380533370000006,10.38611246,7.532449217000001,4.957474314,6.559659318,6.601814528999999,4.279522167,4.848721739,7.304982884,5.038858142,5.335553956,5.093190122,5.042560684,5.608959337999999,6.2502972560000005,5.8382605629999995,6.859424926,6.074844286,4.534396895,6.357432686,7.664864323,4.73496446,7.191280326,5.661895839,5.558178476,5.545522365,4.667801517,8.02056185,9.145895032,5.371838755,5.081590361,5.126803048,7.157576884,7.009551339,11.14001777,7.892393179,4.140638471,5.440010028,8.157671673,5.308428534,4.311006707,4.727372046,6.716577111,5.160912776,4.27679354,7.928609363,6.1627449,10.81221292,6.486687099,6.068056843,6.254765592999999,5.94569125,7.258381999,6.70292213,5.477756756000002,5.499413515,5.649588,7.249431183,6.63796155,4.892994463,6.221081785,4.965516401,7.6045200920000005,4.718475051,8.339432943,7.1871287420000005,10.36844015,4.663687144,4.407191302,7.056908046,5.5073538960000015,6.031460017000001,4.805583382,10.05797048,6.9008613510000005,10.05910821,7.574598677999999,4.815793153,5.301472562,6.68201473,7.692046697,6.752206158,8.972293605,6.3126495039999995,6.349942712000001,6.0750923839999995,6.966118117000001,7.415323586,7.024747071,4.285155968,6.760142758,4.821927641,4.785199312,5.8342189410000005,7.364182135,5.253810328,4.396997726,7.296336416,5.976381085,5.495276401,6.054973671,5.290796108,5.08693913,7.603922464,4.3784606539999995,5.051759766,4.831896789,9.692998307,6.768773907000001,9.508883331,4.521718374,7.347211202,5.326506708,10.01020368,6.823421727,6.231044279,4.859600391,7.628803549,4.947387968999999,11.45027121,9.148471215,5.971752385,6.5824630410000005,9.648083657,9.861365311,7.693188782999999,6.530833951,7.711625109,5.714374072999999,10.71827971,5.712912604,6.111353546,6.540014322999999,8.098792661000001,8.498264133,5.838782386,8.104023067,9.342506803,10.22074953,4.512715407,5.175920681,5.500514335,4.807062952,8.399995563,4.811367662,9.834121631,8.325662407000001,5.604840514,5.278295156,5.483234293,5.675970883,4.332405501,5.860878832999999,7.844459756,9.000816807,7.049829536,4.990829651,5.809024854,11.48355736,12.35401926,6.222020729,5.078889428,6.2321421070000005,5.304596125,4.2921990889999995,8.024736401,7.169402265,10.38474224,8.514897955,6.287830682,7.741506375,7.109640095,5.437212227000001,4.8253376789999995,4.851641613,5.216800692,6.5891304129999995,6.864094562000001,6.041782744,5.882052375,5.812045366,5.5527202739999995,6.650373871,7.470223797,7.608076466,5.700181477999999,4.3990275919999995,7.936355835,4.275451973,5.165213631,5.688491459,5.681661752999999,6.385702035,6.531408421,5.512922275,8.954396877,4.941941474,5.365509239,5.909331356,4.817531218,6.858964384,4.801862073,10.42399767,9.842162624,5.627400777,5.577043447,5.312259499,5.564459314,7.470536748,8.420973423,4.43900202,4.515231899,7.1403222379999995,8.589988553,5.4375686089999995,6.372567413,8.634132506,7.601223363,4.773986976000001,5.6178517060000015,7.120718373,6.149979276,9.955179196,8.53805366,4.609920273,10.08646783,5.193069979,4.588730792,5.147286684,6.198822389,8.675167529,5.17229103,6.873159516,7.813429687,6.857944292000001,4.848598602,6.315250355,5.125391497,7.631319069,5.36570816,7.222083948,4.928690587,10.82668645,9.820610176,5.219223686,7.29752634,5.155191542,5.101041498,11.38191037,6.235892699,6.496898165,10.19181263,9.382263402000001,6.32172572,6.082549617000001,7.438267907999999,5.015892739,7.284459742999999,8.892904042,4.211289064,7.633417944,6.342581778,7.654326202000001,6.689176201,5.84468593,6.578128714,8.271265306,6.212092875,8.421615601000001,6.704475612,5.860053937000001,6.561846787,4.972138313,8.604386265,5.844510093999999,9.009004666000001,5.178707986,5.973607071,4.975535109,5.199770684,5.023458651,4.834247421000001,4.891177633,5.211937287,6.517828827000001,5.26293959,5.031573542,5.610948098,5.868620394,7.252327216,7.403621621,7.238603104,6.461756502,5.810767909,12.35276978,5.541408504,6.3151550489999995,7.880332049,5.539360137,4.202739674,7.490742278,5.418804495,8.900451896,5.191263496,5.176126593999999,4.440214975,7.426499954,5.835226627000001,6.596074354,7.158037525,5.784657009,5.59810468,12.76021273,6.804429207,4.2592464460000015,12.39878294,7.585810342,5.7252742539999995,4.470577629,5.652147126,6.197222312999999,8.647697435,6.0737942,4.9110382260000005,4.5980900689999995,7.671799339,5.687957872,7.7308845370000006,6.74978863,8.006336713,6.149099541,7.359855382999999,5.455484014,4.87814304,5.938572289,5.743834044,4.834769106,4.557775423,4.680579175,9.466082992,8.209556335,10.00564449,6.370786819,5.830102612,5.653628932,6.847887657999999,7.697493763,4.881147619,5.837840278,5.576284575,5.868408596,4.826802302,7.933755199,13.05510314,4.278280672,5.369699128,7.0904988410000005,4.275852642,8.029749146,9.35610749,10.079569699999999,11.45646043,7.271362661,7.370130876,8.277469422000001,7.266049093999999,5.32130751,6.056291794,7.24792798,4.923133366,6.628814042,6.1657842610000015,9.629544141,7.086143927,5.010085012,5.586225555,4.88632824,5.709199571,4.422834368999999,5.795759549,8.213208682000001,8.294670227000001,5.571625386,5.6521837029999995,8.916332622999999,10.35584199,11.125259300000002,6.390296383,5.8114102370000005,5.88460234,7.238646072000001,9.465921572000001,7.34722503,7.668714232,7.128726914,5.0640574019999995,7.688814953,5.277136076000001,4.619413641,5.621694767,5.307178223,5.1404617969999995,6.576974882000001,8.565427297000001,5.256683442,4.0826850630000004,5.38090456,4.438996714,4.5969684719999995,6.405913684,4.939438255,4.979449106000001,4.535800171,6.843735307999999,5.441062313,8.308413974,5.8186167860000015,7.518170329,5.968909244,6.169793219,5.855428193,9.499262603,6.863795426,4.631623964,8.131341217000001,4.543148683,6.600211423999999,7.940435898,5.775556532,7.683529092000001,8.394134635,7.927514029,8.179972781,8.252602484,4.949076819,5.381786311,4.4054862,8.404972416,10.65424759,6.032857118,7.793597411,7.096681707,7.198454586,5.9265166979999995,4.858502952,6.7988088289999995,4.853091723,5.055310307,6.2023289429999995,6.6449502910000025,6.143696992000001,5.746118878,5.697682746,4.9143639839999995,7.6743544739999985,4.683900817,7.151313805,6.4285475660000015,8.57354933,5.305415473,7.666779149,7.645395255,5.3293203060000005,5.050000743,10.0070238,5.811253557000001,5.39905649,8.469443028999999,4.323826736,6.168958797999999,7.99515265,5.788081802000001,6.086926442999999,7.315467331,8.766183448,6.374714177,7.38735023,4.987772403,4.245595263,5.054827811,4.759431271,9.782397203,5.314878556,6.257479752999999,5.98644646,5.024519273,8.211301548,7.37038097,5.5842546220000004,5.477215084,4.983673433,5.625431721,9.191475785,6.973511866,9.320379373,6.185119498,6.4070175260000015,7.736794887,5.521666217000001,6.14265812,4.912750681,12.87599743,6.124280385,4.3657508310000015,6.954423695,5.335084075,7.160117249,6.743471832999999,7.623071702000001,4.766359205,9.315124804,5.866954666,10.04481733,4.403326458,5.521424777000001,5.165366562,4.955054217,5.010975727,6.7798810739999995,6.3923917260000005,7.658391802000001,11.538755,5.803622219,6.773826484,5.697444031,4.928899152,7.419501222999999,5.41863183,5.944988717999999,5.65174313,7.762742458,6.149573837999999,5.124597249,4.584760145,4.911744961,8.433100021,5.4188866639999995,5.110328629,6.018308311,4.816406419,4.847874492,5.088904298,6.565916818,8.41548011,8.456004228,4.842011724,6.944010124,6.234963235,8.604137573,7.524863048999999,6.283564048,6.284855061,6.3581648479999995,5.207788876,6.325751341,5.8544084629999995,5.081878951,8.99295251,6.2536003220000005,4.344864329,7.730312822999999,7.352574122,4.532647492,6.156972885,7.543682578999999,7.789972931,10.66208289,4.8523660710000005,4.712408478,7.584432427,7.995651153,7.345436302,4.796851636,7.928450939,5.677195959,6.802804748,5.724543411,6.084690129,4.984439514,6.9800262910000015,6.7102230579999995,5.6365190620000005,7.8651558060000015,8.085540952999999,6.025241049,9.798498666,6.34890528,4.870817016,7.362216011,7.7347171,7.518898106,4.642666965,8.067501349,4.330973335,8.98540391,5.891958058999999,7.702395049,7.033504656,7.200616274,4.2692458910000015,6.5417837410000015,7.2424325970000005,6.5839342510000005,4.667454029,4.1742223869999995,5.999786114,9.552568522,5.069357025,6.460936165,7.784144078,5.64260659,6.0284018060000015,7.771164757,5.281442949,5.622487099,6.4775839170000005,5.42652021,8.65060331,10.31984221,7.518429717999999,4.192223376,5.405079023,7.886115697,5.9155244960000015,9.597075588,6.797433361,4.571960206,5.376108602,6.343462242999999,5.169848198,4.585138801,5.954461692000001,4.468619562,7.039031886,5.059485491,5.306888557,6.530313437999999,8.970179099,8.40128126,6.941573633,7.18563397,4.6662562439999995,5.307407773,6.922085605,5.539523419,5.678584312000001,9.190532314,4.923942923999999,6.28655911,8.360531457999999,5.49817788,7.601112818,4.633401208,8.180211106,8.242063225,7.559007382000001,10.02631712,4.8239853319999995,11.33634973,4.450757277,7.184730603999999,6.99373388,4.679198101,4.501435431,10.53835797,7.265492068999999,6.593941015,6.3313409279999995,7.22608955,4.936646214,7.0047182810000015,8.882186738,7.8934109810000015,8.017301045,5.141659801,5.897616827,7.913486685,8.190354427,4.488443072,5.205242128,5.396280399,5.287651477,4.836460961,5.648314506,6.8968971660000005,4.607267712,8.00079713,4.779591492,4.904712153999999,7.964692886,8.161402246,6.595518124,5.565924232,7.757681132,7.152648869,4.800244351,7.59824377,8.04463157,7.329484575,7.4236680339999985,4.683754223999999,4.718589892,8.452718091,7.644813721,5.936192514,8.701875255,9.283387527999999,4.930191703999999,8.714245834,5.329192239,5.070290544,7.395709844,6.641953689,6.782357779,6.449977256,4.806631843,5.131607726,6.57473457,5.112893315,9.337176964,4.38490655,5.092693882,10.36079501,7.117967899,7.3488042,7.635913648,5.795569479,8.193731534,4.147231913,8.469623848,7.0229672039999995,5.1389728880000005,6.0147054760000005,4.951420359,6.2675931579999995,5.696047502000001,6.020162685,5.699590762000001,6.529281532000001,5.895880644,6.522037856,4.4427456780000005,8.34563347,5.116780556,7.401170549,4.336038745,7.174277035,8.896475251,8.005752569,7.893253425,8.954704223,5.6775230310000016,7.656457487000001,4.492467714,8.237502476,6.134863289,9.728680949,11.48644165,6.134233313999999,7.3621297110000015,5.410768462,7.617290661,4.302193157,8.693381453999999,6.074549635,8.198138703,6.799051812,7.734161665,4.832197468,6.32543462,6.005859244,4.398422353,6.133934603999999,5.240999013,5.033590611,5.690621095,13.21519503,6.636512139,6.474432928,10.16680595,7.810163524,6.143929368999999,8.299873426,8.040707043,8.255200519,9.353140243,8.927150166,7.058539013,7.047682204,5.205493788,5.5682692660000015,6.460864554,8.264836079,4.288779562,6.107659462000001,11.48764651,5.390830547999999,8.408040405,5.832637895,5.540725651,5.240529895,6.874343634,6.322936014,9.420483377,9.485606133,7.841871135,7.297705203,6.50380241,4.28136699,5.430531403,7.6011847470000005,8.448449787000001,5.553807837000001,4.486248524,6.587320581,5.575636821,7.285205811,7.465486012,5.211896324,6.242011682,6.35443021,6.1289234839999995,5.491547862999999,7.342542777999999,6.371680875,5.966730962000001,4.770058592,7.152138937999999,5.422649312000001,5.1757379839999995,4.19535706,4.804373988,8.571980762,6.621381307999999,8.517078198,5.910716633,7.6113028310000015,5.7223830389999994,7.893967779,5.995898897000001,7.084932134,5.810774747999999,5.218355911000001,6.3601408410000015,7.75778555,5.932526967,8.719652252000001,4.450349227,6.209337256,4.416661284,5.71741423,7.640525692000001,11.69144448,4.741305551,8.506718457,11.84503583,6.8393669379999995,6.219102542999999,7.119473361,7.035659764,7.004844301,6.078677806,6.698111063,8.330097076,6.3266592379999995,5.847321872,8.920093853,6.497406655,5.784921174,5.325248325,7.015486192999999,4.600195398,7.752756064,12.30377488,5.2564592910000005,6.688457372999999,5.898365605,7.893858312000001,6.299768877999999,6.900171877000001,5.690494581,8.833992531,5.007070488,6.092589244,7.319127707000001,5.694647454,6.715125147999999,6.865285199,4.825225678,8.133291946,7.2264088179999995,5.653849927,5.1934420160000005,5.24112367,5.191392,6.6625348970000005,4.668452234,5.499004612,6.864835848999999,6.703293658,6.575767615,10.16497967,5.435517582,4.736889706,5.692774534,6.650815691,6.2689737,8.366943793999999,6.842782091,6.093950456,7.326577202999999,7.587387647000001,6.035303884,7.03743974,8.233534762,4.929969021000001,5.815729784,8.089148518,9.083728987999999,4.1138491460000015,5.7627681289999995,5.247282166000001,6.063512652000001,6.458983722999999,6.756001165,4.536724746,9.571385101,5.752374457,5.9589224839999995,8.205160591,6.382084084,7.197837034,6.308477826,8.78656277,8.136140703999999,7.22704546,8.615329722,6.005084779,7.428361207999999,7.213394619,8.087155274,5.900203457999999,7.799691507,11.66666354,7.365168177999999,4.76936833,10.15358217,7.063338077999999,8.081797212,6.906332065,7.047562135,6.28002381,5.147766644,5.484111381,5.65396883,7.745063036,7.342799648,5.9723376770000005,6.885963843,4.665853313,5.0109085669999995,10.10485917,5.1298824739999995,8.904445849,5.3188425960000005,4.404855803999999,11.18103516,5.217128536000001,10.32676981,5.348217072,6.59021405,6.230802075,9.633212854,5.721713144,8.091207426,9.10953854,6.460757822000001,7.289850922,7.453560112999999,7.5038059729999995,6.776102196,6.019892845,6.162266186,4.4890272000000015,6.926629985,6.03029751,9.142829082,5.43258978,9.602174247,7.69847601,7.965507016,7.159339827999999,5.993937186,8.089516925,8.627100402,7.4233527289999985,8.09860849,8.707538287,5.363525321,7.752427467,5.02621269,6.257825344,8.035348707,9.513199108,8.186701669,4.433710243999999,5.620776547999999,8.316650183,7.77303898,5.463007336,7.344189419,7.926615512000001,10.0754038,7.283537442999999,5.470395902000001,6.032278985,5.888442341,8.004729328,8.392281495,8.593489672999999,8.216847739,6.05579883,7.595710866,6.064408504,10.5772583,6.687164787,6.8219786870000005,8.126296349,6.075140721,7.469309053,5.49352102,4.221410695,9.994911404,6.779465184,6.5305765,7.575736846,5.296437269,6.793282972,5.41690303,6.429978221,7.18274498,5.4500639920000005,5.7773296610000004,5.235925451,6.463125558,8.044009997,9.750831665,3.813668525,5.327194585,5.677607148,5.80295889,7.957001859,4.774286378999999,5.4176195310000015,4.3989192919999995,7.778565703,5.285286816,5.115507438,6.724929241,8.940066879,4.688644738,7.499636897999999,8.209415577,9.721185902,7.346088615,4.963900962,4.729272601,8.753383232000001,9.064467547000001,8.672297665,10.43141862,9.787400051,6.312865771,4.531141262,4.817968844,6.839937736,7.513470055,5.60518454,7.866808363,7.409916731,7.886421745,8.955224539,5.76346925,6.355621263,5.003200316,7.2236140120000005,4.782486976,6.2495644860000015,4.8486409010000004,4.774844794,6.9150158489999995,6.2033253560000015,6.402384574,5.501861623,7.437465426,8.759435643,6.04335492,5.746477499,5.499408868,5.799347125,10.31266984,9.13979267,8.18821052,8.436744212,6.83506759,6.9717947239999996,7.560502358,5.99506491,6.847714548,7.083516286,5.459077159,4.729058641,5.939721603,7.215446384,6.584527552999999,4.356994459,5.7626992910000014,6.935082446,5.181558036,8.310216543,5.508183667999999,5.8691007520000005,5.003966134,7.363536346,5.343355765,4.658136302,5.161605051,5.595191802,7.9473019,5.265506307,4.601905567,8.190828783999999,4.877626537,8.875576397,10.52609055,5.184767863,6.907940505,11.64608635,6.561937403,6.152277638999999,4.85318027,5.124996586,6.295701276,6.841436067999999,4.628303282,8.490143993,7.136495048,7.41859968,7.461105762000001,5.652620422999999,5.787895391,5.26722979,5.933354487999999,5.2419101139999995,7.063351535,6.364804797000001,6.314391317,11.77763182,4.96730631,4.657118700000002,7.654941459,5.5976801960000016,5.163443879,7.092090568,6.501921224,8.762242937,6.040906531,6.148298317,5.022076135,6.486405897000001,4.837954374,4.747680992,5.94576049,8.723648962,5.362681499,7.245327728999999,4.896304487,4.8379760460000005,5.673755063,4.8143722780000004,6.3137430660000025,5.4014908870000005,4.671976857,7.445772688,5.562936702999999,6.4548756360000015,11.97958911,5.125806347,8.791130653,6.9454689929999995,10.41241936,4.567506245,5.979013052999999,7.627129196,5.661762837,4.091060499,7.650081809,4.403617362,7.259935033,5.658276663,5.95378337,5.486300489,11.7157117,9.660190077000001,8.26458148,4.814227064,5.066078824,4.695779097,7.621553221,7.332826594,5.244256871,5.808171912000001,5.472628328,5.55935224,7.065792626,7.277646752000001,7.910727972999999,7.799284366,5.868750981,4.533591041,4.972952801,7.1970055529999994,10.98580626,4.858129371,10.85395359,6.062675536,8.663069079,9.584510104,4.902074686000001,4.456365186,5.814802365,10.8241601,6.876624085,7.188207679,9.382954968,6.612529229,10.06041324,8.736623981000001,7.081773909,4.615108329,5.995807523,5.883411578,5.381985082999999,6.474756826,7.677903896,7.665033519,8.065169476,4.759017781,6.095671727,7.656070817000001,7.493033617,6.335237327000001,4.545925874,5.686782148,8.643203192,4.9845795310000005,6.811395724,6.5397068439999995,7.226026192000001,6.220683206,7.851845742,7.052497671,4.484326248,7.3682477870000005,6.187343987999999,6.309843666,7.58426668,4.861834428,8.492099995,6.088702645,7.388763235,6.084548912000001,6.123415672,9.372983955,5.43351962,8.123205061,11.02594967,11.39404578,5.6874612010000005,8.41435956,4.620039026000001,10.23183988,5.479793428,6.997814099,5.779665499,5.7198054339999995,5.98121755,7.7109069020000005,11.26316763,6.413175829,5.64978486,4.620610299,7.52267597,9.490254764,7.936595588999999,6.521325813,6.568856212000001,4.978258853,7.895731396,5.5931899210000005,7.174714974,5.7967458610000016,6.665669554,6.195678035,8.857582969,10.42372451,6.191813123999999,4.890693303,4.0
10,11.50149206,6.442371492,10.06803335,6.963142909,6.355185272000001,4.505605357,8.708670106,5.215859324,4.516068508,6.00094258,4.570771944,10.72197403,5.686403123,11.15289902,6.80146911,7.280425217,9.264126575,6.315970509,4.7461321960000005,8.968372459,4.4031022580000005,7.055727082000001,8.201784479,8.276174758,6.6878140010000005,5.099945352,6.4025454029999995,6.8619766910000015,5.327775238,5.086924109,9.169905676,6.332520677000001,7.255834097,5.15407988,7.7251166960000015,7.1945858560000016,6.3680700660000005,4.852083966,6.030109086,5.0859527060000005,9.090945526,6.182953304,6.46408533,7.3724780339999985,7.443572777999999,7.562455722,5.632205614,9.458288917,6.107286892,7.180064599,4.70077951,6.180118491,6.342723522000001,9.207647722,4.3220868260000005,5.5820590060000015,4.638904575,9.564482411,4.479225634,5.486773769,6.080817861,5.36516649,8.492506169,6.912919058,6.338581211,8.250269444,6.463140937,7.087047044,7.3940686960000015,7.831392153999999,6.335388312999999,13.5181696,8.005862952000001,4.417853148,6.8746792889999995,4.738113684,5.035287448,6.635549515,4.650025679,6.81094212,7.3732038310000005,6.413856415,8.638084422,9.042507137000001,5.273553656,5.664064442999999,7.488676497999999,4.9273997419999995,5.407971438,8.560319865,5.330746971,6.998517367000001,5.24807257,8.531623349,7.795500189,6.114101886,10.23013373,4.389235505,4.317163208,7.0484042879999995,5.454337732000001,6.0064216020000005,6.4053457210000015,8.564987106,7.452004938,9.153700446,9.57436994,4.767665404,5.0284764000000015,7.1580560470000005,4.9751590939999994,5.126707822,4.796996409,6.735165042999999,5.935333825,9.052949647,4.32670593,5.290257243,5.880046843,6.875871997000001,10.854647199999999,8.629766072,5.741546848,8.742215148,7.780149285,5.2821427739999995,4.973961296000001,5.456137135,4.676784881000001,7.379573947999999,5.443773075,10.96838826,6.546830569,6.58209914,5.835749924,8.040748607000001,6.532607877,4.731770722,6.287236872,5.3135597510000006,4.372232695,4.589372707,9.914731286,9.148258279,5.644284422999999,6.348863904,4.936908325,6.065469641,10.26790921,4.728262443,6.9791131360000005,4.731528248,7.200273342999999,5.525224796,8.73827955,6.63257591,5.736863747999999,6.193571929,7.708140667,5.346744183999999,9.101556646,4.770013274,6.886826602,6.292550022,6.777024409,4.7640755619999995,8.893178767,6.802069413,8.907980371,4.965191657,4.35156473,5.958083646,7.25387529,9.170295199,8.207702661,8.34902625,8.033019292999999,9.792479002,7.6076755060000005,4.580852244,5.576925352999999,4.432778325,5.21360975,4.557041882,4.396621081,9.955099639,9.25701749,7.689693802000001,7.15825626,6.037861945,5.155064684,6.463150015,7.0963414160000005,7.4351252510000005,6.205401942000001,6.486973405,7.81797012,8.750490682,6.242774596,5.575816372999999,8.151872376,8.859764105,7.5742523760000005,9.452456485,6.214428539,6.935434267000001,5.637472746,8.262827551,4.736596797,5.449053957,5.088603815,9.873359407,5.9408638210000015,5.816516943,6.2151221670000005,9.254887091,6.333001498,5.873113525,6.279914262,5.8423294110000015,7.321422592999999,8.551113701,6.497064924,6.941721338,4.502733147,11.15365941,5.6392328,7.131342328,5.480434799999999,5.870379436,6.156483795,10.03350703,5.0859636969999995,5.353907635,11.35395009,5.3847811839999995,6.161352357999999,4.850398866,5.281831766,7.98134041,5.848019184,4.254925335,8.836448303,7.383963457,5.531576804,6.8135084610000005,5.430313792000001,4.652612597,6.2297097820000005,4.926018202,5.735378008,4.925996222,6.71879443,4.73094431,9.879670747,7.67250849,10.36222301,5.799352482000001,6.3073298829999995,9.14176897,5.646238632,6.867631255,5.066943491,5.269260018,4.656442299999998,7.515971531,5.3691125689999994,6.873610404,6.212164821,6.918278269,7.1180385510000015,4.668945893,7.053280387999999,6.95825291,7.809522096,6.511460258,8.429819001,7.0283960999999975,4.482832818,8.180887468,11.56632956,8.401735942,8.617592396000001,7.52255705,4.381808875,7.4321755629999995,5.779905319,4.91761119,5.50538799,5.851914086,6.664978773,6.666931131,9.28747002,10.63615461,4.965512438999999,7.38189164,6.971159806,5.0145074119999995,6.285051645,8.891757899,5.930476106,5.6066843429999995,9.721787048,5.862713192,7.796469302999999,6.919588462999999,7.455708127,4.7159481219999995,6.921718477000001,4.920637311,4.43064762,5.77188515,6.41641135,6.7577459410000005,4.677197275,7.604141019,7.015955397000001,9.768861845,6.822428426,7.3812923779999995,6.175912899,5.272539419,5.972877177999999,4.628634701,7.85747222,4.677607076,6.731795485,10.385073,8.393103538,5.046282286,6.899490806,5.764388783999999,4.830382449,6.131059483,11.62638356,6.986157612,6.201104777,7.840455771,8.595916075,8.1596453,4.320360882,7.539984349,7.735142194,5.405552861,6.64350281,7.077242565,4.702353014,7.499452923,5.5716171160000005,8.167678421,5.09188012,6.280016149,4.673708582,6.040137232999999,7.7412463670000005,7.398333918,8.760252202,5.736360539,7.722674279,8.952642838,5.054043426000001,10.27555551,8.508830226,4.594475587,4.959274703999999,5.419809435,8.130212756,5.424384506,8.207199825,5.159400717,6.0044885279999995,4.9844395630000005,6.602749149,5.725360734,5.392266001,9.639912936,8.518327482,6.034278314,8.479845527,8.505095942,7.3506679,5.654903653,6.3100328889999995,4.517108428999999,4.862970081,8.765548638,6.239062075,7.874146979,5.206580257,7.698496987,5.923440667,6.262111708,8.554487137999999,8.978221469,6.516017941,6.992607146,8.038289322999999,6.511164832,6.820190116,6.199315937000001,5.264528017,9.226419169,6.873461868,5.724435119,6.196317231,6.1732865110000015,4.685959639,6.89612314,5.5803443470000005,8.029406892999999,10.82099309,4.26431945,7.753742904,4.842169406,5.886866531,5.529670061,6.314380907,5.518627996,5.337513745,8.730809927000001,6.606106575,4.66008699,5.664551311,10.439303500000001,6.021911433,7.941893792,6.420154256,5.092464181,8.090246118,5.415750967,10.39802045,7.6181913,4.316782454,5.7515813179999995,11.63373314,8.098534772,6.424526056,7.0022076160000015,6.2180518739999995,8.946694328,5.549040442000001,4.785903966,6.468842968,5.647339016,8.773264314,6.089321832,5.1168363889999995,7.991553841,7.494752684,5.121722231000001,4.81519485,6.52027907,5.118722662,5.994238788,4.630387717,4.911844295,7.759447618999999,6.876955646,4.917988200000001,7.200370982999999,8.15957021,7.996568055,5.034626225,8.847838932,6.4970241060000005,5.37073751,6.402874167999999,5.052630738,7.390427669,5.598747313,8.114011657,5.511852782,4.897979253,5.507905119,4.536293378,4.875413443,4.290743096,6.461321272999999,6.715975808,7.2153369760000015,5.755598452999999,7.47280029,11.02730793,5.443701507999999,4.6127299289999995,6.861131134,7.583613467999999,4.652456265,6.9293406210000015,4.732947578,6.958004777,8.29403347,4.90748459,7.481996745,9.091452775,8.204906614,5.741285284,8.802906869,6.428653317,8.368052882999999,8.492165179,5.248801922,5.863990518,5.639136412,5.862467633,4.882989067,7.114008457000001,8.082603092000001,4.690814377,7.285857315,7.320758047000001,5.4627725929999995,5.00460421,6.180513027999999,6.954288654,6.06538784,8.113059577000001,7.730653266,7.4893468410000015,5.74437226,5.208793355,7.245645597,9.412565927000001,6.130252785,6.471244032,8.316313206,5.687845633999999,6.9516435770000005,6.159203784,5.51544592,5.319563626,8.432106688,7.07083247,7.640022632999999,6.784477229,6.128621085,6.728392949,8.112246432000001,5.449545027,6.7326107639999995,4.926277385,7.443092495,7.377849677,8.045419546,5.769309223,9.266944661,6.4884140860000015,5.212826134,6.035814003,7.7146268870000005,7.195582722,6.680828914,8.43331268,6.8359341910000015,6.872657203999999,6.185372178,6.020043544,7.048924332,6.439546226,8.900956033,6.317324022999999,10.20504472,5.381582572999999,5.393992398,5.566302514,10.06964081,7.507132493999999,6.301476125,6.616266115,4.572022598,7.782885019,6.138979802000001,5.85502014,5.240553382,5.706342867999999,7.973275611,9.259936745,9.216038679,6.867657446,8.311252084,6.868651367000001,7.3593069710000005,7.3534335870000005,6.916516764,7.78015881,5.786803711,7.798265936,8.533321373,9.021019512,8.617996527999999,6.5855388989999994,4.661497348,4.601253648999999,5.132001679,7.545107729,9.352492796,7.670480082999999,6.036228106,6.857401229,6.393015501,7.4082506760000015,9.379424159,12.32992484,4.823402232,12.81585995,4.925324033,5.7320245089999995,5.561082711,4.526467321,6.296002155,8.241074441,4.423739797,4.341388545,6.784552929,9.769910333,7.593538708,7.525699899,8.787406464,8.983043647999999,5.6552837270000005,5.775140801,7.03544428,6.814657762,7.953558554,6.071206987,7.544465934,6.108396282999999,4.477864555,6.101232988,5.757462478,5.6018965010000015,8.145411332,7.8692976660000005,5.454809909,6.5911395729999995,5.542561347,4.607433326000001,4.697766051,5.043430254,4.36194964,4.786052767,4.716666741,4.810935013,4.916650177,8.926447154,8.624608300000002,5.061354205,6.11046741,5.687936016,4.832727126,4.7068470719999995,5.574318664,7.518359977999999,6.902908213,9.783735115,5.363832816,5.97688963,5.141545503,4.705465579,5.267913254,6.723613137999999,6.564454745,4.962264526,7.937933528999999,5.494424146,9.441531392,5.171516071,6.368912965,4.768977945,4.592269858,5.377686762000001,4.728898031,6.766877631,5.039417578,7.680947374,9.382871158,4.364108596,4.985862256,6.101112595,6.211260066,7.443231093,5.407194324,8.624577894,6.858240706,10.13089679,7.502348725,8.343720004,8.96259621,8.097994906,8.44714149,6.617412926,7.892730356,6.7924410810000015,7.215989645,5.965638642,4.562670778999999,6.515265858999999,7.490217031,4.890064016,5.50307157,5.418014192,5.9805856,4.739157045,5.11431957,7.890329705,8.855776118,7.694793318999999,6.633601893,6.8340253529999995,6.174919383,4.739932348,5.714116882999999,4.865162686000001,4.76342044,8.842475775,4.365342534,4.795490706,9.498292937,7.0478048960000015,6.10117245,4.403795579,6.893625925,4.4118517289999994,6.812062731,5.24057934,7.280950301,7.279883672,8.655320846,6.575390835,5.2931145939999995,4.655549527,7.637765495,7.313104768,6.995355601,4.9202716419999994,7.775431281,7.486675139,8.948615102,7.476625594,6.359928742,8.479946768,5.641710955,5.382061124,5.605229659,5.4266708679999995,9.268021422,9.233436613,6.296072915,4.665310839,4.769654473,7.741264094,7.295070475,8.694152005,4.703188514,4.73137228,8.302395982,9.589908413,5.02483017,7.8751290260000015,9.554254401,7.996915411,5.073759293999999,4.996063821,6.028797129,6.718370799,6.520389487,4.804730512,7.009454946,5.69158257,7.614257169,9.43343236,6.2694017460000016,5.685989747000001,5.189859342,4.318528115,6.205628982,6.864317047,4.977732468999999,6.801875676,6.379296404,7.465328396,10.68098878,10.20422249,11.03713673,8.575320878,7.2375769389999975,11.12521411,9.452257348,8.447606115,7.068338011,5.531425389,6.29291329,8.751102793,6.148215037999999,7.820360544,4.983576857,5.395988377,7.143778747000001,8.807778597,4.44578936,6.9422162279999995,8.046113507000001,8.185623235,4.479437112,5.429372829,5.225641677,5.40635653,9.904297866,4.760438996,13.21365963,14.04399296,6.179690399,7.317390355,7.654732461,9.276246399,9.927301976,9.095603859,6.906418691,6.636219003,5.777721504,8.03905262,5.199403117,7.1911385060000015,9.110071831,5.713084212,4.755315989,8.192638067,7.307062595,8.916503766,10.500537699999999,5.277852091000001,9.670309726000001,6.59853266,6.865779507,8.763052978,6.212970972999999,5.726540881,6.4830062029999995,9.188995015,7.024908383,4.444937755,6.8087699829999995,6.912405784,13.03482453,7.6772387029999996,6.523648737,7.318174152999999,5.559040573,6.5103868060000005,5.146776313999999,8.453039052000001,7.927180521,10.63755358,8.27583208,5.928761242999999,8.298536544,5.708766175,8.224036112,9.299234846000001,5.93555323,6.379356809,6.066986377,7.307184427999999,6.945203962999999,6.199280129,5.363093172,7.007375679,6.605539922,9.118548002,7.505895602000001,5.893262593999999,5.17024385,5.630679413999999,9.398298573,7.3857299770000004,5.560797935,4.731213039,5.066541125,9.228349003,9.309733629,5.019317625,7.716850031,6.519214325,12.83227933,4.870987565,6.790473669,7.168289328999999,4.845528261,6.578078577,7.015386017000001,7.529372865,9.203012141,5.484610617,9.473441216,5.324563533,5.732609931,8.336984847,4.924556245,5.916140738999999,7.322960307000001,5.076560008,8.909155152,9.148088334,6.845693193,8.585230357999999,5.064816158999999,11.93149863,5.624558396,6.566565825,4.471495029,6.3211837110000015,8.073890824,4.828403741,5.788047626,9.157879863,7.1412064179999994,8.603444676,4.372123707,5.9176570889999995,8.094267894,10.06853187,5.318289878,7.783592089,6.623214377,5.072958995,6.9369175310000015,7.467304247,7.628553847,12.04691509,6.407246455,5.984853556,4.769200289,9.24079399,8.643519688,8.393519035,5.723229633,5.536520601,6.126867283999999,7.336186783,5.053818764,4.853436576,5.123748687,5.627458017,7.2356939160000024,5.439165781,4.887526853,6.009773751,7.596793203,14.02962029,5.838318323999999,5.863296922999999,6.301831883999999,6.731944745,5.17387308,4.835868541,6.183070763,6.08954038,5.93455281,5.4458257439999995,6.74320556,5.611829361,7.418318977999999,8.165669609,5.714627999,12.50580816,5.603057636,5.294750402,8.520960934,6.8092225410000005,4.950667775,6.002745362000001,4.484269885,6.237674939,5.0761826480000005,6.018643624,5.978812415,7.604349087,7.111170129,7.87325726,7.658372657999999,5.0209045969999995,4.17489039,8.439847839,7.421242446,5.354989235,7.375963262999999,6.190145287999999,11.26120273,10.7500283,8.795989335,7.997413855,5.619281189,6.487996552,9.515781328,5.43954116,5.452216445,6.154555443,5.224540115,5.395071102999999,6.787386457,7.975265396,7.413251548,6.7197630660000005,6.443936817999999,6.031281456,6.498953908,6.593576112,6.675671212,7.841119326,5.419690623999999,9.362507968,7.161481741,6.429778861,9.347164662,5.6808227229999995,6.6371404689999975,6.931560366,6.551670495,6.257415394,5.162116518,9.980327603,6.874553822999999,4.837028045,7.127014,6.4717973639999995,8.435752102,4.613670225,5.345079833,6.733900498,8.161269613,7.7485334639999985,8.492169164,7.309976377000001,6.342043971,5.103586048,4.91406744,4.652400275,11.32268758,4.812456313999999,8.670946212,7.169802344,6.265072977000001,4.6556931939999995,11.01649095,5.880747653999999,7.45823126,7.209433763,5.761698047,5.894761114,6.492072221,4.626298574,4.7687151960000005,7.484842939,5.83456608,6.90915846,5.057366238,6.690069414,8.280477355,6.32452735,8.600904819,10.62871395,9.094848205,7.233059582,9.621776987,11.02367792,6.349988569,4.797932459,6.528808996,5.386894357999999,6.662483094,6.001574205,8.714568658,6.356030538,7.433460137000001,6.5352050120000005,5.618376026,4.624338012,5.153025703,7.233646498,8.161926882000001,7.181744817,7.236297828,5.42748054,5.2267540619999995,6.482587499,4.819385476,6.534103375,6.6107444310000005,10.22120325,10.68831166,4.385573681,4.83398048,6.5008605610000005,7.0902443239999995,4.7568136889999995,4.080157915,7.65801647,7.982765316,5.776629647999999,4.419595289,5.049290114,7.001724227,6.991261278,5.513399188999999,6.277013854,6.747357121,4.9347583760000004,6.409848909,5.546247567999999,6.046290567000001,7.235040406,5.320747449,5.331262357,5.855207900000001,6.069988502999999,5.63318545,6.142360981,7.582832517999999,4.179136109,9.187360894,4.544650561,6.877137817,6.455489012,6.777285158,5.595771653,5.071100004,4.684647518999999,5.081060894,5.683690829,6.200430451,7.556824983999999,5.8800395420000005,11.32584034,5.6736500360000015,7.232424162,4.549951302,5.8264697010000015,4.4195598480000005,5.662846947,5.574215952,6.079310808,7.626620827999999,4.472888028,5.523273652,4.559197562,7.744768485,6.476417975,7.580464434,11.72005118,5.039351295,6.888086932999999,10.16318109,9.015902407999999,8.369266742999999,5.502208249,7.1180161779999995,4.270002957,4.754453235,4.8120005919999995,4.833651855,5.011228498,6.846926064,9.430013621,5.882321717000001,6.203535717,9.670787504,5.991879869,8.920904725,6.156220374,8.401487833,8.498269192,5.944929012999999,9.169280378,6.6023793410000025,5.481843021,7.051380282,5.04308136,7.082828115,6.5834618670000005,8.331862875,7.37458871,7.1469545010000015,6.183583425,4.690889258,8.01294946,8.281929478,5.095416717,4.50007232,5.671099661,5.90459141,6.3566702070000005,6.40454729,6.232235652000001,10.34111891,6.996944587000001,6.357638661,6.8146911160000005,8.420214054,11.21232426,5.038693776000001,8.520566079,6.3728554860000015,8.411834942999999,6.621232572,9.15270772,7.500624264,7.808656487,6.979945505,10.85421122,7.455185822000001,9.439064287999999,4.78873767,5.801973345,4.400920199,7.389273997999999,7.127506704,5.89929377,5.278060003,8.816160423,6.948438218,6.554532152999999,6.9585323510000014,5.030501297,11.67444482,5.226900951,5.8356833539999995,6.727651132999999,6.566038467,9.261484087000001,7.0150715429999995,4.845426455,6.136494839,5.557294203,8.663802056,5.4197096610000015,4.889084421000001,7.148251639,5.5077537439999995,5.832792535,6.235935143,9.456177027,10.01793514,6.336572469,8.07882122,7.961308886,7.445081355,7.9544903310000015,8.159837179,6.985993102,8.131133944,6.660265159,6.244805363999999,6.354548382000001,4.772672957,7.851425495,9.542031465,5.2194299719999995,6.237651082,4.947507002,8.806589153,8.059403468,6.42034102,5.795186974,4.338912288,5.415177987000001,6.782258268,9.116970081,4.966776539,7.044816497,4.986509661,9.053853596,5.895589396,5.991793907999999,6.042977658,4.481059073,6.623644989,5.514584585,5.43472652,5.2427079569999995,6.480078224,4.68838615,7.205595849,5.608079851,5.503405017,10.75443658,6.7134948539999995,4.571875889,6.1686804429999995,9.26683013,5.296298232,8.590900357999999,8.23949559,4.409564135,6.310945727999999,5.8850238820000005,5.683750087000001,5.565222979,4.628767346,4.965162523,6.207749691,4.945533675,6.598754351,7.8599599829999995,6.585936969,7.152433292,10.02104073,5.258338339,5.101417553,7.036263138,5.6321632410000015,5.435419232,5.7670152360000015,4.453184329,4.39048111,8.678369352999999,6.330902846,8.496664682999999,12.42436045,4.649332288,8.949945537,6.066196428,7.659033513,5.015230177,4.473461808,5.934610738,11.75389531,10.28287406,8.241815195,7.642977228999999,5.384706785,4.800696805,5.6934121289999995,7.146392682999999,9.27825604,7.391407282,7.8515819539999985,5.352170056,7.666940941,5.925187386,5.234207103,6.070877384,7.223431729,7.430760542000001,6.292402474,6.868660067,7.4539144020000005,6.755660764,5.650305792999999,5.784142472,8.173094669,8.350628922,9.110551561,9.700618301,8.152270137,10.34390032,9.039385084,8.721870337999999,7.722797944,7.8940285060000015,6.160600095,10.1354179,4.5927438789999995,8.397391916,6.359273815,4.599267258999999,8.852459352999999,6.464309338,11.46950154,4.410319843,6.557592333,5.867686394,6.317478799,6.191466613999999,8.264289672,8.565379549,7.477648855,4.45900713,8.209666198999999,4.39694642,8.025518111,5.0258323030000005,5.745312825,5.788978329,5.9256659,9.738111053999999,4.965269097,5.671604637000001,6.849007643999999,5.075390683,7.025691972000001,7.63823544,8.794794605,7.757427957000001,4.25756135,8.001998958,8.4673428,5.545366771,5.430048861,5.081945056,6.7635388270000005,6.607678074,8.530615762,4.75945937,8.960919192,7.357237483,5.734780957999999,6.390436782,7.730890692000001,6.6322624029999995,6.064386344,7.828095789,6.915756332000001,9.561036247999999,7.214998262000001,4.213195995,6.976694424,7.3445813829999995,5.497170497000001,5.263750407,8.618324756,5.344809791,5.206727955,8.801316992,8.018918845,7.218036427,8.070646434,9.309106153,5.688104196,5.378473604,9.970358535,9.133457669,5.615039756,4.419277211,5.152739858,5.172570169,5.226703387,7.454058527999999,7.997499737999999,8.844225514,7.031468384,6.815699045,6.77050034,10.55605107,7.393180911,4.80839369,6.285792185,7.479713844,4.602375996,11.84205461,6.137253969,9.600338706,7.588042084,9.116003033,7.550573327,8.002077486000001,9.280823095,5.988699774,5.285961267,6.4497729889999995,4.353819967,7.988503121,7.475606252,7.731964558,5.589297771,11.59139887,7.75559663,8.042798067,8.914109391,5.869647109,5.68186873,5.316514767,7.148199475,5.303254587,5.4856167760000005,6.399044879,7.81640383,7.304098346,7.279991017,6.705962726,5.593935815,4.82543522,5.175130687,5.6743351539999995,6.341053401,5.521433131,4.40135156,4.069840226,5.123659151,5.204267627,5.20970514,4.5908152069999995,5.617032772000001,7.337480802999999,5.8054454060000005,6.587648637000001,5.86296469,6.939654831,4.679658979,11.06966639,9.449557636,4.738270834,5.947991742999999,7.146481735,5.309210537,8.583365642999999,4.503651921,5.319668359,9.549887353999999,6.449545218,8.202031538,5.657760306,5.495874954,6.685027737,5.846460757000001,4.202334414,4.487399872,6.972912332000001,5.34434333,7.880836211,4.74110038,6.654581385,6.494159302000001,6.809439555,4.5645960169999995,5.434073385,9.99087645,8.493274187,5.550620285,6.986556462,6.337767303,7.243800221,5.8081631960000015,5.993970751,6.648063336,6.334177057000001,9.70534655,9.489948803999999,9.636475916,7.16746605,7.852614847999999,5.111675853,7.095071462999999,4.714591915,7.9991337520000005,7.18985853,6.204063493,7.0865880039999976,8.557742637999999,7.589957711,5.140520334,5.269688013000001,4.894119305,6.1846715360000015,9.594429017000001,9.906965092,4.819320929,5.6991621939999995,5.950962264,7.938442961,5.928869547000001,6.4666592760000015,11.01853087,5.143335378,7.861375568,6.698545633999999,5.337513133,7.008840137000001,4.590784438,5.942874463,5.843490137000001,5.227557904,5.414295813,5.247775798,8.968411338,11.36114321,5.656069402999999,4.268572173,4.737791057,9.919117421000001,8.519279739,7.774070921,6.6662155510000005,4.490582871,4.272440233999999,7.4005141939999985,7.003357882,6.984655589,4.90135603,4.7369939169999995,6.596541002,4.617412683,4.918217567,5.086070095,8.586066801,9.074621302999999,5.068056102,5.84177145,6.811170721,7.975317255,5.964880421,4.592302228,6.352354602,5.329032928999999,5.504747561,5.522474956,8.867113832000001,6.5907528110000015,6.507133235,6.800523484,5.740095977999999,7.406185446,5.093645396,6.192189162999999,8.915259625,6.5996284260000015,4.876355611,7.700291826,4.729282883,8.10374402,7.900862525,4.798501035,9.502881643,6.3558193439999995,10.15703222,5.173785501,6.023775204,5.607057919,11.81260082,5.963688445,10.15811681,12.28566716,8.039109652,6.540099796,7.459396882999999,5.855647481,10.9414198,9.400767898,4.873090383,7.955180536,7.154021544,8.530785527,9.205398519,6.654334092999999,10.61573847,6.223807817999999,4.984079877,8.658302907000001,8.845010398,5.729027632,10.39317211,5.677960556,8.266654991000001,5.333644673,6.3911105820000005,6.9803231729999995,4.787486341,6.209491732,7.024333399,4.297395205,8.223825741,4.8478685619999995,8.571677907,8.593653518,5.715301015,5.068825034,4.633442227,10.61966661,7.453457812999999,7.140656149,6.97093445,7.260208615,7.546753394,7.272213428,9.927361487999999,5.915485515,6.7759616110000005,7.504203353999999,8.20723043,5.925663064,9.430460295,7.150118544,5.622391264,5.873933438,5.40321451,7.3663816739999985,8.24385629,5.963630869,5.230764403999999,8.815169656,4.554113387,5.234507476,5.853578272000001,4.905725708,6.652484977,5.6131911279999995,6.188277808,9.156976214,7.3393757389999985,9.217475988,9.521987889,8.068837683,8.961029249,5.137709112,7.827721282000001,6.595240702000001,8.701643792999999,7.6206493029999995,5.102454096000001,5.0503787319999995,7.352468977000001,7.31970796,4.497392296,6.380310828,6.968521363,8.342265422999999,5.849118722,5.111583486000001,6.047354365,7.142549653,8.056061785,7.985226346,7.561413009,7.932026229,6.841105353,5.739648572,6.579444341,7.790669164,10.05402075,6.708194617999999,6.707666897,12.88259284,8.896337691,6.735430067999999,8.506715011,11.38016106,10.85026511,4.186892799,4.195903265,5.425789765,6.865439907000001,8.460337557999999,10.02361073,6.972882956,7.600602477000001,7.956536483,5.430982928,4.7224355330000005,6.928363347,8.317453059,9.06905508,5.582457467999999,10.01035868,4.641124507,9.073730449,5.4000748970000005,5.108163072,5.191104289,6.490859531,4.535067358,4.799468658,5.21565277,7.705228121,8.008287232999999,4.631161186,9.352892368,6.767848834,6.751112943,9.467770991,6.6638833360000005,9.887227118,7.363871649,7.921348718,5.673398584,6.030125415,5.083153067,4.752281541,6.710226847,7.77326678,6.7878233020000005,4.937375753,7.959933958,7.2330774920000005,5.349483276,8.15944446,7.091445208,7.465665962,5.987053347000001,5.531227146,4.2803389,5.359874728,10.17560536,6.996796101,5.140682067,11.67054024,5.192275205,10.67891964,5.755719002,6.03052479,5.841208961,5.515385834,4.937422083,4.557994358,5.7312843739999995,5.351612752,4.823666762,5.26137527,6.09215335,4.814450005,6.934794887000001,5.302211618,7.262720718,12.18502645,5.57421987,4.757414936,5.674151859,6.046091121,4.945843374,6.954759475,9.42195583,6.801302777,5.905508697,10.20299823,5.71461562,4.927400405,4.247782337,5.611887126,4.993266098,7.940609151,7.586354696,5.302187857,7.720296323999999,5.9629088889999995,7.055667947000001,5.73662554,5.823461484,4.508680524,7.6951148510000005,8.669527214,10.2959632,5.044319557,4.721300907,7.213716954,5.179530234,11.03814307,5.883863419,8.87248415,6.495107656,6.195447511,5.738216027000001,8.310776005,8.599328468,6.200535062999999,6.258201307,6.950618443,5.741130724,7.76896529,5.717839239,4.5890915130000005,4.980905508999999,5.388798692000001,6.997118209,8.57921821,6.177082048,5.8620252729999995,5.873503082999999,5.24034217,7.008972907,6.192498165,4.577677017,4.252943801,4.1138991030000005,6.8320880000000015,8.703577382,4.874037112,6.760239058,6.533225848,5.6932358039999995,6.253744844,7.03706323,10.25983853,4.882737654,10.62084132,4.9517642969999995,6.021071915,4.826649762,11.28103155,4.41299449,7.685116308,5.15850098,5.825605362,5.430279998,8.698009196000001,5.75298744,8.242090961,7.972641287999999,4.470670375,5.340622309,8.590171955,7.133089469,7.318046402999999,4.488409834,6.785787826,5.779555611,9.195815831,7.154597721,8.098717158,6.654294362000001,7.495057774,4.80063513,8.972442735,5.260232998,5.310305444,7.364486787000001,8.395928992,5.067530411,9.175536486,10.90544646,7.083427358,6.667242398,4.905443562,11.11049275,4.652071871,9.124758647,4.71347533,6.194040526,5.243137512,5.031570643999999,4.876542082,6.322978377,8.373949073,11.59104828,6.632254382999999,4.884810507,8.023811734,8.207719212999999,5.792850527000001,4.455685926,8.112423698999999,7.711585931,8.931185117,6.373120472,5.2871060739999995,6.213943133,7.759552346,6.98281629,6.706640724,4.683255309,5.128560772,5.078741088,5.6765125339999996,6.509895185,7.126634075,7.837170634,6.927865216,5.221287127,6.960422137999999,7.612230017999999,5.543466821,5.626577758,8.871929026,4.795344986,6.6465029929999995,4.87434213,8.977907373999999,5.323429774,4.813148579,4.838174853,5.716323963,5.787499285,9.465791579,5.750666549,5.476872079,5.713769494,4.514437268,9.535887726,8.501953054,5.822959902000001,6.381529966,5.6072266420000005,6.789601998999999,5.8235111129999995,6.97422336,4.503711287,9.835429015,6.5616020760000024,7.832889845,4.2332485160000015,5.119632889,8.332854437,5.237814602,8.596736191,10.32646464,6.1380533370000006,10.38611246,7.532449217000001,4.957474314,6.559659318,6.601814528999999,4.279522167,4.848721739,7.304982884,5.038858142,5.335553956,5.093190122,5.042560684,5.608959337999999,6.2502972560000005,5.8382605629999995,6.859424926,6.074844286,4.534396895,6.357432686,7.664864323,4.73496446,7.191280326,5.661895839,5.558178476,5.545522365,4.667801517,8.02056185,9.145895032,5.371838755,5.081590361,5.126803048,7.157576884,7.009551339,11.14001777,7.892393179,4.140638471,5.440010028,8.157671673,5.308428534,4.311006707,4.727372046,6.716577111,5.160912776,4.27679354,7.928609363,6.1627449,10.81221292,6.486687099,6.068056843,6.254765592999999,5.94569125,7.258381999,6.70292213,5.477756756000002,5.499413515,5.649588,7.249431183,6.63796155,4.892994463,6.221081785,4.965516401,7.6045200920000005,4.718475051,8.339432943,7.1871287420000005,10.36844015,4.663687144,4.407191302,7.056908046,5.5073538960000015,6.031460017000001,4.805583382,10.05797048,6.9008613510000005,10.05910821,7.574598677999999,4.815793153,5.301472562,6.68201473,7.692046697,6.752206158,8.972293605,6.3126495039999995,6.349942712000001,6.0750923839999995,6.966118117000001,7.415323586,7.024747071,4.285155968,6.760142758,4.821927641,4.785199312,5.8342189410000005,7.364182135,5.253810328,4.396997726,7.296336416,5.976381085,5.495276401,6.054973671,5.290796108,5.08693913,7.603922464,4.3784606539999995,5.051759766,4.831896789,9.692998307,6.768773907000001,9.508883331,4.521718374,7.347211202,5.326506708,10.01020368,6.823421727,6.231044279,4.859600391,7.628803549,4.947387968999999,11.45027121,9.148471215,5.971752385,6.5824630410000005,9.648083657,9.861365311,7.693188782999999,6.530833951,7.711625109,5.714374072999999,10.71827971,5.712912604,6.111353546,6.540014322999999,8.098792661000001,8.498264133,5.838782386,8.104023067,9.342506803,10.22074953,4.512715407,5.175920681,5.500514335,4.807062952,8.399995563,4.811367662,9.834121631,8.325662407000001,5.604840514,5.278295156,5.483234293,5.675970883,4.332405501,5.860878832999999,7.844459756,9.000816807,7.049829536,4.990829651,5.809024854,11.48355736,12.35401926,6.222020729,5.078889428,6.2321421070000005,5.304596125,4.2921990889999995,8.024736401,7.169402265,10.38474224,8.514897955,6.287830682,7.741506375,7.109640095,5.437212227000001,4.8253376789999995,4.851641613,5.216800692,6.5891304129999995,6.864094562000001,6.041782744,5.882052375,5.812045366,5.5527202739999995,6.650373871,7.470223797,7.608076466,5.700181477999999,4.3990275919999995,7.936355835,4.275451973,5.165213631,5.688491459,5.681661752999999,6.385702035,6.531408421,5.512922275,8.954396877,4.941941474,5.365509239,5.909331356,4.817531218,6.858964384,4.801862073,10.42399767,9.842162624,5.627400777,5.577043447,5.312259499,5.564459314,7.470536748,8.420973423,4.43900202,4.515231899,7.1403222379999995,8.589988553,5.4375686089999995,6.372567413,8.634132506,7.601223363,4.773986976000001,5.6178517060000015,7.120718373,6.149979276,9.955179196,8.53805366,4.609920273,10.08646783,5.193069979,4.588730792,5.147286684,6.198822389,8.675167529,5.17229103,6.873159516,7.813429687,6.857944292000001,4.848598602,6.315250355,5.125391497,7.631319069,5.36570816,7.222083948,4.928690587,10.82668645,9.820610176,5.219223686,7.29752634,5.155191542,5.101041498,11.38191037,6.235892699,6.496898165,10.19181263,9.382263402000001,6.32172572,6.082549617000001,7.438267907999999,5.015892739,7.284459742999999,8.892904042,4.211289064,7.633417944,6.342581778,7.654326202000001,6.689176201,5.84468593,6.578128714,8.271265306,6.212092875,8.421615601000001,6.704475612,5.860053937000001,6.561846787,4.972138313,8.604386265,5.844510093999999,9.009004666000001,5.178707986,5.973607071,4.975535109,5.199770684,5.023458651,4.834247421000001,4.891177633,5.211937287,6.517828827000001,5.26293959,5.031573542,5.610948098,5.868620394,7.252327216,7.403621621,7.238603104,6.461756502,5.810767909,12.35276978,5.541408504,6.3151550489999995,7.880332049,5.539360137,4.202739674,7.490742278,5.418804495,8.900451896,5.191263496,5.176126593999999,4.440214975,7.426499954,5.835226627000001,6.596074354,7.158037525,5.784657009,5.59810468,12.76021273,6.804429207,4.2592464460000015,12.39878294,7.585810342,5.7252742539999995,4.470577629,5.652147126,6.197222312999999,8.647697435,6.0737942,4.9110382260000005,4.5980900689999995,7.671799339,5.687957872,7.7308845370000006,6.74978863,8.006336713,6.149099541,7.359855382999999,5.455484014,4.87814304,5.938572289,5.743834044,4.834769106,4.557775423,4.680579175,9.466082992,8.209556335,10.00564449,6.370786819,5.830102612,5.653628932,6.847887657999999,7.697493763,4.881147619,5.837840278,5.576284575,5.868408596,4.826802302,7.933755199,13.05510314,4.278280672,5.369699128,7.0904988410000005,4.275852642,8.029749146,9.35610749,10.079569699999999,11.45646043,7.271362661,7.370130876,8.277469422000001,7.266049093999999,5.32130751,6.056291794,7.24792798,4.923133366,6.628814042,6.1657842610000015,9.629544141,7.086143927,5.010085012,5.586225555,4.88632824,5.709199571,4.422834368999999,5.795759549,8.213208682000001,8.294670227000001,5.571625386,5.6521837029999995,8.916332622999999,10.35584199,11.125259300000002,6.390296383,5.8114102370000005,5.88460234,7.238646072000001,9.465921572000001,7.34722503,7.668714232,7.128726914,5.0640574019999995,7.688814953,5.277136076000001,4.619413641,5.621694767,5.307178223,5.1404617969999995,6.576974882000001,8.565427297000001,5.256683442,4.0826850630000004,5.38090456,4.438996714,4.5969684719999995,6.405913684,4.939438255,4.979449106000001,4.535800171,6.843735307999999,5.441062313,8.308413974,5.8186167860000015,7.518170329,5.968909244,6.169793219,5.855428193,9.499262603,6.863795426,4.631623964,8.131341217000001,4.543148683,6.600211423999999,7.940435898,5.775556532,7.683529092000001,8.394134635,7.927514029,8.179972781,8.252602484,4.949076819,5.381786311,4.4054862,8.404972416,10.65424759,6.032857118,7.793597411,7.096681707,7.198454586,5.9265166979999995,4.858502952,6.7988088289999995,4.853091723,5.055310307,6.2023289429999995,6.6449502910000025,6.143696992000001,5.746118878,5.697682746,4.9143639839999995,7.6743544739999985,4.683900817,7.151313805,6.4285475660000015,8.57354933,5.305415473,7.666779149,7.645395255,5.3293203060000005,5.050000743,10.0070238,5.811253557000001,5.39905649,8.469443028999999,4.323826736,6.168958797999999,7.99515265,5.788081802000001,6.086926442999999,7.315467331,8.766183448,6.374714177,7.38735023,4.987772403,4.245595263,5.054827811,4.759431271,9.782397203,5.314878556,6.257479752999999,5.98644646,5.024519273,8.211301548,7.37038097,5.5842546220000004,5.477215084,4.983673433,5.625431721,9.191475785,6.973511866,9.320379373,6.185119498,6.4070175260000015,7.736794887,5.521666217000001,6.14265812,4.912750681,12.87599743,6.124280385,4.3657508310000015,6.954423695,5.335084075,7.160117249,6.743471832999999,7.623071702000001,4.766359205,9.315124804,5.866954666,10.04481733,4.403326458,5.521424777000001,5.165366562,4.955054217,5.010975727,6.7798810739999995,6.3923917260000005,7.658391802000001,11.538755,5.803622219,6.773826484,5.697444031,4.928899152,7.419501222999999,5.41863183,5.944988717999999,5.65174313,7.762742458,6.149573837999999,5.124597249,4.584760145,4.911744961,8.433100021,5.4188866639999995,5.110328629,6.018308311,4.816406419,4.847874492,5.088904298,6.565916818,8.41548011,8.456004228,4.842011724,6.944010124,6.234963235,8.604137573,7.524863048999999,6.283564048,6.284855061,6.3581648479999995,5.207788876,6.325751341,5.8544084629999995,5.081878951,8.99295251,6.2536003220000005,4.344864329,7.730312822999999,7.352574122,4.532647492,6.156972885,7.543682578999999,7.789972931,10.66208289,4.8523660710000005,4.712408478,7.584432427,7.995651153,7.345436302,4.796851636,7.928450939,5.677195959,6.802804748,5.724543411,6.084690129,4.984439514,6.9800262910000015,6.7102230579999995,5.6365190620000005,7.8651558060000015,8.085540952999999,6.025241049,9.798498666,6.34890528,4.870817016,7.362216011,7.7347171,7.518898106,4.642666965,8.067501349,4.330973335,8.98540391,5.891958058999999,7.702395049,7.033504656,7.200616274,4.2692458910000015,6.5417837410000015,7.2424325970000005,6.5839342510000005,4.667454029,4.1742223869999995,5.999786114,9.552568522,5.069357025,6.460936165,7.784144078,5.64260659,6.0284018060000015,7.771164757,5.281442949,5.622487099,6.4775839170000005,5.42652021,8.65060331,10.31984221,7.518429717999999,4.192223376,5.405079023,7.886115697,5.9155244960000015,9.597075588,6.797433361,4.571960206,5.376108602,6.343462242999999,5.169848198,4.585138801,5.954461692000001,4.468619562,7.039031886,5.059485491,5.306888557,6.530313437999999,8.970179099,8.40128126,6.941573633,7.18563397,4.6662562439999995,5.307407773,6.922085605,5.539523419,5.678584312000001,9.190532314,4.923942923999999,6.28655911,8.360531457999999,5.49817788,7.601112818,4.633401208,8.180211106,8.242063225,7.559007382000001,10.02631712,4.8239853319999995,11.33634973,4.450757277,7.184730603999999,6.99373388,4.679198101,4.501435431,10.53835797,7.265492068999999,6.593941015,6.3313409279999995,7.22608955,4.936646214,7.0047182810000015,8.882186738,7.8934109810000015,8.017301045,5.141659801,5.897616827,7.913486685,8.190354427,4.488443072,5.205242128,5.396280399,5.287651477,4.836460961,5.648314506,6.8968971660000005,4.607267712,8.00079713,4.779591492,4.904712153999999,7.964692886,8.161402246,6.595518124,5.565924232,7.757681132,7.152648869,4.800244351,7.59824377,8.04463157,7.329484575,7.4236680339999985,4.683754223999999,4.718589892,8.452718091,7.644813721,5.936192514,8.701875255,9.283387527999999,4.930191703999999,8.714245834,5.329192239,5.070290544,7.395709844,6.641953689,6.782357779,6.449977256,4.806631843,5.131607726,6.57473457,5.112893315,9.337176964,4.38490655,5.092693882,10.36079501,7.117967899,7.3488042,7.635913648,5.795569479,8.193731534,4.147231913,8.469623848,7.0229672039999995,5.1389728880000005,6.0147054760000005,4.951420359,6.2675931579999995,5.696047502000001,6.020162685,5.699590762000001,6.529281532000001,5.895880644,6.522037856,4.4427456780000005,8.34563347,5.116780556,7.401170549,4.336038745,7.174277035,8.896475251,8.005752569,7.893253425,8.954704223,5.6775230310000016,7.656457487000001,4.492467714,8.237502476,6.134863289,9.728680949,11.48644165,6.134233313999999,7.3621297110000015,5.410768462,7.617290661,4.302193157,8.693381453999999,6.074549635,8.198138703,6.799051812,7.734161665,4.832197468,6.32543462,6.005859244,4.398422353,6.133934603999999,5.240999013,5.033590611,5.690621095,13.21519503,6.636512139,6.474432928,10.16680595,7.810163524,6.143929368999999,8.299873426,8.040707043,8.255200519,9.353140243,8.927150166,7.058539013,7.047682204,5.205493788,5.5682692660000015,6.460864554,8.264836079,4.288779562,6.107659462000001,11.48764651,5.390830547999999,8.408040405,5.832637895,5.540725651,5.240529895,6.874343634,6.322936014,9.420483377,9.485606133,7.841871135,7.297705203,6.50380241,4.28136699,5.430531403,7.6011847470000005,8.448449787000001,5.553807837000001,4.486248524,6.587320581,5.575636821,7.285205811,7.465486012,5.211896324,6.242011682,6.35443021,6.1289234839999995,5.491547862999999,7.342542777999999,6.371680875,5.966730962000001,4.770058592,7.152138937999999,5.422649312000001,5.1757379839999995,4.19535706,4.804373988,8.571980762,6.621381307999999,8.517078198,5.910716633,7.6113028310000015,5.7223830389999994,7.893967779,5.995898897000001,7.084932134,5.810774747999999,5.218355911000001,6.3601408410000015,7.75778555,5.932526967,8.719652252000001,4.450349227,6.209337256,4.416661284,5.71741423,7.640525692000001,11.69144448,4.741305551,8.506718457,11.84503583,6.8393669379999995,6.219102542999999,7.119473361,7.035659764,7.004844301,6.078677806,6.698111063,8.330097076,6.3266592379999995,5.847321872,8.920093853,6.497406655,5.784921174,5.325248325,7.015486192999999,4.600195398,7.752756064,12.30377488,5.2564592910000005,6.688457372999999,5.898365605,7.893858312000001,6.299768877999999,6.900171877000001,5.690494581,8.833992531,5.007070488,6.092589244,7.319127707000001,5.694647454,6.715125147999999,6.865285199,4.825225678,8.133291946,7.2264088179999995,5.653849927,5.1934420160000005,5.24112367,5.191392,6.6625348970000005,4.668452234,5.499004612,6.864835848999999,6.703293658,6.575767615,10.16497967,5.435517582,4.736889706,5.692774534,6.650815691,6.2689737,8.366943793999999,6.842782091,6.093950456,7.326577202999999,7.587387647000001,6.035303884,7.03743974,8.233534762,4.929969021000001,5.815729784,8.089148518,9.083728987999999,4.1138491460000015,5.7627681289999995,5.247282166000001,6.063512652000001,6.458983722999999,6.756001165,4.536724746,9.571385101,5.752374457,5.9589224839999995,8.205160591,6.382084084,7.197837034,6.308477826,8.78656277,8.136140703999999,7.22704546,8.615329722,6.005084779,7.428361207999999,7.213394619,8.087155274,5.900203457999999,7.799691507,11.66666354,7.365168177999999,4.76936833,10.15358217,7.063338077999999,8.081797212,6.906332065,7.047562135,6.28002381,5.147766644,5.484111381,5.65396883,7.745063036,7.342799648,5.9723376770000005,6.885963843,4.665853313,5.0109085669999995,10.10485917,5.1298824739999995,8.904445849,5.3188425960000005,4.404855803999999,11.18103516,5.217128536000001,10.32676981,5.348217072,6.59021405,6.230802075,9.633212854,5.721713144,8.091207426,9.10953854,6.460757822000001,7.289850922,7.453560112999999,7.5038059729999995,6.776102196,6.019892845,6.162266186,4.4890272000000015,6.926629985,6.03029751,9.142829082,5.43258978,9.602174247,7.69847601,7.965507016,7.159339827999999,5.993937186,8.089516925,8.627100402,7.4233527289999985,8.09860849,8.707538287,5.363525321,7.752427467,5.02621269,6.257825344,8.035348707,9.513199108,8.186701669,4.433710243999999,5.620776547999999,8.316650183,7.77303898,5.463007336,7.344189419,7.926615512000001,10.0754038,7.283537442999999,5.470395902000001,6.032278985,5.888442341,8.004729328,8.392281495,8.593489672999999,8.216847739,6.05579883,7.595710866,6.064408504,10.5772583,6.687164787,6.8219786870000005,8.126296349,6.075140721,7.469309053,5.49352102,4.221410695,9.994911404,6.779465184,6.5305765,7.575736846,5.296437269,6.793282972,5.41690303,6.429978221,7.18274498,5.4500639920000005,5.7773296610000004,5.235925451,6.463125558,8.044009997,9.750831665,3.813668525,5.327194585,5.677607148,5.80295889,7.957001859,4.774286378999999,5.4176195310000015,4.3989192919999995,7.778565703,5.285286816,5.115507438,6.724929241,8.940066879,4.688644738,7.499636897999999,8.209415577,9.721185902,7.346088615,4.963900962,4.729272601,8.753383232000001,9.064467547000001,8.672297665,10.43141862,9.787400051,6.312865771,4.531141262,4.817968844,6.839937736,7.513470055,5.60518454,7.866808363,7.409916731,7.886421745,8.955224539,5.76346925,6.355621263,5.003200316,7.2236140120000005,4.782486976,6.2495644860000015,4.8486409010000004,4.774844794,6.9150158489999995,6.2033253560000015,6.402384574,5.501861623,7.437465426,8.759435643,6.04335492,5.746477499,5.499408868,5.799347125,10.31266984,9.13979267,8.18821052,8.436744212,6.83506759,6.9717947239999996,7.560502358,5.99506491,6.847714548,7.083516286,5.459077159,4.729058641,5.939721603,7.215446384,6.584527552999999,4.356994459,5.7626992910000014,6.935082446,5.181558036,8.310216543,5.508183667999999,5.8691007520000005,5.003966134,7.363536346,5.343355765,4.658136302,5.161605051,5.595191802,7.9473019,5.265506307,4.601905567,8.190828783999999,4.877626537,8.875576397,10.52609055,5.184767863,6.907940505,11.64608635,6.561937403,6.152277638999999,4.85318027,5.124996586,6.295701276,6.841436067999999,4.628303282,8.490143993,7.136495048,7.41859968,7.461105762000001,5.652620422999999,5.787895391,5.26722979,5.933354487999999,5.2419101139999995,7.063351535,6.364804797000001,6.314391317,11.77763182,4.96730631,4.657118700000002,7.654941459,5.5976801960000016,5.163443879,7.092090568,6.501921224,8.762242937,6.040906531,6.148298317,5.022076135,6.486405897000001,4.837954374,4.747680992,5.94576049,8.723648962,5.362681499,7.245327728999999,4.896304487,4.8379760460000005,5.673755063,4.8143722780000004,6.3137430660000025,5.4014908870000005,4.671976857,7.445772688,5.562936702999999,6.4548756360000015,11.97958911,5.125806347,8.791130653,6.9454689929999995,10.41241936,4.567506245,5.979013052999999,7.627129196,5.661762837,4.091060499,7.650081809,4.403617362,7.259935033,5.658276663,5.95378337,5.486300489,11.7157117,9.660190077000001,8.26458148,4.814227064,5.066078824,4.695779097,7.621553221,7.332826594,5.244256871,5.808171912000001,5.472628328,5.55935224,7.065792626,7.277646752000001,7.910727972999999,7.799284366,5.868750981,4.533591041,4.972952801,7.1970055529999994,10.98580626,4.858129371,10.85395359,6.062675536,8.663069079,9.584510104,4.902074686000001,4.456365186,5.814802365,10.8241601,6.876624085,7.188207679,9.382954968,6.612529229,10.06041324,8.736623981000001,7.081773909,4.615108329,5.995807523,5.883411578,5.381985082999999,6.474756826,7.677903896,7.665033519,8.065169476,4.759017781,6.095671727,7.656070817000001,7.493033617,6.335237327000001,4.545925874,5.686782148,8.643203192,4.9845795310000005,6.811395724,6.5397068439999995,7.226026192000001,6.220683206,7.851845742,7.052497671,4.484326248,7.3682477870000005,6.187343987999999,6.309843666,7.58426668,4.861834428,8.492099995,6.088702645,7.388763235,6.084548912000001,6.123415672,9.372983955,5.43351962,8.123205061,11.02594967,11.39404578,5.6874612010000005,8.41435956,4.620039026000001,10.23183988,5.479793428,6.997814099,5.779665499,5.7198054339999995,5.98121755,7.7109069020000005,11.26316763,6.413175829,5.64978486,4.620610299,7.52267597,9.490254764,7.936595588999999,6.521325813,6.568856212000001,4.978258853,7.895731396,5.5931899210000005,7.174714974,5.7967458610000016,6.665669554,6.195678035,8.857582969,10.42372451,6.191813123999999,4.890693303,4.0
11,11.50149206,6.442371492,10.06803335,6.963142909,6.355185272000001,4.505605357,8.708670106,5.215859324,4.516068508,6.00094258,4.570771944,10.72197403,5.686403123,11.15289902,6.80146911,7.280425217,9.264126575,6.315970509,4.7461321960000005,8.968372459,4.4031022580000005,7.055727082000001,8.201784479,8.276174758,6.6878140010000005,5.099945352,6.4025454029999995,6.8619766910000015,5.327775238,5.086924109,9.169905676,6.332520677000001,7.255834097,5.15407988,7.7251166960000015,7.1945858560000016,6.3680700660000005,4.852083966,6.030109086,5.0859527060000005,9.090945526,6.182953304,6.46408533,7.3724780339999985,7.443572777999999,7.562455722,5.632205614,9.458288917,6.107286892,7.180064599,4.70077951,6.180118491,6.342723522000001,9.207647722,4.3220868260000005,5.5820590060000015,4.638904575,9.564482411,4.479225634,5.486773769,6.080817861,5.36516649,8.492506169,6.912919058,6.338581211,8.250269444,6.463140937,7.087047044,7.3940686960000015,7.831392153999999,6.335388312999999,13.5181696,8.005862952000001,4.417853148,6.8746792889999995,4.738113684,5.035287448,6.635549515,4.650025679,6.81094212,7.3732038310000005,6.413856415,8.638084422,9.042507137000001,5.273553656,5.664064442999999,7.488676497999999,4.9273997419999995,5.407971438,8.560319865,5.330746971,6.998517367000001,5.24807257,8.531623349,7.795500189,6.114101886,10.23013373,4.389235505,4.317163208,7.0484042879999995,5.454337732000001,6.0064216020000005,6.4053457210000015,8.564987106,7.452004938,9.153700446,9.57436994,4.767665404,5.0284764000000015,7.1580560470000005,4.9751590939999994,5.126707822,4.796996409,6.735165042999999,5.935333825,9.052949647,4.32670593,5.290257243,5.880046843,6.875871997000001,10.854647199999999,8.629766072,5.741546848,8.742215148,7.780149285,5.2821427739999995,4.973961296000001,5.456137135,4.676784881000001,7.379573947999999,5.443773075,10.96838826,6.546830569,6.58209914,5.835749924,8.040748607000001,6.532607877,4.731770722,6.287236872,5.3135597510000006,4.372232695,4.589372707,9.914731286,9.148258279,5.644284422999999,6.348863904,4.936908325,6.065469641,10.26790921,4.728262443,6.9791131360000005,4.731528248,7.200273342999999,5.525224796,8.73827955,6.63257591,5.736863747999999,6.193571929,7.708140667,5.346744183999999,9.101556646,4.770013274,6.886826602,6.292550022,6.777024409,4.7640755619999995,8.893178767,6.802069413,8.907980371,4.965191657,4.35156473,5.958083646,7.25387529,9.170295199,8.207702661,8.34902625,8.033019292999999,9.792479002,7.6076755060000005,4.580852244,5.576925352999999,4.432778325,5.21360975,4.557041882,4.396621081,9.955099639,9.25701749,7.689693802000001,7.15825626,6.037861945,5.155064684,6.463150015,7.0963414160000005,7.4351252510000005,6.205401942000001,6.486973405,7.81797012,8.750490682,6.242774596,5.575816372999999,8.151872376,8.859764105,7.5742523760000005,9.452456485,6.214428539,6.935434267000001,5.637472746,8.262827551,4.736596797,5.449053957,5.088603815,9.873359407,5.9408638210000015,5.816516943,6.2151221670000005,9.254887091,6.333001498,5.873113525,6.279914262,5.8423294110000015,7.321422592999999,8.551113701,6.497064924,6.941721338,4.502733147,11.15365941,5.6392328,7.131342328,5.480434799999999,5.870379436,6.156483795,10.03350703,5.0859636969999995,5.353907635,11.35395009,5.3847811839999995,6.161352357999999,4.850398866,5.281831766,7.98134041,5.848019184,4.254925335,8.836448303,7.383963457,5.531576804,6.8135084610000005,5.430313792000001,4.652612597,6.2297097820000005,4.926018202,5.735378008,4.925996222,6.71879443,4.73094431,9.879670747,7.67250849,10.36222301,5.799352482000001,6.3073298829999995,9.14176897,5.646238632,6.867631255,5.066943491,5.269260018,4.656442299999998,7.515971531,5.3691125689999994,6.873610404,6.212164821,6.918278269,7.1180385510000015,4.668945893,7.053280387999999,6.95825291,7.809522096,6.511460258,8.429819001,7.0283960999999975,4.482832818,8.180887468,11.56632956,8.401735942,8.617592396000001,7.52255705,4.381808875,7.4321755629999995,5.779905319,4.91761119,5.50538799,5.851914086,6.664978773,6.666931131,9.28747002,10.63615461,4.965512438999999,7.38189164,6.971159806,5.0145074119999995,6.285051645,8.891757899,5.930476106,5.6066843429999995,9.721787048,5.862713192,7.796469302999999,6.919588462999999,7.455708127,4.7159481219999995,6.921718477000001,4.920637311,4.43064762,5.77188515,6.41641135,6.7577459410000005,4.677197275,7.604141019,7.015955397000001,9.768861845,6.822428426,7.3812923779999995,6.175912899,5.272539419,5.972877177999999,4.628634701,7.85747222,4.677607076,6.731795485,10.385073,8.393103538,5.046282286,6.899490806,5.764388783999999,4.830382449,6.131059483,11.62638356,6.986157612,6.201104777,7.840455771,8.595916075,8.1596453,4.320360882,7.539984349,7.735142194,5.405552861,6.64350281,7.077242565,4.702353014,7.499452923,5.5716171160000005,8.167678421,5.09188012,6.280016149,4.673708582,6.040137232999999,7.7412463670000005,7.398333918,8.760252202,5.736360539,7.722674279,8.952642838,5.054043426000001,10.27555551,8.508830226,4.594475587,4.959274703999999,5.419809435,8.130212756,5.424384506,8.207199825,5.159400717,6.0044885279999995,4.9844395630000005,6.602749149,5.725360734,5.392266001,9.639912936,8.518327482,6.034278314,8.479845527,8.505095942,7.3506679,5.654903653,6.3100328889999995,4.517108428999999,4.862970081,8.765548638,6.239062075,7.874146979,5.206580257,7.698496987,5.923440667,6.262111708,8.554487137999999,8.978221469,6.516017941,6.992607146,8.038289322999999,6.511164832,6.820190116,6.199315937000001,5.264528017,9.226419169,6.873461868,5.724435119,6.196317231,6.1732865110000015,4.685959639,6.89612314,5.5803443470000005,8.029406892999999,10.82099309,4.26431945,7.753742904,4.842169406,5.886866531,5.529670061,6.314380907,5.518627996,5.337513745,8.730809927000001,6.606106575,4.66008699,5.664551311,10.439303500000001,6.021911433,7.941893792,6.420154256,5.092464181,8.090246118,5.415750967,10.39802045,7.6181913,4.316782454,5.7515813179999995,11.63373314,8.098534772,6.424526056,7.0022076160000015,6.2180518739999995,8.946694328,5.549040442000001,4.785903966,6.468842968,5.647339016,8.773264314,6.089321832,5.1168363889999995,7.991553841,7.494752684,5.121722231000001,4.81519485,6.52027907,5.118722662,5.994238788,4.630387717,4.911844295,7.759447618999999,6.876955646,4.917988200000001,7.200370982999999,8.15957021,7.996568055,5.034626225,8.847838932,6.4970241060000005,5.37073751,6.402874167999999,5.052630738,7.390427669,5.598747313,8.114011657,5.511852782,4.897979253,5.507905119,4.536293378,4.875413443,4.290743096,6.461321272999999,6.715975808,7.2153369760000015,5.755598452999999,7.47280029,11.02730793,5.443701507999999,4.6127299289999995,6.861131134,7.583613467999999,4.652456265,6.9293406210000015,4.732947578,6.958004777,8.29403347,4.90748459,7.481996745,9.091452775,8.204906614,5.741285284,8.802906869,6.428653317,8.368052882999999,8.492165179,5.248801922,5.863990518,5.639136412,5.862467633,4.882989067,7.114008457000001,8.082603092000001,4.690814377,7.285857315,7.320758047000001,5.4627725929999995,5.00460421,6.180513027999999,6.954288654,6.06538784,8.113059577000001,7.730653266,7.4893468410000015,5.74437226,5.208793355,7.245645597,9.412565927000001,6.130252785,6.471244032,8.316313206,5.687845633999999,6.9516435770000005,6.159203784,5.51544592,5.319563626,8.432106688,7.07083247,7.640022632999999,6.784477229,6.128621085,6.728392949,8.112246432000001,5.449545027,6.7326107639999995,4.926277385,7.443092495,7.377849677,8.045419546,5.769309223,9.266944661,6.4884140860000015,5.212826134,6.035814003,7.7146268870000005,7.195582722,6.680828914,8.43331268,6.8359341910000015,6.872657203999999,6.185372178,6.020043544,7.048924332,6.439546226,8.900956033,6.317324022999999,10.20504472,5.381582572999999,5.393992398,5.566302514,10.06964081,7.507132493999999,6.301476125,6.616266115,4.572022598,7.782885019,6.138979802000001,5.85502014,5.240553382,5.706342867999999,7.973275611,9.259936745,9.216038679,6.867657446,8.311252084,6.868651367000001,7.3593069710000005,7.3534335870000005,6.916516764,7.78015881,5.786803711,7.798265936,8.533321373,9.021019512,8.617996527999999,6.5855388989999994,4.661497348,4.601253648999999,5.132001679,7.545107729,9.352492796,7.670480082999999,6.036228106,6.857401229,6.393015501,7.4082506760000015,9.379424159,12.32992484,4.823402232,12.81585995,4.925324033,5.7320245089999995,5.561082711,4.526467321,6.296002155,8.241074441,4.423739797,4.341388545,6.784552929,9.769910333,7.593538708,7.525699899,8.787406464,8.983043647999999,5.6552837270000005,5.775140801,7.03544428,6.814657762,7.953558554,6.071206987,7.544465934,6.108396282999999,4.477864555,6.101232988,5.757462478,5.6018965010000015,8.145411332,7.8692976660000005,5.454809909,6.5911395729999995,5.542561347,4.607433326000001,4.697766051,5.043430254,4.36194964,4.786052767,4.716666741,4.810935013,4.916650177,8.926447154,8.624608300000002,5.061354205,6.11046741,5.687936016,4.832727126,4.7068470719999995,5.574318664,7.518359977999999,6.902908213,9.783735115,5.363832816,5.97688963,5.141545503,4.705465579,5.267913254,6.723613137999999,6.564454745,4.962264526,7.937933528999999,5.494424146,9.441531392,5.171516071,6.368912965,4.768977945,4.592269858,5.377686762000001,4.728898031,6.766877631,5.039417578,7.680947374,9.382871158,4.364108596,4.985862256,6.101112595,6.211260066,7.443231093,5.407194324,8.624577894,6.858240706,10.13089679,7.502348725,8.343720004,8.96259621,8.097994906,8.44714149,6.617412926,7.892730356,6.7924410810000015,7.215989645,5.965638642,4.562670778999999,6.515265858999999,7.490217031,4.890064016,5.50307157,5.418014192,5.9805856,4.739157045,5.11431957,7.890329705,8.855776118,7.694793318999999,6.633601893,6.8340253529999995,6.174919383,4.739932348,5.714116882999999,4.865162686000001,4.76342044,8.842475775,4.365342534,4.795490706,9.498292937,7.0478048960000015,6.10117245,4.403795579,6.893625925,4.4118517289999994,6.812062731,5.24057934,7.280950301,7.279883672,8.655320846,6.575390835,5.2931145939999995,4.655549527,7.637765495,7.313104768,6.995355601,4.9202716419999994,7.775431281,7.486675139,8.948615102,7.476625594,6.359928742,8.479946768,5.641710955,5.382061124,5.605229659,5.4266708679999995,9.268021422,9.233436613,6.296072915,4.665310839,4.769654473,7.741264094,7.295070475,8.694152005,4.703188514,4.73137228,8.302395982,9.589908413,5.02483017,7.8751290260000015,9.554254401,7.996915411,5.073759293999999,4.996063821,6.028797129,6.718370799,6.520389487,4.804730512,7.009454946,5.69158257,7.614257169,9.43343236,6.2694017460000016,5.685989747000001,5.189859342,4.318528115,6.205628982,6.864317047,4.977732468999999,6.801875676,6.379296404,7.465328396,10.68098878,10.20422249,11.03713673,8.575320878,7.2375769389999975,11.12521411,9.452257348,8.447606115,7.068338011,5.531425389,6.29291329,8.751102793,6.148215037999999,7.820360544,4.983576857,5.395988377,7.143778747000001,8.807778597,4.44578936,6.9422162279999995,8.046113507000001,8.185623235,4.479437112,5.429372829,5.225641677,5.40635653,9.904297866,4.760438996,13.21365963,14.04399296,6.179690399,7.317390355,7.654732461,9.276246399,9.927301976,9.095603859,6.906418691,6.636219003,5.777721504,8.03905262,5.199403117,7.1911385060000015,9.110071831,5.713084212,4.755315989,8.192638067,7.307062595,8.916503766,10.500537699999999,5.277852091000001,9.670309726000001,6.59853266,6.865779507,8.763052978,6.212970972999999,5.726540881,6.4830062029999995,9.188995015,7.024908383,4.444937755,6.8087699829999995,6.912405784,13.03482453,7.6772387029999996,6.523648737,7.318174152999999,5.559040573,6.5103868060000005,5.146776313999999,8.453039052000001,7.927180521,10.63755358,8.27583208,5.928761242999999,8.298536544,5.708766175,8.224036112,9.299234846000001,5.93555323,6.379356809,6.066986377,7.307184427999999,6.945203962999999,6.199280129,5.363093172,7.007375679,6.605539922,9.118548002,7.505895602000001,5.893262593999999,5.17024385,5.630679413999999,9.398298573,7.3857299770000004,5.560797935,4.731213039,5.066541125,9.228349003,9.309733629,5.019317625,7.716850031,6.519214325,12.83227933,4.870987565,6.790473669,7.168289328999999,4.845528261,6.578078577,7.015386017000001,7.529372865,9.203012141,5.484610617,9.473441216,5.324563533,5.732609931,8.336984847,4.924556245,5.916140738999999,7.322960307000001,5.076560008,8.909155152,9.148088334,6.845693193,8.585230357999999,5.064816158999999,11.93149863,5.624558396,6.566565825,4.471495029,6.3211837110000015,8.073890824,4.828403741,5.788047626,9.157879863,7.1412064179999994,8.603444676,4.372123707,5.9176570889999995,8.094267894,10.06853187,5.318289878,7.783592089,6.623214377,5.072958995,6.9369175310000015,7.467304247,7.628553847,12.04691509,6.407246455,5.984853556,4.769200289,9.24079399,8.643519688,8.393519035,5.723229633,5.536520601,6.126867283999999,7.336186783,5.053818764,4.853436576,5.123748687,5.627458017,7.2356939160000024,5.439165781,4.887526853,6.009773751,7.596793203,14.02962029,5.838318323999999,5.863296922999999,6.301831883999999,6.731944745,5.17387308,4.835868541,6.183070763,6.08954038,5.93455281,5.4458257439999995,6.74320556,5.611829361,7.418318977999999,8.165669609,5.714627999,12.50580816,5.603057636,5.294750402,8.520960934,6.8092225410000005,4.950667775,6.002745362000001,4.484269885,6.237674939,5.0761826480000005,6.018643624,5.978812415,7.604349087,7.111170129,7.87325726,7.658372657999999,5.0209045969999995,4.17489039,8.439847839,7.421242446,5.354989235,7.375963262999999,6.190145287999999,11.26120273,10.7500283,8.795989335,7.997413855,5.619281189,6.487996552,9.515781328,5.43954116,5.452216445,6.154555443,5.224540115,5.395071102999999,6.787386457,7.975265396,7.413251548,6.7197630660000005,6.443936817999999,6.031281456,6.498953908,6.593576112,6.675671212,7.841119326,5.419690623999999,9.362507968,7.161481741,6.429778861,9.347164662,5.6808227229999995,6.6371404689999975,6.931560366,6.551670495,6.257415394,5.162116518,9.980327603,6.874553822999999,4.837028045,7.127014,6.4717973639999995,8.435752102,4.613670225,5.345079833,6.733900498,8.161269613,7.7485334639999985,8.492169164,7.309976377000001,6.342043971,5.103586048,4.91406744,4.652400275,11.32268758,4.812456313999999,8.670946212,7.169802344,6.265072977000001,4.6556931939999995,11.01649095,5.880747653999999,7.45823126,7.209433763,5.761698047,5.894761114,6.492072221,4.626298574,4.7687151960000005,7.484842939,5.83456608,6.90915846,5.057366238,6.690069414,8.280477355,6.32452735,8.600904819,10.62871395,9.094848205,7.233059582,9.621776987,11.02367792,6.349988569,4.797932459,6.528808996,5.386894357999999,6.662483094,6.001574205,8.714568658,6.356030538,7.433460137000001,6.5352050120000005,5.618376026,4.624338012,5.153025703,7.233646498,8.161926882000001,7.181744817,7.236297828,5.42748054,5.2267540619999995,6.482587499,4.819385476,6.534103375,6.6107444310000005,10.22120325,10.68831166,4.385573681,4.83398048,6.5008605610000005,7.0902443239999995,4.7568136889999995,4.080157915,7.65801647,7.982765316,5.776629647999999,4.419595289,5.049290114,7.001724227,6.991261278,5.513399188999999,6.277013854,6.747357121,4.9347583760000004,6.409848909,5.546247567999999,6.046290567000001,7.235040406,5.320747449,5.331262357,5.855207900000001,6.069988502999999,5.63318545,6.142360981,7.582832517999999,4.179136109,9.187360894,4.544650561,6.877137817,6.455489012,6.777285158,5.595771653,5.071100004,4.684647518999999,5.081060894,5.683690829,6.200430451,7.556824983999999,5.8800395420000005,11.32584034,5.6736500360000015,7.232424162,4.549951302,5.8264697010000015,4.4195598480000005,5.662846947,5.574215952,6.079310808,7.626620827999999,4.472888028,5.523273652,4.559197562,7.744768485,6.476417975,7.580464434,11.72005118,5.039351295,6.888086932999999,10.16318109,9.015902407999999,8.369266742999999,5.502208249,7.1180161779999995,4.270002957,4.754453235,4.8120005919999995,4.833651855,5.011228498,6.846926064,9.430013621,5.882321717000001,6.203535717,9.670787504,5.991879869,8.920904725,6.156220374,8.401487833,8.498269192,5.944929012999999,9.169280378,6.6023793410000025,5.481843021,7.051380282,5.04308136,7.082828115,6.5834618670000005,8.331862875,7.37458871,7.1469545010000015,6.183583425,4.690889258,8.01294946,8.281929478,5.095416717,4.50007232,5.671099661,5.90459141,6.3566702070000005,6.40454729,6.232235652000001,10.34111891,6.996944587000001,6.357638661,6.8146911160000005,8.420214054,11.21232426,5.038693776000001,8.520566079,6.3728554860000015,8.411834942999999,6.621232572,9.15270772,7.500624264,7.808656487,6.979945505,10.85421122,7.455185822000001,9.439064287999999,4.78873767,5.801973345,4.400920199,7.389273997999999,7.127506704,5.89929377,5.278060003,8.816160423,6.948438218,6.554532152999999,6.9585323510000014,5.030501297,11.67444482,5.226900951,5.8356833539999995,6.727651132999999,6.566038467,9.261484087000001,7.0150715429999995,4.845426455,6.136494839,5.557294203,8.663802056,5.4197096610000015,4.889084421000001,7.148251639,5.5077537439999995,5.832792535,6.235935143,9.456177027,10.01793514,6.336572469,8.07882122,7.961308886,7.445081355,7.9544903310000015,8.159837179,6.985993102,8.131133944,6.660265159,6.244805363999999,6.354548382000001,4.772672957,7.851425495,9.542031465,5.2194299719999995,6.237651082,4.947507002,8.806589153,8.059403468,6.42034102,5.795186974,4.338912288,5.415177987000001,6.782258268,9.116970081,4.966776539,7.044816497,4.986509661,9.053853596,5.895589396,5.991793907999999,6.042977658,4.481059073,6.623644989,5.514584585,5.43472652,5.2427079569999995,6.480078224,4.68838615,7.205595849,5.608079851,5.503405017,10.75443658,6.7134948539999995,4.571875889,6.1686804429999995,9.26683013,5.296298232,8.590900357999999,8.23949559,4.409564135,6.310945727999999,5.8850238820000005,5.683750087000001,5.565222979,4.628767346,4.965162523,6.207749691,4.945533675,6.598754351,7.8599599829999995,6.585936969,7.152433292,10.02104073,5.258338339,5.101417553,7.036263138,5.6321632410000015,5.435419232,5.7670152360000015,4.453184329,4.39048111,8.678369352999999,6.330902846,8.496664682999999,12.42436045,4.649332288,8.949945537,6.066196428,7.659033513,5.015230177,4.473461808,5.934610738,11.75389531,10.28287406,8.241815195,7.642977228999999,5.384706785,4.800696805,5.6934121289999995,7.146392682999999,9.27825604,7.391407282,7.8515819539999985,5.352170056,7.666940941,5.925187386,5.234207103,6.070877384,7.223431729,7.430760542000001,6.292402474,6.868660067,7.4539144020000005,6.755660764,5.650305792999999,5.784142472,8.173094669,8.350628922,9.110551561,9.700618301,8.152270137,10.34390032,9.039385084,8.721870337999999,7.722797944,7.8940285060000015,6.160600095,10.1354179,4.5927438789999995,8.397391916,6.359273815,4.599267258999999,8.852459352999999,6.464309338,11.46950154,4.410319843,6.557592333,5.867686394,6.317478799,6.191466613999999,8.264289672,8.565379549,7.477648855,4.45900713,8.209666198999999,4.39694642,8.025518111,5.0258323030000005,5.745312825,5.788978329,5.9256659,9.738111053999999,4.965269097,5.671604637000001,6.849007643999999,5.075390683,7.025691972000001,7.63823544,8.794794605,7.757427957000001,4.25756135,8.001998958,8.4673428,5.545366771,5.430048861,5.081945056,6.7635388270000005,6.607678074,8.530615762,4.75945937,8.960919192,7.357237483,5.734780957999999,6.390436782,7.730890692000001,6.6322624029999995,6.064386344,7.828095789,6.915756332000001,9.561036247999999,7.214998262000001,4.213195995,6.976694424,7.3445813829999995,5.497170497000001,5.263750407,8.618324756,5.344809791,5.206727955,8.801316992,8.018918845,7.218036427,8.070646434,9.309106153,5.688104196,5.378473604,9.970358535,9.133457669,5.615039756,4.419277211,5.152739858,5.172570169,5.226703387,7.454058527999999,7.997499737999999,8.844225514,7.031468384,6.815699045,6.77050034,10.55605107,7.393180911,4.80839369,6.285792185,7.479713844,4.602375996,11.84205461,6.137253969,9.600338706,7.588042084,9.116003033,7.550573327,8.002077486000001,9.280823095,5.988699774,5.285961267,6.4497729889999995,4.353819967,7.988503121,7.475606252,7.731964558,5.589297771,11.59139887,7.75559663,8.042798067,8.914109391,5.869647109,5.68186873,5.316514767,7.148199475,5.303254587,5.4856167760000005,6.399044879,7.81640383,7.304098346,7.279991017,6.705962726,5.593935815,4.82543522,5.175130687,5.6743351539999995,6.341053401,5.521433131,4.40135156,4.069840226,5.123659151,5.204267627,5.20970514,4.5908152069999995,5.617032772000001,7.337480802999999,5.8054454060000005,6.587648637000001,5.86296469,6.939654831,4.679658979,11.06966639,9.449557636,4.738270834,5.947991742999999,7.146481735,5.309210537,8.583365642999999,4.503651921,5.319668359,9.549887353999999,6.449545218,8.202031538,5.657760306,5.495874954,6.685027737,5.846460757000001,4.202334414,4.487399872,6.972912332000001,5.34434333,7.880836211,4.74110038,6.654581385,6.494159302000001,6.809439555,4.5645960169999995,5.434073385,9.99087645,8.493274187,5.550620285,6.986556462,6.337767303,7.243800221,5.8081631960000015,5.993970751,6.648063336,6.334177057000001,9.70534655,9.489948803999999,9.636475916,7.16746605,7.852614847999999,5.111675853,7.095071462999999,4.714591915,7.9991337520000005,7.18985853,6.204063493,7.0865880039999976,8.557742637999999,7.589957711,5.140520334,5.269688013000001,4.894119305,6.1846715360000015,9.594429017000001,9.906965092,4.819320929,5.6991621939999995,5.950962264,7.938442961,5.928869547000001,6.4666592760000015,11.01853087,5.143335378,7.861375568,6.698545633999999,5.337513133,7.008840137000001,4.590784438,5.942874463,5.843490137000001,5.227557904,5.414295813,5.247775798,8.968411338,11.36114321,5.656069402999999,4.268572173,4.737791057,9.919117421000001,8.519279739,7.774070921,6.6662155510000005,4.490582871,4.272440233999999,7.4005141939999985,7.003357882,6.984655589,4.90135603,4.7369939169999995,6.596541002,4.617412683,4.918217567,5.086070095,8.586066801,9.074621302999999,5.068056102,5.84177145,6.811170721,7.975317255,5.964880421,4.592302228,6.352354602,5.329032928999999,5.504747561,5.522474956,8.867113832000001,6.5907528110000015,6.507133235,6.800523484,5.740095977999999,7.406185446,5.093645396,6.192189162999999,8.915259625,6.5996284260000015,4.876355611,7.700291826,4.729282883,8.10374402,7.900862525,4.798501035,9.502881643,6.3558193439999995,10.15703222,5.173785501,6.023775204,5.607057919,11.81260082,5.963688445,10.15811681,12.28566716,8.039109652,6.540099796,7.459396882999999,5.855647481,10.9414198,9.400767898,4.873090383,7.955180536,7.154021544,8.530785527,9.205398519,6.654334092999999,10.61573847,6.223807817999999,4.984079877,8.658302907000001,8.845010398,5.729027632,10.39317211,5.677960556,8.266654991000001,5.333644673,6.3911105820000005,6.9803231729999995,4.787486341,6.209491732,7.024333399,4.297395205,8.223825741,4.8478685619999995,8.571677907,8.593653518,5.715301015,5.068825034,4.633442227,10.61966661,7.453457812999999,7.140656149,6.97093445,7.260208615,7.546753394,7.272213428,9.927361487999999,5.915485515,6.7759616110000005,7.504203353999999,8.20723043,5.925663064,9.430460295,7.150118544,5.622391264,5.873933438,5.40321451,7.3663816739999985,8.24385629,5.963630869,5.230764403999999,8.815169656,4.554113387,5.234507476,5.853578272000001,4.905725708,6.652484977,5.6131911279999995,6.188277808,9.156976214,7.3393757389999985,9.217475988,9.521987889,8.068837683,8.961029249,5.137709112,7.827721282000001,6.595240702000001,8.701643792999999,7.6206493029999995,5.102454096000001,5.0503787319999995,7.352468977000001,7.31970796,4.497392296,6.380310828,6.968521363,8.342265422999999,5.849118722,5.111583486000001,6.047354365,7.142549653,8.056061785,7.985226346,7.561413009,7.932026229,6.841105353,5.739648572,6.579444341,7.790669164,10.05402075,6.708194617999999,6.707666897,12.88259284,8.896337691,6.735430067999999,8.506715011,11.38016106,10.85026511,4.186892799,4.195903265,5.425789765,6.865439907000001,8.460337557999999,10.02361073,6.972882956,7.600602477000001,7.956536483,5.430982928,4.7224355330000005,6.928363347,8.317453059,9.06905508,5.582457467999999,10.01035868,4.641124507,9.073730449,5.4000748970000005,5.108163072,5.191104289,6.490859531,4.535067358,4.799468658,5.21565277,7.705228121,8.008287232999999,4.631161186,9.352892368,6.767848834,6.751112943,9.467770991,6.6638833360000005,9.887227118,7.363871649,7.921348718,5.673398584,6.030125415,5.083153067,4.752281541,6.710226847,7.77326678,6.7878233020000005,4.937375753,7.959933958,7.2330774920000005,5.349483276,8.15944446,7.091445208,7.465665962,5.987053347000001,5.531227146,4.2803389,5.359874728,10.17560536,6.996796101,5.140682067,11.67054024,5.192275205,10.67891964,5.755719002,6.03052479,5.841208961,5.515385834,4.937422083,4.557994358,5.7312843739999995,5.351612752,4.823666762,5.26137527,6.09215335,4.814450005,6.934794887000001,5.302211618,7.262720718,12.18502645,5.57421987,4.757414936,5.674151859,6.046091121,4.945843374,6.954759475,9.42195583,6.801302777,5.905508697,10.20299823,5.71461562,4.927400405,4.247782337,5.611887126,4.993266098,7.940609151,7.586354696,5.302187857,7.720296323999999,5.9629088889999995,7.055667947000001,5.73662554,5.823461484,4.508680524,7.6951148510000005,8.669527214,10.2959632,5.044319557,4.721300907,7.213716954,5.179530234,11.03814307,5.883863419,8.87248415,6.495107656,6.195447511,5.738216027000001,8.310776005,8.599328468,6.200535062999999,6.258201307,6.950618443,5.741130724,7.76896529,5.717839239,4.5890915130000005,4.980905508999999,5.388798692000001,6.997118209,8.57921821,6.177082048,5.8620252729999995,5.873503082999999,5.24034217,7.008972907,6.192498165,4.577677017,4.252943801,4.1138991030000005,6.8320880000000015,8.703577382,4.874037112,6.760239058,6.533225848,5.6932358039999995,6.253744844,7.03706323,10.25983853,4.882737654,10.62084132,4.9517642969999995,6.021071915,4.826649762,11.28103155,4.41299449,7.685116308,5.15850098,5.825605362,5.430279998,8.698009196000001,5.75298744,8.242090961,7.972641287999999,4.470670375,5.340622309,8.590171955,7.133089469,7.318046402999999,4.488409834,6.785787826,5.779555611,9.195815831,7.154597721,8.098717158,6.654294362000001,7.495057774,4.80063513,8.972442735,5.260232998,5.310305444,7.364486787000001,8.395928992,5.067530411,9.175536486,10.90544646,7.083427358,6.667242398,4.905443562,11.11049275,4.652071871,9.124758647,4.71347533,6.194040526,5.243137512,5.031570643999999,4.876542082,6.322978377,8.373949073,11.59104828,6.632254382999999,4.884810507,8.023811734,8.207719212999999,5.792850527000001,4.455685926,8.112423698999999,7.711585931,8.931185117,6.373120472,5.2871060739999995,6.213943133,7.759552346,6.98281629,6.706640724,4.683255309,5.128560772,5.078741088,5.6765125339999996,6.509895185,7.126634075,7.837170634,6.927865216,5.221287127,6.960422137999999,7.612230017999999,5.543466821,5.626577758,8.871929026,4.795344986,6.6465029929999995,4.87434213,8.977907373999999,5.323429774,4.813148579,4.838174853,5.716323963,5.787499285,9.465791579,5.750666549,5.476872079,5.713769494,4.514437268,9.535887726,8.501953054,5.822959902000001,6.381529966,5.6072266420000005,6.789601998999999,5.8235111129999995,6.97422336,4.503711287,9.835429015,6.5616020760000024,7.832889845,4.2332485160000015,5.119632889,8.332854437,5.237814602,8.596736191,10.32646464,6.1380533370000006,10.38611246,7.532449217000001,4.957474314,6.559659318,6.601814528999999,4.279522167,4.848721739,7.304982884,5.038858142,5.335553956,5.093190122,5.042560684,5.608959337999999,6.2502972560000005,5.8382605629999995,6.859424926,6.074844286,4.534396895,6.357432686,7.664864323,4.73496446,7.191280326,5.661895839,5.558178476,5.545522365,4.667801517,8.02056185,9.145895032,5.371838755,5.081590361,5.126803048,7.157576884,7.009551339,11.14001777,7.892393179,4.140638471,5.440010028,8.157671673,5.308428534,4.311006707,4.727372046,6.716577111,5.160912776,4.27679354,7.928609363,6.1627449,10.81221292,6.486687099,6.068056843,6.254765592999999,5.94569125,7.258381999,6.70292213,5.477756756000002,5.499413515,5.649588,7.249431183,6.63796155,4.892994463,6.221081785,4.965516401,7.6045200920000005,4.718475051,8.339432943,7.1871287420000005,10.36844015,4.663687144,4.407191302,7.056908046,5.5073538960000015,6.031460017000001,4.805583382,10.05797048,6.9008613510000005,10.05910821,7.574598677999999,4.815793153,5.301472562,6.68201473,7.692046697,6.752206158,8.972293605,6.3126495039999995,6.349942712000001,6.0750923839999995,6.966118117000001,7.415323586,7.024747071,4.285155968,6.760142758,4.821927641,4.785199312,5.8342189410000005,7.364182135,5.253810328,4.396997726,7.296336416,5.976381085,5.495276401,6.054973671,5.290796108,5.08693913,7.603922464,4.3784606539999995,5.051759766,4.831896789,9.692998307,6.768773907000001,9.508883331,4.521718374,7.347211202,5.326506708,10.01020368,6.823421727,6.231044279,4.859600391,7.628803549,4.947387968999999,11.45027121,9.148471215,5.971752385,6.5824630410000005,9.648083657,9.861365311,7.693188782999999,6.530833951,7.711625109,5.714374072999999,10.71827971,5.712912604,6.111353546,6.540014322999999,8.098792661000001,8.498264133,5.838782386,8.104023067,9.342506803,10.22074953,4.512715407,5.175920681,5.500514335,4.807062952,8.399995563,4.811367662,9.834121631,8.325662407000001,5.604840514,5.278295156,5.483234293,5.675970883,4.332405501,5.860878832999999,7.844459756,9.000816807,7.049829536,4.990829651,5.809024854,11.48355736,12.35401926,6.222020729,5.078889428,6.2321421070000005,5.304596125,4.2921990889999995,8.024736401,7.169402265,10.38474224,8.514897955,6.287830682,7.741506375,7.109640095,5.437212227000001,4.8253376789999995,4.851641613,5.216800692,6.5891304129999995,6.864094562000001,6.041782744,5.882052375,5.812045366,5.5527202739999995,6.650373871,7.470223797,7.608076466,5.700181477999999,4.3990275919999995,7.936355835,4.275451973,5.165213631,5.688491459,5.681661752999999,6.385702035,6.531408421,5.512922275,8.954396877,4.941941474,5.365509239,5.909331356,4.817531218,6.858964384,4.801862073,10.42399767,9.842162624,5.627400777,5.577043447,5.312259499,5.564459314,7.470536748,8.420973423,4.43900202,4.515231899,7.1403222379999995,8.589988553,5.4375686089999995,6.372567413,8.634132506,7.601223363,4.773986976000001,5.6178517060000015,7.120718373,6.149979276,9.955179196,8.53805366,4.609920273,10.08646783,5.193069979,4.588730792,5.147286684,6.198822389,8.675167529,5.17229103,6.873159516,7.813429687,6.857944292000001,4.848598602,6.315250355,5.125391497,7.631319069,5.36570816,7.222083948,4.928690587,10.82668645,9.820610176,5.219223686,7.29752634,5.155191542,5.101041498,11.38191037,6.235892699,6.496898165,10.19181263,9.382263402000001,6.32172572,6.082549617000001,7.438267907999999,5.015892739,7.284459742999999,8.892904042,4.211289064,7.633417944,6.342581778,7.654326202000001,6.689176201,5.84468593,6.578128714,8.271265306,6.212092875,8.421615601000001,6.704475612,5.860053937000001,6.561846787,4.972138313,8.604386265,5.844510093999999,9.009004666000001,5.178707986,5.973607071,4.975535109,5.199770684,5.023458651,4.834247421000001,4.891177633,5.211937287,6.517828827000001,5.26293959,5.031573542,5.610948098,5.868620394,7.252327216,7.403621621,7.238603104,6.461756502,5.810767909,12.35276978,5.541408504,6.3151550489999995,7.880332049,5.539360137,4.202739674,7.490742278,5.418804495,8.900451896,5.191263496,5.176126593999999,4.440214975,7.426499954,5.835226627000001,6.596074354,7.158037525,5.784657009,5.59810468,12.76021273,6.804429207,4.2592464460000015,12.39878294,7.585810342,5.7252742539999995,4.470577629,5.652147126,6.197222312999999,8.647697435,6.0737942,4.9110382260000005,4.5980900689999995,7.671799339,5.687957872,7.7308845370000006,6.74978863,8.006336713,6.149099541,7.359855382999999,5.455484014,4.87814304,5.938572289,5.743834044,4.834769106,4.557775423,4.680579175,9.466082992,8.209556335,10.00564449,6.370786819,5.830102612,5.653628932,6.847887657999999,7.697493763,4.881147619,5.837840278,5.576284575,5.868408596,4.826802302,7.933755199,13.05510314,4.278280672,5.369699128,7.0904988410000005,4.275852642,8.029749146,9.35610749,10.079569699999999,11.45646043,7.271362661,7.370130876,8.277469422000001,7.266049093999999,5.32130751,6.056291794,7.24792798,4.923133366,6.628814042,6.1657842610000015,9.629544141,7.086143927,5.010085012,5.586225555,4.88632824,5.709199571,4.422834368999999,5.795759549,8.213208682000001,8.294670227000001,5.571625386,5.6521837029999995,8.916332622999999,10.35584199,11.125259300000002,6.390296383,5.8114102370000005,5.88460234,7.238646072000001,9.465921572000001,7.34722503,7.668714232,7.128726914,5.0640574019999995,7.688814953,5.277136076000001,4.619413641,5.621694767,5.307178223,5.1404617969999995,6.576974882000001,8.565427297000001,5.256683442,4.0826850630000004,5.38090456,4.438996714,4.5969684719999995,6.405913684,4.939438255,4.979449106000001,4.535800171,6.843735307999999,5.441062313,8.308413974,5.8186167860000015,7.518170329,5.968909244,6.169793219,5.855428193,9.499262603,6.863795426,4.631623964,8.131341217000001,4.543148683,6.600211423999999,7.940435898,5.775556532,7.683529092000001,8.394134635,7.927514029,8.179972781,8.252602484,4.949076819,5.381786311,4.4054862,8.404972416,10.65424759,6.032857118,7.793597411,7.096681707,7.198454586,5.9265166979999995,4.858502952,6.7988088289999995,4.853091723,5.055310307,6.2023289429999995,6.6449502910000025,6.143696992000001,5.746118878,5.697682746,4.9143639839999995,7.6743544739999985,4.683900817,7.151313805,6.4285475660000015,8.57354933,5.305415473,7.666779149,7.645395255,5.3293203060000005,5.050000743,10.0070238,5.811253557000001,5.39905649,8.469443028999999,4.323826736,6.168958797999999,7.99515265,5.788081802000001,6.086926442999999,7.315467331,8.766183448,6.374714177,7.38735023,4.987772403,4.245595263,5.054827811,4.759431271,9.782397203,5.314878556,6.257479752999999,5.98644646,5.024519273,8.211301548,7.37038097,5.5842546220000004,5.477215084,4.983673433,5.625431721,9.191475785,6.973511866,9.320379373,6.185119498,6.4070175260000015,7.736794887,5.521666217000001,6.14265812,4.912750681,12.87599743,6.124280385,4.3657508310000015,6.954423695,5.335084075,7.160117249,6.743471832999999,7.623071702000001,4.766359205,9.315124804,5.866954666,10.04481733,4.403326458,5.521424777000001,5.165366562,4.955054217,5.010975727,6.7798810739999995,6.3923917260000005,7.658391802000001,11.538755,5.803622219,6.773826484,5.697444031,4.928899152,7.419501222999999,5.41863183,5.944988717999999,5.65174313,7.762742458,6.149573837999999,5.124597249,4.584760145,4.911744961,8.433100021,5.4188866639999995,5.110328629,6.018308311,4.816406419,4.847874492,5.088904298,6.565916818,8.41548011,8.456004228,4.842011724,6.944010124,6.234963235,8.604137573,7.524863048999999,6.283564048,6.284855061,6.3581648479999995,5.207788876,6.325751341,5.8544084629999995,5.081878951,8.99295251,6.2536003220000005,4.344864329,7.730312822999999,7.352574122,4.532647492,6.156972885,7.543682578999999,7.789972931,10.66208289,4.8523660710000005,4.712408478,7.584432427,7.995651153,7.345436302,4.796851636,7.928450939,5.677195959,6.802804748,5.724543411,6.084690129,4.984439514,6.9800262910000015,6.7102230579999995,5.6365190620000005,7.8651558060000015,8.085540952999999,6.025241049,9.798498666,6.34890528,4.870817016,7.362216011,7.7347171,7.518898106,4.642666965,8.067501349,4.330973335,8.98540391,5.891958058999999,7.702395049,7.033504656,7.200616274,4.2692458910000015,6.5417837410000015,7.2424325970000005,6.5839342510000005,4.667454029,4.1742223869999995,5.999786114,9.552568522,5.069357025,6.460936165,7.784144078,5.64260659,6.0284018060000015,7.771164757,5.281442949,5.622487099,6.4775839170000005,5.42652021,8.65060331,10.31984221,7.518429717999999,4.192223376,5.405079023,7.886115697,5.9155244960000015,9.597075588,6.797433361,4.571960206,5.376108602,6.343462242999999,5.169848198,4.585138801,5.954461692000001,4.468619562,7.039031886,5.059485491,5.306888557,6.530313437999999,8.970179099,8.40128126,6.941573633,7.18563397,4.6662562439999995,5.307407773,6.922085605,5.539523419,5.678584312000001,9.190532314,4.923942923999999,6.28655911,8.360531457999999,5.49817788,7.601112818,4.633401208,8.180211106,8.242063225,7.559007382000001,10.02631712,4.8239853319999995,11.33634973,4.450757277,7.184730603999999,6.99373388,4.679198101,4.501435431,10.53835797,7.265492068999999,6.593941015,6.3313409279999995,7.22608955,4.936646214,7.0047182810000015,8.882186738,7.8934109810000015,8.017301045,5.141659801,5.897616827,7.913486685,8.190354427,4.488443072,5.205242128,5.396280399,5.287651477,4.836460961,5.648314506,6.8968971660000005,4.607267712,8.00079713,4.779591492,4.904712153999999,7.964692886,8.161402246,6.595518124,5.565924232,7.757681132,7.152648869,4.800244351,7.59824377,8.04463157,7.329484575,7.4236680339999985,4.683754223999999,4.718589892,8.452718091,7.644813721,5.936192514,8.701875255,9.283387527999999,4.930191703999999,8.714245834,5.329192239,5.070290544,7.395709844,6.641953689,6.782357779,6.449977256,4.806631843,5.131607726,6.57473457,5.112893315,9.337176964,4.38490655,5.092693882,10.36079501,7.117967899,7.3488042,7.635913648,5.795569479,8.193731534,4.147231913,8.469623848,7.0229672039999995,5.1389728880000005,6.0147054760000005,4.951420359,6.2675931579999995,5.696047502000001,6.020162685,5.699590762000001,6.529281532000001,5.895880644,6.522037856,4.4427456780000005,8.34563347,5.116780556,7.401170549,4.336038745,7.174277035,8.896475251,8.005752569,7.893253425,8.954704223,5.6775230310000016,7.656457487000001,4.492467714,8.237502476,6.134863289,9.728680949,11.48644165,6.134233313999999,7.3621297110000015,5.410768462,7.617290661,4.302193157,8.693381453999999,6.074549635,8.198138703,6.799051812,7.734161665,4.832197468,6.32543462,6.005859244,4.398422353,6.133934603999999,5.240999013,5.033590611,5.690621095,13.21519503,6.636512139,6.474432928,10.16680595,7.810163524,6.143929368999999,8.299873426,8.040707043,8.255200519,9.353140243,8.927150166,7.058539013,7.047682204,5.205493788,5.5682692660000015,6.460864554,8.264836079,4.288779562,6.107659462000001,11.48764651,5.390830547999999,8.408040405,5.832637895,5.540725651,5.240529895,6.874343634,6.322936014,9.420483377,9.485606133,7.841871135,7.297705203,6.50380241,4.28136699,5.430531403,7.6011847470000005,8.448449787000001,5.553807837000001,4.486248524,6.587320581,5.575636821,7.285205811,7.465486012,5.211896324,6.242011682,6.35443021,6.1289234839999995,5.491547862999999,7.342542777999999,6.371680875,5.966730962000001,4.770058592,7.152138937999999,5.422649312000001,5.1757379839999995,4.19535706,4.804373988,8.571980762,6.621381307999999,8.517078198,5.910716633,7.6113028310000015,5.7223830389999994,7.893967779,5.995898897000001,7.084932134,5.810774747999999,5.218355911000001,6.3601408410000015,7.75778555,5.932526967,8.719652252000001,4.450349227,6.209337256,4.416661284,5.71741423,7.640525692000001,11.69144448,4.741305551,8.506718457,11.84503583,6.8393669379999995,6.219102542999999,7.119473361,7.035659764,7.004844301,6.078677806,6.698111063,8.330097076,6.3266592379999995,5.847321872,8.920093853,6.497406655,5.784921174,5.325248325,7.015486192999999,4.600195398,7.752756064,12.30377488,5.2564592910000005,6.688457372999999,5.898365605,7.893858312000001,6.299768877999999,6.900171877000001,5.690494581,8.833992531,5.007070488,6.092589244,7.319127707000001,5.694647454,6.715125147999999,6.865285199,4.825225678,8.133291946,7.2264088179999995,5.653849927,5.1934420160000005,5.24112367,5.191392,6.6625348970000005,4.668452234,5.499004612,6.864835848999999,6.703293658,6.575767615,10.16497967,5.435517582,4.736889706,5.692774534,6.650815691,6.2689737,8.366943793999999,6.842782091,6.093950456,7.326577202999999,7.587387647000001,6.035303884,7.03743974,8.233534762,4.929969021000001,5.815729784,8.089148518,9.083728987999999,4.1138491460000015,5.7627681289999995,5.247282166000001,6.063512652000001,6.458983722999999,6.756001165,4.536724746,9.571385101,5.752374457,5.9589224839999995,8.205160591,6.382084084,7.197837034,6.308477826,8.78656277,8.136140703999999,7.22704546,8.615329722,6.005084779,7.428361207999999,7.213394619,8.087155274,5.900203457999999,7.799691507,11.66666354,7.365168177999999,4.76936833,10.15358217,7.063338077999999,8.081797212,6.906332065,7.047562135,6.28002381,5.147766644,5.484111381,5.65396883,7.745063036,7.342799648,5.9723376770000005,6.885963843,4.665853313,5.0109085669999995,10.10485917,5.1298824739999995,8.904445849,5.3188425960000005,4.404855803999999,11.18103516,5.217128536000001,10.32676981,5.348217072,6.59021405,6.230802075,9.633212854,5.721713144,8.091207426,9.10953854,6.460757822000001,7.289850922,7.453560112999999,7.5038059729999995,6.776102196,6.019892845,6.162266186,4.4890272000000015,6.926629985,6.03029751,9.142829082,5.43258978,9.602174247,7.69847601,7.965507016,7.159339827999999,5.993937186,8.089516925,8.627100402,7.4233527289999985,8.09860849,8.707538287,5.363525321,7.752427467,5.02621269,6.257825344,8.035348707,9.513199108,8.186701669,4.433710243999999,5.620776547999999,8.316650183,7.77303898,5.463007336,7.344189419,7.926615512000001,10.0754038,7.283537442999999,5.470395902000001,6.032278985,5.888442341,8.004729328,8.392281495,8.593489672999999,8.216847739,6.05579883,7.595710866,6.064408504,10.5772583,6.687164787,6.8219786870000005,8.126296349,6.075140721,7.469309053,5.49352102,4.221410695,9.994911404,6.779465184,6.5305765,7.575736846,5.296437269,6.793282972,5.41690303,6.429978221,7.18274498,5.4500639920000005,5.7773296610000004,5.235925451,6.463125558,8.044009997,9.750831665,3.813668525,5.327194585,5.677607148,5.80295889,7.957001859,4.774286378999999,5.4176195310000015,4.3989192919999995,7.778565703,5.285286816,5.115507438,6.724929241,8.940066879,4.688644738,7.499636897999999,8.209415577,9.721185902,7.346088615,4.963900962,4.729272601,8.753383232000001,9.064467547000001,8.672297665,10.43141862,9.787400051,6.312865771,4.531141262,4.817968844,6.839937736,7.513470055,5.60518454,7.866808363,7.409916731,7.886421745,8.955224539,5.76346925,6.355621263,5.003200316,7.2236140120000005,4.782486976,6.2495644860000015,4.8486409010000004,4.774844794,6.9150158489999995,6.2033253560000015,6.402384574,5.501861623,7.437465426,8.759435643,6.04335492,5.746477499,5.499408868,5.799347125,10.31266984,9.13979267,8.18821052,8.436744212,6.83506759,6.9717947239999996,7.560502358,5.99506491,6.847714548,7.083516286,5.459077159,4.729058641,5.939721603,7.215446384,6.584527552999999,4.356994459,5.7626992910000014,6.935082446,5.181558036,8.310216543,5.508183667999999,5.8691007520000005,5.003966134,7.363536346,5.343355765,4.658136302,5.161605051,5.595191802,7.9473019,5.265506307,4.601905567,8.190828783999999,4.877626537,8.875576397,10.52609055,5.184767863,6.907940505,11.64608635,6.561937403,6.152277638999999,4.85318027,5.124996586,6.295701276,6.841436067999999,4.628303282,8.490143993,7.136495048,7.41859968,7.461105762000001,5.652620422999999,5.787895391,5.26722979,5.933354487999999,5.2419101139999995,7.063351535,6.364804797000001,6.314391317,11.77763182,4.96730631,4.657118700000002,7.654941459,5.5976801960000016,5.163443879,7.092090568,6.501921224,8.762242937,6.040906531,6.148298317,5.022076135,6.486405897000001,4.837954374,4.747680992,5.94576049,8.723648962,5.362681499,7.245327728999999,4.896304487,4.8379760460000005,5.673755063,4.8143722780000004,6.3137430660000025,5.4014908870000005,4.671976857,7.445772688,5.562936702999999,6.4548756360000015,11.97958911,5.125806347,8.791130653,6.9454689929999995,10.41241936,4.567506245,5.979013052999999,7.627129196,5.661762837,4.091060499,7.650081809,4.403617362,7.259935033,5.658276663,5.95378337,5.486300489,11.7157117,9.660190077000001,8.26458148,4.814227064,5.066078824,4.695779097,7.621553221,7.332826594,5.244256871,5.808171912000001,5.472628328,5.55935224,7.065792626,7.277646752000001,7.910727972999999,7.799284366,5.868750981,4.533591041,4.972952801,7.1970055529999994,10.98580626,4.858129371,10.85395359,6.062675536,8.663069079,9.584510104,4.902074686000001,4.456365186,5.814802365,10.8241601,6.876624085,7.188207679,9.382954968,6.612529229,10.06041324,8.736623981000001,7.081773909,4.615108329,5.995807523,5.883411578,5.381985082999999,6.474756826,7.677903896,7.665033519,8.065169476,4.759017781,6.095671727,7.656070817000001,7.493033617,6.335237327000001,4.545925874,5.686782148,8.643203192,4.9845795310000005,6.811395724,6.5397068439999995,7.226026192000001,6.220683206,7.851845742,7.052497671,4.484326248,7.3682477870000005,6.187343987999999,6.309843666,7.58426668,4.861834428,8.492099995,6.088702645,7.388763235,6.084548912000001,6.123415672,9.372983955,5.43351962,8.123205061,11.02594967,11.39404578,5.6874612010000005,8.41435956,4.620039026000001,10.23183988,5.479793428,6.997814099,5.779665499,5.7198054339999995,5.98121755,7.7109069020000005,11.26316763,6.413175829,5.64978486,4.620610299,7.52267597,9.490254764,7.936595588999999,6.521325813,6.568856212000001,4.978258853,7.895731396,5.5931899210000005,7.174714974,5.7967458610000016,6.665669554,6.195678035,8.857582969,10.42372451,6.191813123999999,4.890693303,4.0
12,11.50149206,6.442371492,10.06803335,6.963142909,6.355185272000001,4.505605357,8.708670106,5.215859324,4.516068508,6.00094258,4.570771944,10.72197403,5.686403123,11.15289902,6.80146911,7.280425217,9.264126575,6.315970509,4.7461321960000005,8.968372459,4.4031022580000005,7.055727082000001,8.201784479,8.276174758,6.6878140010000005,5.099945352,6.4025454029999995,6.8619766910000015,5.327775238,5.086924109,9.169905676,6.332520677000001,7.255834097,5.15407988,7.7251166960000015,7.1945858560000016,6.3680700660000005,4.852083966,6.030109086,5.0859527060000005,9.090945526,6.182953304,6.46408533,7.3724780339999985,7.443572777999999,7.562455722,5.632205614,9.458288917,6.107286892,7.180064599,4.70077951,6.180118491,6.342723522000001,9.207647722,4.3220868260000005,5.5820590060000015,4.638904575,9.564482411,4.479225634,5.486773769,6.080817861,5.36516649,8.492506169,6.912919058,6.338581211,8.250269444,6.463140937,7.087047044,7.3940686960000015,7.831392153999999,6.335388312999999,13.5181696,8.005862952000001,4.417853148,6.8746792889999995,4.738113684,5.035287448,6.635549515,4.650025679,6.81094212,7.3732038310000005,6.413856415,8.638084422,9.042507137000001,5.273553656,5.664064442999999,7.488676497999999,4.9273997419999995,5.407971438,8.560319865,5.330746971,6.998517367000001,5.24807257,8.531623349,7.795500189,6.114101886,10.23013373,4.389235505,4.317163208,7.0484042879999995,5.454337732000001,6.0064216020000005,6.4053457210000015,8.564987106,7.452004938,9.153700446,9.57436994,4.767665404,5.0284764000000015,7.1580560470000005,4.9751590939999994,5.126707822,4.796996409,6.735165042999999,5.935333825,9.052949647,4.32670593,5.290257243,5.880046843,6.875871997000001,10.854647199999999,8.629766072,5.741546848,8.742215148,7.780149285,5.2821427739999995,4.973961296000001,5.456137135,4.676784881000001,7.379573947999999,5.443773075,10.96838826,6.546830569,6.58209914,5.835749924,8.040748607000001,6.532607877,4.731770722,6.287236872,5.3135597510000006,4.372232695,4.589372707,9.914731286,9.148258279,5.644284422999999,6.348863904,4.936908325,6.065469641,10.26790921,4.728262443,6.9791131360000005,4.731528248,7.200273342999999,5.525224796,8.73827955,6.63257591,5.736863747999999,6.193571929,7.708140667,5.346744183999999,9.101556646,4.770013274,6.886826602,6.292550022,6.777024409,4.7640755619999995,8.893178767,6.802069413,8.907980371,4.965191657,4.35156473,5.958083646,7.25387529,9.170295199,8.207702661,8.34902625,8.033019292999999,9.792479002,7.6076755060000005,4.580852244,5.576925352999999,4.432778325,5.21360975,4.557041882,4.396621081,9.955099639,9.25701749,7.689693802000001,7.15825626,6.037861945,5.155064684,6.463150015,7.0963414160000005,7.4351252510000005,6.205401942000001,6.486973405,7.81797012,8.750490682,6.242774596,5.575816372999999,8.151872376,8.859764105,7.5742523760000005,9.452456485,6.214428539,6.935434267000001,5.637472746,8.262827551,4.736596797,5.449053957,5.088603815,9.873359407,5.9408638210000015,5.816516943,6.2151221670000005,9.254887091,6.333001498,5.873113525,6.279914262,5.8423294110000015,7.321422592999999,8.551113701,6.497064924,6.941721338,4.502733147,11.15365941,5.6392328,7.131342328,5.480434799999999,5.870379436,6.156483795,10.03350703,5.0859636969999995,5.353907635,11.35395009,5.3847811839999995,6.161352357999999,4.850398866,5.281831766,7.98134041,5.848019184,4.254925335,8.836448303,7.383963457,5.531576804,6.8135084610000005,5.430313792000001,4.652612597,6.2297097820000005,4.926018202,5.735378008,4.925996222,6.71879443,4.73094431,9.879670747,7.67250849,10.36222301,5.799352482000001,6.3073298829999995,9.14176897,5.646238632,6.867631255,5.066943491,5.269260018,4.656442299999998,7.515971531,5.3691125689999994,6.873610404,6.212164821,6.918278269,7.1180385510000015,4.668945893,7.053280387999999,6.95825291,7.809522096,6.511460258,8.429819001,7.0283960999999975,4.482832818,8.180887468,11.56632956,8.401735942,8.617592396000001,7.52255705,4.381808875,7.4321755629999995,5.779905319,4.91761119,5.50538799,5.851914086,6.664978773,6.666931131,9.28747002,10.63615461,4.965512438999999,7.38189164,6.971159806,5.0145074119999995,6.285051645,8.891757899,5.930476106,5.6066843429999995,9.721787048,5.862713192,7.796469302999999,6.919588462999999,7.455708127,4.7159481219999995,6.921718477000001,4.920637311,4.43064762,5.77188515,6.41641135,6.7577459410000005,4.677197275,7.604141019,7.015955397000001,9.768861845,6.822428426,7.3812923779999995,6.175912899,5.272539419,5.972877177999999,4.628634701,7.85747222,4.677607076,6.731795485,10.385073,8.393103538,5.046282286,6.899490806,5.764388783999999,4.830382449,6.131059483,11.62638356,6.986157612,6.201104777,7.840455771,8.595916075,8.1596453,4.320360882,7.539984349,7.735142194,5.405552861,6.64350281,7.077242565,4.702353014,7.499452923,5.5716171160000005,8.167678421,5.09188012,6.280016149,4.673708582,6.040137232999999,7.7412463670000005,7.398333918,8.760252202,5.736360539,7.722674279,8.952642838,5.054043426000001,10.27555551,8.508830226,4.594475587,4.959274703999999,5.419809435,8.130212756,5.424384506,8.207199825,5.159400717,6.0044885279999995,4.9844395630000005,6.602749149,5.725360734,5.392266001,9.639912936,8.518327482,6.034278314,8.479845527,8.505095942,7.3506679,5.654903653,6.3100328889999995,4.517108428999999,4.862970081,8.765548638,6.239062075,7.874146979,5.206580257,7.698496987,5.923440667,6.262111708,8.554487137999999,8.978221469,6.516017941,6.992607146,8.038289322999999,6.511164832,6.820190116,6.199315937000001,5.264528017,9.226419169,6.873461868,5.724435119,6.196317231,6.1732865110000015,4.685959639,6.89612314,5.5803443470000005,8.029406892999999,10.82099309,4.26431945,7.753742904,4.842169406,5.886866531,5.529670061,6.314380907,5.518627996,5.337513745,8.730809927000001,6.606106575,4.66008699,5.664551311,10.439303500000001,6.021911433,7.941893792,6.420154256,5.092464181,8.090246118,5.415750967,10.39802045,7.6181913,4.316782454,5.7515813179999995,11.63373314,8.098534772,6.424526056,7.0022076160000015,6.2180518739999995,8.946694328,5.549040442000001,4.785903966,6.468842968,5.647339016,8.773264314,6.089321832,5.1168363889999995,7.991553841,7.494752684,5.121722231000001,4.81519485,6.52027907,5.118722662,5.994238788,4.630387717,4.911844295,7.759447618999999,6.876955646,4.917988200000001,7.200370982999999,8.15957021,7.996568055,5.034626225,8.847838932,6.4970241060000005,5.37073751,6.402874167999999,5.052630738,7.390427669,5.598747313,8.114011657,5.511852782,4.897979253,5.507905119,4.536293378,4.875413443,4.290743096,6.461321272999999,6.715975808,7.2153369760000015,5.755598452999999,7.47280029,11.02730793,5.443701507999999,4.6127299289999995,6.861131134,7.583613467999999,4.652456265,6.9293406210000015,4.732947578,6.958004777,8.29403347,4.90748459,7.481996745,9.091452775,8.204906614,5.741285284,8.802906869,6.428653317,8.368052882999999,8.492165179,5.248801922,5.863990518,5.639136412,5.862467633,4.882989067,7.114008457000001,8.082603092000001,4.690814377,7.285857315,7.320758047000001,5.4627725929999995,5.00460421,6.180513027999999,6.954288654,6.06538784,8.113059577000001,7.730653266,7.4893468410000015,5.74437226,5.208793355,7.245645597,9.412565927000001,6.130252785,6.471244032,8.316313206,5.687845633999999,6.9516435770000005,6.159203784,5.51544592,5.319563626,8.432106688,7.07083247,7.640022632999999,6.784477229,6.128621085,6.728392949,8.112246432000001,5.449545027,6.7326107639999995,4.926277385,7.443092495,7.377849677,8.045419546,5.769309223,9.266944661,6.4884140860000015,5.212826134,6.035814003,7.7146268870000005,7.195582722,6.680828914,8.43331268,6.8359341910000015,6.872657203999999,6.185372178,6.020043544,7.048924332,6.439546226,8.900956033,6.317324022999999,10.20504472,5.381582572999999,5.393992398,5.566302514,10.06964081,7.507132493999999,6.301476125,6.616266115,4.572022598,7.782885019,6.138979802000001,5.85502014,5.240553382,5.706342867999999,7.973275611,9.259936745,9.216038679,6.867657446,8.311252084,6.868651367000001,7.3593069710000005,7.3534335870000005,6.916516764,7.78015881,5.786803711,7.798265936,8.533321373,9.021019512,8.617996527999999,6.5855388989999994,4.661497348,4.601253648999999,5.132001679,7.545107729,9.352492796,7.670480082999999,6.036228106,6.857401229,6.393015501,7.4082506760000015,9.379424159,12.32992484,4.823402232,12.81585995,4.925324033,5.7320245089999995,5.561082711,4.526467321,6.296002155,8.241074441,4.423739797,4.341388545,6.784552929,9.769910333,7.593538708,7.525699899,8.787406464,8.983043647999999,5.6552837270000005,5.775140801,7.03544428,6.814657762,7.953558554,6.071206987,7.544465934,6.108396282999999,4.477864555,6.101232988,5.757462478,5.6018965010000015,8.145411332,7.8692976660000005,5.454809909,6.5911395729999995,5.542561347,4.607433326000001,4.697766051,5.043430254,4.36194964,4.786052767,4.716666741,4.810935013,4.916650177,8.926447154,8.624608300000002,5.061354205,6.11046741,5.687936016,4.832727126,4.7068470719999995,5.574318664,7.518359977999999,6.902908213,9.783735115,5.363832816,5.97688963,5.141545503,4.705465579,5.267913254,6.723613137999999,6.564454745,4.962264526,7.937933528999999,5.494424146,9.441531392,5.171516071,6.368912965,4.768977945,4.592269858,5.377686762000001,4.728898031,6.766877631,5.039417578,7.680947374,9.382871158,4.364108596,4.985862256,6.101112595,6.211260066,7.443231093,5.407194324,8.624577894,6.858240706,10.13089679,7.502348725,8.343720004,8.96259621,8.097994906,8.44714149,6.617412926,7.892730356,6.7924410810000015,7.215989645,5.965638642,4.562670778999999,6.515265858999999,7.490217031,4.890064016,5.50307157,5.418014192,5.9805856,4.739157045,5.11431957,7.890329705,8.855776118,7.694793318999999,6.633601893,6.8340253529999995,6.174919383,4.739932348,5.714116882999999,4.865162686000001,4.76342044,8.842475775,4.365342534,4.795490706,9.498292937,7.0478048960000015,6.10117245,4.403795579,6.893625925,4.4118517289999994,6.812062731,5.24057934,7.280950301,7.279883672,8.655320846,6.575390835,5.2931145939999995,4.655549527,7.637765495,7.313104768,6.995355601,4.9202716419999994,7.775431281,7.486675139,8.948615102,7.476625594,6.359928742,8.479946768,5.641710955,5.382061124,5.605229659,5.4266708679999995,9.268021422,9.233436613,6.296072915,4.665310839,4.769654473,7.741264094,7.295070475,8.694152005,4.703188514,4.73137228,8.302395982,9.589908413,5.02483017,7.8751290260000015,9.554254401,7.996915411,5.073759293999999,4.996063821,6.028797129,6.718370799,6.520389487,4.804730512,7.009454946,5.69158257,7.614257169,9.43343236,6.2694017460000016,5.685989747000001,5.189859342,4.318528115,6.205628982,6.864317047,4.977732468999999,6.801875676,6.379296404,7.465328396,10.68098878,10.20422249,11.03713673,8.575320878,7.2375769389999975,11.12521411,9.452257348,8.447606115,7.068338011,5.531425389,6.29291329,8.751102793,6.148215037999999,7.820360544,4.983576857,5.395988377,7.143778747000001,8.807778597,4.44578936,6.9422162279999995,8.046113507000001,8.185623235,4.479437112,5.429372829,5.225641677,5.40635653,9.904297866,4.760438996,13.21365963,14.04399296,6.179690399,7.317390355,7.654732461,9.276246399,9.927301976,9.095603859,6.906418691,6.636219003,5.777721504,8.03905262,5.199403117,7.1911385060000015,9.110071831,5.713084212,4.755315989,8.192638067,7.307062595,8.916503766,10.500537699999999,5.277852091000001,9.670309726000001,6.59853266,6.865779507,8.763052978,6.212970972999999,5.726540881,6.4830062029999995,9.188995015,7.024908383,4.444937755,6.8087699829999995,6.912405784,13.03482453,7.6772387029999996,6.523648737,7.318174152999999,5.559040573,6.5103868060000005,5.146776313999999,8.453039052000001,7.927180521,10.63755358,8.27583208,5.928761242999999,8.298536544,5.708766175,8.224036112,9.299234846000001,5.93555323,6.379356809,6.066986377,7.307184427999999,6.945203962999999,6.199280129,5.363093172,7.007375679,6.605539922,9.118548002,7.505895602000001,5.893262593999999,5.17024385,5.630679413999999,9.398298573,7.3857299770000004,5.560797935,4.731213039,5.066541125,9.228349003,9.309733629,5.019317625,7.716850031,6.519214325,12.83227933,4.870987565,6.790473669,7.168289328999999,4.845528261,6.578078577,7.015386017000001,7.529372865,9.203012141,5.484610617,9.473441216,5.324563533,5.732609931,8.336984847,4.924556245,5.916140738999999,7.322960307000001,5.076560008,8.909155152,9.148088334,6.845693193,8.585230357999999,5.064816158999999,11.93149863,5.624558396,6.566565825,4.471495029,6.3211837110000015,8.073890824,4.828403741,5.788047626,9.157879863,7.1412064179999994,8.603444676,4.372123707,5.9176570889999995,8.094267894,10.06853187,5.318289878,7.783592089,6.623214377,5.072958995,6.9369175310000015,7.467304247,7.628553847,12.04691509,6.407246455,5.984853556,4.769200289,9.24079399,8.643519688,8.393519035,5.723229633,5.536520601,6.126867283999999,7.336186783,5.053818764,4.853436576,5.123748687,5.627458017,7.2356939160000024,5.439165781,4.887526853,6.009773751,7.596793203,14.02962029,5.838318323999999,5.863296922999999,6.301831883999999,6.731944745,5.17387308,4.835868541,6.183070763,6.08954038,5.93455281,5.4458257439999995,6.74320556,5.611829361,7.418318977999999,8.165669609,5.714627999,12.50580816,5.603057636,5.294750402,8.520960934,6.8092225410000005,4.950667775,6.002745362000001,4.484269885,6.237674939,5.0761826480000005,6.018643624,5.978812415,7.604349087,7.111170129,7.87325726,7.658372657999999,5.0209045969999995,4.17489039,8.439847839,7.421242446,5.354989235,7.375963262999999,6.190145287999999,11.26120273,10.7500283,8.795989335,7.997413855,5.619281189,6.487996552,9.515781328,5.43954116,5.452216445,6.154555443,5.224540115,5.395071102999999,6.787386457,7.975265396,7.413251548,6.7197630660000005,6.443936817999999,6.031281456,6.498953908,6.593576112,6.675671212,7.841119326,5.419690623999999,9.362507968,7.161481741,6.429778861,9.347164662,5.6808227229999995,6.6371404689999975,6.931560366,6.551670495,6.257415394,5.162116518,9.980327603,6.874553822999999,4.837028045,7.127014,6.4717973639999995,8.435752102,4.613670225,5.345079833,6.733900498,8.161269613,7.7485334639999985,8.492169164,7.309976377000001,6.342043971,5.103586048,4.91406744,4.652400275,11.32268758,4.812456313999999,8.670946212,7.169802344,6.265072977000001,4.6556931939999995,11.01649095,5.880747653999999,7.45823126,7.209433763,5.761698047,5.894761114,6.492072221,4.626298574,4.7687151960000005,7.484842939,5.83456608,6.90915846,5.057366238,6.690069414,8.280477355,6.32452735,8.600904819,10.62871395,9.094848205,7.233059582,9.621776987,11.02367792,6.349988569,4.797932459,6.528808996,5.386894357999999,6.662483094,6.001574205,8.714568658,6.356030538,7.433460137000001,6.5352050120000005,5.618376026,4.624338012,5.153025703,7.233646498,8.161926882000001,7.181744817,7.236297828,5.42748054,5.2267540619999995,6.482587499,4.819385476,6.534103375,6.6107444310000005,10.22120325,10.68831166,4.385573681,4.83398048,6.5008605610000005,7.0902443239999995,4.7568136889999995,4.080157915,7.65801647,7.982765316,5.776629647999999,4.419595289,5.049290114,7.001724227,6.991261278,5.513399188999999,6.277013854,6.747357121,4.9347583760000004,6.409848909,5.546247567999999,6.046290567000001,7.235040406,5.320747449,5.331262357,5.855207900000001,6.069988502999999,5.63318545,6.142360981,7.582832517999999,4.179136109,9.187360894,4.544650561,6.877137817,6.455489012,6.777285158,5.595771653,5.071100004,4.684647518999999,5.081060894,5.683690829,6.200430451,7.556824983999999,5.8800395420000005,11.32584034,5.6736500360000015,7.232424162,4.549951302,5.8264697010000015,4.4195598480000005,5.662846947,5.574215952,6.079310808,7.626620827999999,4.472888028,5.523273652,4.559197562,7.744768485,6.476417975,7.580464434,11.72005118,5.039351295,6.888086932999999,10.16318109,9.015902407999999,8.369266742999999,5.502208249,7.1180161779999995,4.270002957,4.754453235,4.8120005919999995,4.833651855,5.011228498,6.846926064,9.430013621,5.882321717000001,6.203535717,9.670787504,5.991879869,8.920904725,6.156220374,8.401487833,8.498269192,5.944929012999999,9.169280378,6.6023793410000025,5.481843021,7.051380282,5.04308136,7.082828115,6.5834618670000005,8.331862875,7.37458871,7.1469545010000015,6.183583425,4.690889258,8.01294946,8.281929478,5.095416717,4.50007232,5.671099661,5.90459141,6.3566702070000005,6.40454729,6.232235652000001,10.34111891,6.996944587000001,6.357638661,6.8146911160000005,8.420214054,11.21232426,5.038693776000001,8.520566079,6.3728554860000015,8.411834942999999,6.621232572,9.15270772,7.500624264,7.808656487,6.979945505,10.85421122,7.455185822000001,9.439064287999999,4.78873767,5.801973345,4.400920199,7.389273997999999,7.127506704,5.89929377,5.278060003,8.816160423,6.948438218,6.554532152999999,6.9585323510000014,5.030501297,11.67444482,5.226900951,5.8356833539999995,6.727651132999999,6.566038467,9.261484087000001,7.0150715429999995,4.845426455,6.136494839,5.557294203,8.663802056,5.4197096610000015,4.889084421000001,7.148251639,5.5077537439999995,5.832792535,6.235935143,9.456177027,10.01793514,6.336572469,8.07882122,7.961308886,7.445081355,7.9544903310000015,8.159837179,6.985993102,8.131133944,6.660265159,6.244805363999999,6.354548382000001,4.772672957,7.851425495,9.542031465,5.2194299719999995,6.237651082,4.947507002,8.806589153,8.059403468,6.42034102,5.795186974,4.338912288,5.415177987000001,6.782258268,9.116970081,4.966776539,7.044816497,4.986509661,9.053853596,5.895589396,5.991793907999999,6.042977658,4.481059073,6.623644989,5.514584585,5.43472652,5.2427079569999995,6.480078224,4.68838615,7.205595849,5.608079851,5.503405017,10.75443658,6.7134948539999995,4.571875889,6.1686804429999995,9.26683013,5.296298232,8.590900357999999,8.23949559,4.409564135,6.310945727999999,5.8850238820000005,5.683750087000001,5.565222979,4.628767346,4.965162523,6.207749691,4.945533675,6.598754351,7.8599599829999995,6.585936969,7.152433292,10.02104073,5.258338339,5.101417553,7.036263138,5.6321632410000015,5.435419232,5.7670152360000015,4.453184329,4.39048111,8.678369352999999,6.330902846,8.496664682999999,12.42436045,4.649332288,8.949945537,6.066196428,7.659033513,5.015230177,4.473461808,5.934610738,11.75389531,10.28287406,8.241815195,7.642977228999999,5.384706785,4.800696805,5.6934121289999995,7.146392682999999,9.27825604,7.391407282,7.8515819539999985,5.352170056,7.666940941,5.925187386,5.234207103,6.070877384,7.223431729,7.430760542000001,6.292402474,6.868660067,7.4539144020000005,6.755660764,5.650305792999999,5.784142472,8.173094669,8.350628922,9.110551561,9.700618301,8.152270137,10.34390032,9.039385084,8.721870337999999,7.722797944,7.8940285060000015,6.160600095,10.1354179,4.5927438789999995,8.397391916,6.359273815,4.599267258999999,8.852459352999999,6.464309338,11.46950154,4.410319843,6.557592333,5.867686394,6.317478799,6.191466613999999,8.264289672,8.565379549,7.477648855,4.45900713,8.209666198999999,4.39694642,8.025518111,5.0258323030000005,5.745312825,5.788978329,5.9256659,9.738111053999999,4.965269097,5.671604637000001,6.849007643999999,5.075390683,7.025691972000001,7.63823544,8.794794605,7.757427957000001,4.25756135,8.001998958,8.4673428,5.545366771,5.430048861,5.081945056,6.7635388270000005,6.607678074,8.530615762,4.75945937,8.960919192,7.357237483,5.734780957999999,6.390436782,7.730890692000001,6.6322624029999995,6.064386344,7.828095789,6.915756332000001,9.561036247999999,7.214998262000001,4.213195995,6.976694424,7.3445813829999995,5.497170497000001,5.263750407,8.618324756,5.344809791,5.206727955,8.801316992,8.018918845,7.218036427,8.070646434,9.309106153,5.688104196,5.378473604,9.970358535,9.133457669,5.615039756,4.419277211,5.152739858,5.172570169,5.226703387,7.454058527999999,7.997499737999999,8.844225514,7.031468384,6.815699045,6.77050034,10.55605107,7.393180911,4.80839369,6.285792185,7.479713844,4.602375996,11.84205461,6.137253969,9.600338706,7.588042084,9.116003033,7.550573327,8.002077486000001,9.280823095,5.988699774,5.285961267,6.4497729889999995,4.353819967,7.988503121,7.475606252,7.731964558,5.589297771,11.59139887,7.75559663,8.042798067,8.914109391,5.869647109,5.68186873,5.316514767,7.148199475,5.303254587,5.4856167760000005,6.399044879,7.81640383,7.304098346,7.279991017,6.705962726,5.593935815,4.82543522,5.175130687,5.6743351539999995,6.341053401,5.521433131,4.40135156,4.069840226,5.123659151,5.204267627,5.20970514,4.5908152069999995,5.617032772000001,7.337480802999999,5.8054454060000005,6.587648637000001,5.86296469,6.939654831,4.679658979,11.06966639,9.449557636,4.738270834,5.947991742999999,7.146481735,5.309210537,8.583365642999999,4.503651921,5.319668359,9.549887353999999,6.449545218,8.202031538,5.657760306,5.495874954,6.685027737,5.846460757000001,4.202334414,4.487399872,6.972912332000001,5.34434333,7.880836211,4.74110038,6.654581385,6.494159302000001,6.809439555,4.5645960169999995,5.434073385,9.99087645,8.493274187,5.550620285,6.986556462,6.337767303,7.243800221,5.8081631960000015,5.993970751,6.648063336,6.334177057000001,9.70534655,9.489948803999999,9.636475916,7.16746605,7.852614847999999,5.111675853,7.095071462999999,4.714591915,7.9991337520000005,7.18985853,6.204063493,7.0865880039999976,8.557742637999999,7.589957711,5.140520334,5.269688013000001,4.894119305,6.1846715360000015,9.594429017000001,9.906965092,4.819320929,5.6991621939999995,5.950962264,7.938442961,5.928869547000001,6.4666592760000015,11.01853087,5.143335378,7.861375568,6.698545633999999,5.337513133,7.008840137000001,4.590784438,5.942874463,5.843490137000001,5.227557904,5.414295813,5.247775798,8.968411338,11.36114321,5.656069402999999,4.268572173,4.737791057,9.919117421000001,8.519279739,7.774070921,6.6662155510000005,4.490582871,4.272440233999999,7.4005141939999985,7.003357882,6.984655589,4.90135603,4.7369939169999995,6.596541002,4.617412683,4.918217567,5.086070095,8.586066801,9.074621302999999,5.068056102,5.84177145,6.811170721,7.975317255,5.964880421,4.592302228,6.352354602,5.329032928999999,5.504747561,5.522474956,8.867113832000001,6.5907528110000015,6.507133235,6.800523484,5.740095977999999,7.406185446,5.093645396,6.192189162999999,8.915259625,6.5996284260000015,4.876355611,7.700291826,4.729282883,8.10374402,7.900862525,4.798501035,9.502881643,6.3558193439999995,10.15703222,5.173785501,6.023775204,5.607057919,11.81260082,5.963688445,10.15811681,12.28566716,8.039109652,6.540099796,7.459396882999999,5.855647481,10.9414198,9.400767898,4.873090383,7.955180536,7.154021544,8.530785527,9.205398519,6.654334092999999,10.61573847,6.223807817999999,4.984079877,8.658302907000001,8.845010398,5.729027632,10.39317211,5.677960556,8.266654991000001,5.333644673,6.3911105820000005,6.9803231729999995,4.787486341,6.209491732,7.024333399,4.297395205,8.223825741,4.8478685619999995,8.571677907,8.593653518,5.715301015,5.068825034,4.633442227,10.61966661,7.453457812999999,7.140656149,6.97093445,7.260208615,7.546753394,7.272213428,9.927361487999999,5.915485515,6.7759616110000005,7.504203353999999,8.20723043,5.925663064,9.430460295,7.150118544,5.622391264,5.873933438,5.40321451,7.3663816739999985,8.24385629,5.963630869,5.230764403999999,8.815169656,4.554113387,5.234507476,5.853578272000001,4.905725708,6.652484977,5.6131911279999995,6.188277808,9.156976214,7.3393757389999985,9.217475988,9.521987889,8.068837683,8.961029249,5.137709112,7.827721282000001,6.595240702000001,8.701643792999999,7.6206493029999995,5.102454096000001,5.0503787319999995,7.352468977000001,7.31970796,4.497392296,6.380310828,6.968521363,8.342265422999999,5.849118722,5.111583486000001,6.047354365,7.142549653,8.056061785,7.985226346,7.561413009,7.932026229,6.841105353,5.739648572,6.579444341,7.790669164,10.05402075,6.708194617999999,6.707666897,12.88259284,8.896337691,6.735430067999999,8.506715011,11.38016106,10.85026511,4.186892799,4.195903265,5.425789765,6.865439907000001,8.460337557999999,10.02361073,6.972882956,7.600602477000001,7.956536483,5.430982928,4.7224355330000005,6.928363347,8.317453059,9.06905508,5.582457467999999,10.01035868,4.641124507,9.073730449,5.4000748970000005,5.108163072,5.191104289,6.490859531,4.535067358,4.799468658,5.21565277,7.705228121,8.008287232999999,4.631161186,9.352892368,6.767848834,6.751112943,9.467770991,6.6638833360000005,9.887227118,7.363871649,7.921348718,5.673398584,6.030125415,5.083153067,4.752281541,6.710226847,7.77326678,6.7878233020000005,4.937375753,7.959933958,7.2330774920000005,5.349483276,8.15944446,7.091445208,7.465665962,5.987053347000001,5.531227146,4.2803389,5.359874728,10.17560536,6.996796101,5.140682067,11.67054024,5.192275205,10.67891964,5.755719002,6.03052479,5.841208961,5.515385834,4.937422083,4.557994358,5.7312843739999995,5.351612752,4.823666762,5.26137527,6.09215335,4.814450005,6.934794887000001,5.302211618,7.262720718,12.18502645,5.57421987,4.757414936,5.674151859,6.046091121,4.945843374,6.954759475,9.42195583,6.801302777,5.905508697,10.20299823,5.71461562,4.927400405,4.247782337,5.611887126,4.993266098,7.940609151,7.586354696,5.302187857,7.720296323999999,5.9629088889999995,7.055667947000001,5.73662554,5.823461484,4.508680524,7.6951148510000005,8.669527214,10.2959632,5.044319557,4.721300907,7.213716954,5.179530234,11.03814307,5.883863419,8.87248415,6.495107656,6.195447511,5.738216027000001,8.310776005,8.599328468,6.200535062999999,6.258201307,6.950618443,5.741130724,7.76896529,5.717839239,4.5890915130000005,4.980905508999999,5.388798692000001,6.997118209,8.57921821,6.177082048,5.8620252729999995,5.873503082999999,5.24034217,7.008972907,6.192498165,4.577677017,4.252943801,4.1138991030000005,6.8320880000000015,8.703577382,4.874037112,6.760239058,6.533225848,5.6932358039999995,6.253744844,7.03706323,10.25983853,4.882737654,10.62084132,4.9517642969999995,6.021071915,4.826649762,11.28103155,4.41299449,7.685116308,5.15850098,5.825605362,5.430279998,8.698009196000001,5.75298744,8.242090961,7.972641287999999,4.470670375,5.340622309,8.590171955,7.133089469,7.318046402999999,4.488409834,6.785787826,5.779555611,9.195815831,7.154597721,8.098717158,6.654294362000001,7.495057774,4.80063513,8.972442735,5.260232998,5.310305444,7.364486787000001,8.395928992,5.067530411,9.175536486,10.90544646,7.083427358,6.667242398,4.905443562,11.11049275,4.652071871,9.124758647,4.71347533,6.194040526,5.243137512,5.031570643999999,4.876542082,6.322978377,8.373949073,11.59104828,6.632254382999999,4.884810507,8.023811734,8.207719212999999,5.792850527000001,4.455685926,8.112423698999999,7.711585931,8.931185117,6.373120472,5.2871060739999995,6.213943133,7.759552346,6.98281629,6.706640724,4.683255309,5.128560772,5.078741088,5.6765125339999996,6.509895185,7.126634075,7.837170634,6.927865216,5.221287127,6.960422137999999,7.612230017999999,5.543466821,5.626577758,8.871929026,4.795344986,6.6465029929999995,4.87434213,8.977907373999999,5.323429774,4.813148579,4.838174853,5.716323963,5.787499285,9.465791579,5.750666549,5.476872079,5.713769494,4.514437268,9.535887726,8.501953054,5.822959902000001,6.381529966,5.6072266420000005,6.789601998999999,5.8235111129999995,6.97422336,4.503711287,9.835429015,6.5616020760000024,7.832889845,4.2332485160000015,5.119632889,8.332854437,5.237814602,8.596736191,10.32646464,6.1380533370000006,10.38611246,7.532449217000001,4.957474314,6.559659318,6.601814528999999,4.279522167,4.848721739,7.304982884,5.038858142,5.335553956,5.093190122,5.042560684,5.608959337999999,6.2502972560000005,5.8382605629999995,6.859424926,6.074844286,4.534396895,6.357432686,7.664864323,4.73496446,7.191280326,5.661895839,5.558178476,5.545522365,4.667801517,8.02056185,9.145895032,5.371838755,5.081590361,5.126803048,7.157576884,7.009551339,11.14001777,7.892393179,4.140638471,5.440010028,8.157671673,5.308428534,4.311006707,4.727372046,6.716577111,5.160912776,4.27679354,7.928609363,6.1627449,10.81221292,6.486687099,6.068056843,6.254765592999999,5.94569125,7.258381999,6.70292213,5.477756756000002,5.499413515,5.649588,7.249431183,6.63796155,4.892994463,6.221081785,4.965516401,7.6045200920000005,4.718475051,8.339432943,7.1871287420000005,10.36844015,4.663687144,4.407191302,7.056908046,5.5073538960000015,6.031460017000001,4.805583382,10.05797048,6.9008613510000005,10.05910821,7.574598677999999,4.815793153,5.301472562,6.68201473,7.692046697,6.752206158,8.972293605,6.3126495039999995,6.349942712000001,6.0750923839999995,6.966118117000001,7.415323586,7.024747071,4.285155968,6.760142758,4.821927641,4.785199312,5.8342189410000005,7.364182135,5.253810328,4.396997726,7.296336416,5.976381085,5.495276401,6.054973671,5.290796108,5.08693913,7.603922464,4.3784606539999995,5.051759766,4.831896789,9.692998307,6.768773907000001,9.508883331,4.521718374,7.347211202,5.326506708,10.01020368,6.823421727,6.231044279,4.859600391,7.628803549,4.947387968999999,11.45027121,9.148471215,5.971752385,6.5824630410000005,9.648083657,9.861365311,7.693188782999999,6.530833951,7.711625109,5.714374072999999,10.71827971,5.712912604,6.111353546,6.540014322999999,8.098792661000001,8.498264133,5.838782386,8.104023067,9.342506803,10.22074953,4.512715407,5.175920681,5.500514335,4.807062952,8.399995563,4.811367662,9.834121631,8.325662407000001,5.604840514,5.278295156,5.483234293,5.675970883,4.332405501,5.860878832999999,7.844459756,9.000816807,7.049829536,4.990829651,5.809024854,11.48355736,12.35401926,6.222020729,5.078889428,6.2321421070000005,5.304596125,4.2921990889999995,8.024736401,7.169402265,10.38474224,8.514897955,6.287830682,7.741506375,7.109640095,5.437212227000001,4.8253376789999995,4.851641613,5.216800692,6.5891304129999995,6.864094562000001,6.041782744,5.882052375,5.812045366,5.5527202739999995,6.650373871,7.470223797,7.608076466,5.700181477999999,4.3990275919999995,7.936355835,4.275451973,5.165213631,5.688491459,5.681661752999999,6.385702035,6.531408421,5.512922275,8.954396877,4.941941474,5.365509239,5.909331356,4.817531218,6.858964384,4.801862073,10.42399767,9.842162624,5.627400777,5.577043447,5.312259499,5.564459314,7.470536748,8.420973423,4.43900202,4.515231899,7.1403222379999995,8.589988553,5.4375686089999995,6.372567413,8.634132506,7.601223363,4.773986976000001,5.6178517060000015,7.120718373,6.149979276,9.955179196,8.53805366,4.609920273,10.08646783,5.193069979,4.588730792,5.147286684,6.198822389,8.675167529,5.17229103,6.873159516,7.813429687,6.857944292000001,4.848598602,6.315250355,5.125391497,7.631319069,5.36570816,7.222083948,4.928690587,10.82668645,9.820610176,5.219223686,7.29752634,5.155191542,5.101041498,11.38191037,6.235892699,6.496898165,10.19181263,9.382263402000001,6.32172572,6.082549617000001,7.438267907999999,5.015892739,7.284459742999999,8.892904042,4.211289064,7.633417944,6.342581778,7.654326202000001,6.689176201,5.84468593,6.578128714,8.271265306,6.212092875,8.421615601000001,6.704475612,5.860053937000001,6.561846787,4.972138313,8.604386265,5.844510093999999,9.009004666000001,5.178707986,5.973607071,4.975535109,5.199770684,5.023458651,4.834247421000001,4.891177633,5.211937287,6.517828827000001,5.26293959,5.031573542,5.610948098,5.868620394,7.252327216,7.403621621,7.238603104,6.461756502,5.810767909,12.35276978,5.541408504,6.3151550489999995,7.880332049,5.539360137,4.202739674,7.490742278,5.418804495,8.900451896,5.191263496,5.176126593999999,4.440214975,7.426499954,5.835226627000001,6.596074354,7.158037525,5.784657009,5.59810468,12.76021273,6.804429207,4.2592464460000015,12.39878294,7.585810342,5.7252742539999995,4.470577629,5.652147126,6.197222312999999,8.647697435,6.0737942,4.9110382260000005,4.5980900689999995,7.671799339,5.687957872,7.7308845370000006,6.74978863,8.006336713,6.149099541,7.359855382999999,5.455484014,4.87814304,5.938572289,5.743834044,4.834769106,4.557775423,4.680579175,9.466082992,8.209556335,10.00564449,6.370786819,5.830102612,5.653628932,6.847887657999999,7.697493763,4.881147619,5.837840278,5.576284575,5.868408596,4.826802302,7.933755199,13.05510314,4.278280672,5.369699128,7.0904988410000005,4.275852642,8.029749146,9.35610749,10.079569699999999,11.45646043,7.271362661,7.370130876,8.277469422000001,7.266049093999999,5.32130751,6.056291794,7.24792798,4.923133366,6.628814042,6.1657842610000015,9.629544141,7.086143927,5.010085012,5.586225555,4.88632824,5.709199571,4.422834368999999,5.795759549,8.213208682000001,8.294670227000001,5.571625386,5.6521837029999995,8.916332622999999,10.35584199,11.125259300000002,6.390296383,5.8114102370000005,5.88460234,7.238646072000001,9.465921572000001,7.34722503,7.668714232,7.128726914,5.0640574019999995,7.688814953,5.277136076000001,4.619413641,5.621694767,5.307178223,5.1404617969999995,6.576974882000001,8.565427297000001,5.256683442,4.0826850630000004,5.38090456,4.438996714,4.5969684719999995,6.405913684,4.939438255,4.979449106000001,4.535800171,6.843735307999999,5.441062313,8.308413974,5.8186167860000015,7.518170329,5.968909244,6.169793219,5.855428193,9.499262603,6.863795426,4.631623964,8.131341217000001,4.543148683,6.600211423999999,7.940435898,5.775556532,7.683529092000001,8.394134635,7.927514029,8.179972781,8.252602484,4.949076819,5.381786311,4.4054862,8.404972416,10.65424759,6.032857118,7.793597411,7.096681707,7.198454586,5.9265166979999995,4.858502952,6.7988088289999995,4.853091723,5.055310307,6.2023289429999995,6.6449502910000025,6.143696992000001,5.746118878,5.697682746,4.9143639839999995,7.6743544739999985,4.683900817,7.151313805,6.4285475660000015,8.57354933,5.305415473,7.666779149,7.645395255,5.3293203060000005,5.050000743,10.0070238,5.811253557000001,5.39905649,8.469443028999999,4.323826736,6.168958797999999,7.99515265,5.788081802000001,6.086926442999999,7.315467331,8.766183448,6.374714177,7.38735023,4.987772403,4.245595263,5.054827811,4.759431271,9.782397203,5.314878556,6.257479752999999,5.98644646,5.024519273,8.211301548,7.37038097,5.5842546220000004,5.477215084,4.983673433,5.625431721,9.191475785,6.973511866,9.320379373,6.185119498,6.4070175260000015,7.736794887,5.521666217000001,6.14265812,4.912750681,12.87599743,6.124280385,4.3657508310000015,6.954423695,5.335084075,7.160117249,6.743471832999999,7.623071702000001,4.766359205,9.315124804,5.866954666,10.04481733,4.403326458,5.521424777000001,5.165366562,4.955054217,5.010975727,6.7798810739999995,6.3923917260000005,7.658391802000001,11.538755,5.803622219,6.773826484,5.697444031,4.928899152,7.419501222999999,5.41863183,5.944988717999999,5.65174313,7.762742458,6.149573837999999,5.124597249,4.584760145,4.911744961,8.433100021,5.4188866639999995,5.110328629,6.018308311,4.816406419,4.847874492,5.088904298,6.565916818,8.41548011,8.456004228,4.842011724,6.944010124,6.234963235,8.604137573,7.524863048999999,6.283564048,6.284855061,6.3581648479999995,5.207788876,6.325751341,5.8544084629999995,5.081878951,8.99295251,6.2536003220000005,4.344864329,7.730312822999999,7.352574122,4.532647492,6.156972885,7.543682578999999,7.789972931,10.66208289,4.8523660710000005,4.712408478,7.584432427,7.995651153,7.345436302,4.796851636,7.928450939,5.677195959,6.802804748,5.724543411,6.084690129,4.984439514,6.9800262910000015,6.7102230579999995,5.6365190620000005,7.8651558060000015,8.085540952999999,6.025241049,9.798498666,6.34890528,4.870817016,7.362216011,7.7347171,7.518898106,4.642666965,8.067501349,4.330973335,8.98540391,5.891958058999999,7.702395049,7.033504656,7.200616274,4.2692458910000015,6.5417837410000015,7.2424325970000005,6.5839342510000005,4.667454029,4.1742223869999995,5.999786114,9.552568522,5.069357025,6.460936165,7.784144078,5.64260659,6.0284018060000015,7.771164757,5.281442949,5.622487099,6.4775839170000005,5.42652021,8.65060331,10.31984221,7.518429717999999,4.192223376,5.405079023,7.886115697,5.9155244960000015,9.597075588,6.797433361,4.571960206,5.376108602,6.343462242999999,5.169848198,4.585138801,5.954461692000001,4.468619562,7.039031886,5.059485491,5.306888557,6.530313437999999,8.970179099,8.40128126,6.941573633,7.18563397,4.6662562439999995,5.307407773,6.922085605,5.539523419,5.678584312000001,9.190532314,4.923942923999999,6.28655911,8.360531457999999,5.49817788,7.601112818,4.633401208,8.180211106,8.242063225,7.559007382000001,10.02631712,4.8239853319999995,11.33634973,4.450757277,7.184730603999999,6.99373388,4.679198101,4.501435431,10.53835797,7.265492068999999,6.593941015,6.3313409279999995,7.22608955,4.936646214,7.0047182810000015,8.882186738,7.8934109810000015,8.017301045,5.141659801,5.897616827,7.913486685,8.190354427,4.488443072,5.205242128,5.396280399,5.287651477,4.836460961,5.648314506,6.8968971660000005,4.607267712,8.00079713,4.779591492,4.904712153999999,7.964692886,8.161402246,6.595518124,5.565924232,7.757681132,7.152648869,4.800244351,7.59824377,8.04463157,7.329484575,7.4236680339999985,4.683754223999999,4.718589892,8.452718091,7.644813721,5.936192514,8.701875255,9.283387527999999,4.930191703999999,8.714245834,5.329192239,5.070290544,7.395709844,6.641953689,6.782357779,6.449977256,4.806631843,5.131607726,6.57473457,5.112893315,9.337176964,4.38490655,5.092693882,10.36079501,7.117967899,7.3488042,7.635913648,5.795569479,8.193731534,4.147231913,8.469623848,7.0229672039999995,5.1389728880000005,6.0147054760000005,4.951420359,6.2675931579999995,5.696047502000001,6.020162685,5.699590762000001,6.529281532000001,5.895880644,6.522037856,4.4427456780000005,8.34563347,5.116780556,7.401170549,4.336038745,7.174277035,8.896475251,8.005752569,7.893253425,8.954704223,5.6775230310000016,7.656457487000001,4.492467714,8.237502476,6.134863289,9.728680949,11.48644165,6.134233313999999,7.3621297110000015,5.410768462,7.617290661,4.302193157,8.693381453999999,6.074549635,8.198138703,6.799051812,7.734161665,4.832197468,6.32543462,6.005859244,4.398422353,6.133934603999999,5.240999013,5.033590611,5.690621095,13.21519503,6.636512139,6.474432928,10.16680595,7.810163524,6.143929368999999,8.299873426,8.040707043,8.255200519,9.353140243,8.927150166,7.058539013,7.047682204,5.205493788,5.5682692660000015,6.460864554,8.264836079,4.288779562,6.107659462000001,11.48764651,5.390830547999999,8.408040405,5.832637895,5.540725651,5.240529895,6.874343634,6.322936014,9.420483377,9.485606133,7.841871135,7.297705203,6.50380241,4.28136699,5.430531403,7.6011847470000005,8.448449787000001,5.553807837000001,4.486248524,6.587320581,5.575636821,7.285205811,7.465486012,5.211896324,6.242011682,6.35443021,6.1289234839999995,5.491547862999999,7.342542777999999,6.371680875,5.966730962000001,4.770058592,7.152138937999999,5.422649312000001,5.1757379839999995,4.19535706,4.804373988,8.571980762,6.621381307999999,8.517078198,5.910716633,7.6113028310000015,5.7223830389999994,7.893967779,5.995898897000001,7.084932134,5.810774747999999,5.218355911000001,6.3601408410000015,7.75778555,5.932526967,8.719652252000001,4.450349227,6.209337256,4.416661284,5.71741423,7.640525692000001,11.69144448,4.741305551,8.506718457,11.84503583,6.8393669379999995,6.219102542999999,7.119473361,7.035659764,7.004844301,6.078677806,6.698111063,8.330097076,6.3266592379999995,5.847321872,8.920093853,6.497406655,5.784921174,5.325248325,7.015486192999999,4.600195398,7.752756064,12.30377488,5.2564592910000005,6.688457372999999,5.898365605,7.893858312000001,6.299768877999999,6.900171877000001,5.690494581,8.833992531,5.007070488,6.092589244,7.319127707000001,5.694647454,6.715125147999999,6.865285199,4.825225678,8.133291946,7.2264088179999995,5.653849927,5.1934420160000005,5.24112367,5.191392,6.6625348970000005,4.668452234,5.499004612,6.864835848999999,6.703293658,6.575767615,10.16497967,5.435517582,4.736889706,5.692774534,6.650815691,6.2689737,8.366943793999999,6.842782091,6.093950456,7.326577202999999,7.587387647000001,6.035303884,7.03743974,8.233534762,4.929969021000001,5.815729784,8.089148518,9.083728987999999,4.1138491460000015,5.7627681289999995,5.247282166000001,6.063512652000001,6.458983722999999,6.756001165,4.536724746,9.571385101,5.752374457,5.9589224839999995,8.205160591,6.382084084,7.197837034,6.308477826,8.78656277,8.136140703999999,7.22704546,8.615329722,6.005084779,7.428361207999999,7.213394619,8.087155274,5.900203457999999,7.799691507,11.66666354,7.365168177999999,4.76936833,10.15358217,7.063338077999999,8.081797212,6.906332065,7.047562135,6.28002381,5.147766644,5.484111381,5.65396883,7.745063036,7.342799648,5.9723376770000005,6.885963843,4.665853313,5.0109085669999995,10.10485917,5.1298824739999995,8.904445849,5.3188425960000005,4.404855803999999,11.18103516,5.217128536000001,10.32676981,5.348217072,6.59021405,6.230802075,9.633212854,5.721713144,8.091207426,9.10953854,6.460757822000001,7.289850922,7.453560112999999,7.5038059729999995,6.776102196,6.019892845,6.162266186,4.4890272000000015,6.926629985,6.03029751,9.142829082,5.43258978,9.602174247,7.69847601,7.965507016,7.159339827999999,5.993937186,8.089516925,8.627100402,7.4233527289999985,8.09860849,8.707538287,5.363525321,7.752427467,5.02621269,6.257825344,8.035348707,9.513199108,8.186701669,4.433710243999999,5.620776547999999,8.316650183,7.77303898,5.463007336,7.344189419,7.926615512000001,10.0754038,7.283537442999999,5.470395902000001,6.032278985,5.888442341,8.004729328,8.392281495,8.593489672999999,8.216847739,6.05579883,7.595710866,6.064408504,10.5772583,6.687164787,6.8219786870000005,8.126296349,6.075140721,7.469309053,5.49352102,4.221410695,9.994911404,6.779465184,6.5305765,7.575736846,5.296437269,6.793282972,5.41690303,6.429978221,7.18274498,5.4500639920000005,5.7773296610000004,5.235925451,6.463125558,8.044009997,9.750831665,3.813668525,5.327194585,5.677607148,5.80295889,7.957001859,4.774286378999999,5.4176195310000015,4.3989192919999995,7.778565703,5.285286816,5.115507438,6.724929241,8.940066879,4.688644738,7.499636897999999,8.209415577,9.721185902,7.346088615,4.963900962,4.729272601,8.753383232000001,9.064467547000001,8.672297665,10.43141862,9.787400051,6.312865771,4.531141262,4.817968844,6.839937736,7.513470055,5.60518454,7.866808363,7.409916731,7.886421745,8.955224539,5.76346925,6.355621263,5.003200316,7.2236140120000005,4.782486976,6.2495644860000015,4.8486409010000004,4.774844794,6.9150158489999995,6.2033253560000015,6.402384574,5.501861623,7.437465426,8.759435643,6.04335492,5.746477499,5.499408868,5.799347125,10.31266984,9.13979267,8.18821052,8.436744212,6.83506759,6.9717947239999996,7.560502358,5.99506491,6.847714548,7.083516286,5.459077159,4.729058641,5.939721603,7.215446384,6.584527552999999,4.356994459,5.7626992910000014,6.935082446,5.181558036,8.310216543,5.508183667999999,5.8691007520000005,5.003966134,7.363536346,5.343355765,4.658136302,5.161605051,5.595191802,7.9473019,5.265506307,4.601905567,8.190828783999999,4.877626537,8.875576397,10.52609055,5.184767863,6.907940505,11.64608635,6.561937403,6.152277638999999,4.85318027,5.124996586,6.295701276,6.841436067999999,4.628303282,8.490143993,7.136495048,7.41859968,7.461105762000001,5.652620422999999,5.787895391,5.26722979,5.933354487999999,5.2419101139999995,7.063351535,6.364804797000001,6.314391317,11.77763182,4.96730631,4.657118700000002,7.654941459,5.5976801960000016,5.163443879,7.092090568,6.501921224,8.762242937,6.040906531,6.148298317,5.022076135,6.486405897000001,4.837954374,4.747680992,5.94576049,8.723648962,5.362681499,7.245327728999999,4.896304487,4.8379760460000005,5.673755063,4.8143722780000004,6.3137430660000025,5.4014908870000005,4.671976857,7.445772688,5.562936702999999,6.4548756360000015,11.97958911,5.125806347,8.791130653,6.9454689929999995,10.41241936,4.567506245,5.979013052999999,7.627129196,5.661762837,4.091060499,7.650081809,4.403617362,7.259935033,5.658276663,5.95378337,5.486300489,11.7157117,9.660190077000001,8.26458148,4.814227064,5.066078824,4.695779097,7.621553221,7.332826594,5.244256871,5.808171912000001,5.472628328,5.55935224,7.065792626,7.277646752000001,7.910727972999999,7.799284366,5.868750981,4.533591041,4.972952801,7.1970055529999994,10.98580626,4.858129371,10.85395359,6.062675536,8.663069079,9.584510104,4.902074686000001,4.456365186,5.814802365,10.8241601,6.876624085,7.188207679,9.382954968,6.612529229,10.06041324,8.736623981000001,7.081773909,4.615108329,5.995807523,5.883411578,5.381985082999999,6.474756826,7.677903896,7.665033519,8.065169476,4.759017781,6.095671727,7.656070817000001,7.493033617,6.335237327000001,4.545925874,5.686782148,8.643203192,4.9845795310000005,6.811395724,6.5397068439999995,7.226026192000001,6.220683206,7.851845742,7.052497671,4.484326248,7.3682477870000005,6.187343987999999,6.309843666,7.58426668,4.861834428,8.492099995,6.088702645,7.388763235,6.084548912000001,6.123415672,9.372983955,5.43351962,8.123205061,11.02594967,11.39404578,5.6874612010000005,8.41435956,4.620039026000001,10.23183988,5.479793428,6.997814099,5.779665499,5.7198054339999995,5.98121755,7.7109069020000005,11.26316763,6.413175829,5.64978486,4.620610299,7.52267597,9.490254764,7.936595588999999,6.521325813,6.568856212000001,4.978258853,7.895731396,5.5931899210000005,7.174714974,5.7967458610000016,6.665669554,6.195678035,8.857582969,10.42372451,6.191813123999999,4.890693303,4.0
13,11.50149206,6.442371492,10.06803335,6.963142909,6.355185272000001,4.505605357,8.708670106,5.215859324,4.516068508,6.00094258,4.570771944,10.72197403,5.686403123,11.15289902,6.80146911,7.280425217,9.264126575,6.315970509,4.7461321960000005,8.968372459,4.4031022580000005,7.055727082000001,8.201784479,8.276174758,6.6878140010000005,5.099945352,6.4025454029999995,6.8619766910000015,5.327775238,5.086924109,9.169905676,6.332520677000001,7.255834097,5.15407988,7.7251166960000015,7.1945858560000016,6.3680700660000005,4.852083966,6.030109086,5.0859527060000005,9.090945526,6.182953304,6.46408533,7.3724780339999985,7.443572777999999,7.562455722,5.632205614,9.458288917,6.107286892,7.180064599,4.70077951,6.180118491,6.342723522000001,9.207647722,4.3220868260000005,5.5820590060000015,4.638904575,9.564482411,4.479225634,5.486773769,6.080817861,5.36516649,8.492506169,6.912919058,6.338581211,8.250269444,6.463140937,7.087047044,7.3940686960000015,7.831392153999999,6.335388312999999,13.5181696,8.005862952000001,4.417853148,6.8746792889999995,4.738113684,5.035287448,6.635549515,4.650025679,6.81094212,7.3732038310000005,6.413856415,8.638084422,9.042507137000001,5.273553656,5.664064442999999,7.488676497999999,4.9273997419999995,5.407971438,8.560319865,5.330746971,6.998517367000001,5.24807257,8.531623349,7.795500189,6.114101886,10.23013373,4.389235505,4.317163208,7.0484042879999995,5.454337732000001,6.0064216020000005,6.4053457210000015,8.564987106,7.452004938,9.153700446,9.57436994,4.767665404,5.0284764000000015,7.1580560470000005,4.9751590939999994,5.126707822,4.796996409,6.735165042999999,5.935333825,9.052949647,4.32670593,5.290257243,5.880046843,6.875871997000001,10.854647199999999,8.629766072,5.741546848,8.742215148,7.780149285,5.2821427739999995,4.973961296000001,5.456137135,4.676784881000001,7.379573947999999,5.443773075,10.96838826,6.546830569,6.58209914,5.835749924,8.040748607000001,6.532607877,4.731770722,6.287236872,5.3135597510000006,4.372232695,4.589372707,9.914731286,9.148258279,5.644284422999999,6.348863904,4.936908325,6.065469641,10.26790921,4.728262443,6.9791131360000005,4.731528248,7.200273342999999,5.525224796,8.73827955,6.63257591,5.736863747999999,6.193571929,7.708140667,5.346744183999999,9.101556646,4.770013274,6.886826602,6.292550022,6.777024409,4.7640755619999995,8.893178767,6.802069413,8.907980371,4.965191657,4.35156473,5.958083646,7.25387529,9.170295199,8.207702661,8.34902625,8.033019292999999,9.792479002,7.6076755060000005,4.580852244,5.576925352999999,4.432778325,5.21360975,4.557041882,4.396621081,9.955099639,9.25701749,7.689693802000001,7.15825626,6.037861945,5.155064684,6.463150015,7.0963414160000005,7.4351252510000005,6.205401942000001,6.486973405,7.81797012,8.750490682,6.242774596,5.575816372999999,8.151872376,8.859764105,7.5742523760000005,9.452456485,6.214428539,6.935434267000001,5.637472746,8.262827551,4.736596797,5.449053957,5.088603815,9.873359407,5.9408638210000015,5.816516943,6.2151221670000005,9.254887091,6.333001498,5.873113525,6.279914262,5.8423294110000015,7.321422592999999,8.551113701,6.497064924,6.941721338,4.502733147,11.15365941,5.6392328,7.131342328,5.480434799999999,5.870379436,6.156483795,10.03350703,5.0859636969999995,5.353907635,11.35395009,5.3847811839999995,6.161352357999999,4.850398866,5.281831766,7.98134041,5.848019184,4.254925335,8.836448303,7.383963457,5.531576804,6.8135084610000005,5.430313792000001,4.652612597,6.2297097820000005,4.926018202,5.735378008,4.925996222,6.71879443,4.73094431,9.879670747,7.67250849,10.36222301,5.799352482000001,6.3073298829999995,9.14176897,5.646238632,6.867631255,5.066943491,5.269260018,4.656442299999998,7.515971531,5.3691125689999994,6.873610404,6.212164821,6.918278269,7.1180385510000015,4.668945893,7.053280387999999,6.95825291,7.809522096,6.511460258,8.429819001,7.0283960999999975,4.482832818,8.180887468,11.56632956,8.401735942,8.617592396000001,7.52255705,4.381808875,7.4321755629999995,5.779905319,4.91761119,5.50538799,5.851914086,6.664978773,6.666931131,9.28747002,10.63615461,4.965512438999999,7.38189164,6.971159806,5.0145074119999995,6.285051645,8.891757899,5.930476106,5.6066843429999995,9.721787048,5.862713192,7.796469302999999,6.919588462999999,7.455708127,4.7159481219999995,6.921718477000001,4.920637311,4.43064762,5.77188515,6.41641135,6.7577459410000005,4.677197275,7.604141019,7.015955397000001,9.768861845,6.822428426,7.3812923779999995,6.175912899,5.272539419,5.972877177999999,4.628634701,7.85747222,4.677607076,6.731795485,10.385073,8.393103538,5.046282286,6.899490806,5.764388783999999,4.830382449,6.131059483,11.62638356,6.986157612,6.201104777,7.840455771,8.595916075,8.1596453,4.320360882,7.539984349,7.735142194,5.405552861,6.64350281,7.077242565,4.702353014,7.499452923,5.5716171160000005,8.167678421,5.09188012,6.280016149,4.673708582,6.040137232999999,7.7412463670000005,7.398333918,8.760252202,5.736360539,7.722674279,8.952642838,5.054043426000001,10.27555551,8.508830226,4.594475587,4.959274703999999,5.419809435,8.130212756,5.424384506,8.207199825,5.159400717,6.0044885279999995,4.9844395630000005,6.602749149,5.725360734,5.392266001,9.639912936,8.518327482,6.034278314,8.479845527,8.505095942,7.3506679,5.654903653,6.3100328889999995,4.517108428999999,4.862970081,8.765548638,6.239062075,7.874146979,5.206580257,7.698496987,5.923440667,6.262111708,8.554487137999999,8.978221469,6.516017941,6.992607146,8.038289322999999,6.511164832,6.820190116,6.199315937000001,5.264528017,9.226419169,6.873461868,5.724435119,6.196317231,6.1732865110000015,4.685959639,6.89612314,5.5803443470000005,8.029406892999999,10.82099309,4.26431945,7.753742904,4.842169406,5.886866531,5.529670061,6.314380907,5.518627996,5.337513745,8.730809927000001,6.606106575,4.66008699,5.664551311,10.439303500000001,6.021911433,7.941893792,6.420154256,5.092464181,8.090246118,5.415750967,10.39802045,7.6181913,4.316782454,5.7515813179999995,11.63373314,8.098534772,6.424526056,7.0022076160000015,6.2180518739999995,8.946694328,5.549040442000001,4.785903966,6.468842968,5.647339016,8.773264314,6.089321832,5.1168363889999995,7.991553841,7.494752684,5.121722231000001,4.81519485,6.52027907,5.118722662,5.994238788,4.630387717,4.911844295,7.759447618999999,6.876955646,4.917988200000001,7.200370982999999,8.15957021,7.996568055,5.034626225,8.847838932,6.4970241060000005,5.37073751,6.402874167999999,5.052630738,7.390427669,5.598747313,8.114011657,5.511852782,4.897979253,5.507905119,4.536293378,4.875413443,4.290743096,6.461321272999999,6.715975808,7.2153369760000015,5.755598452999999,7.47280029,11.02730793,5.443701507999999,4.6127299289999995,6.861131134,7.583613467999999,4.652456265,6.9293406210000015,4.732947578,6.958004777,8.29403347,4.90748459,7.481996745,9.091452775,8.204906614,5.741285284,8.802906869,6.428653317,8.368052882999999,8.492165179,5.248801922,5.863990518,5.639136412,5.862467633,4.882989067,7.114008457000001,8.082603092000001,4.690814377,7.285857315,7.320758047000001,5.4627725929999995,5.00460421,6.180513027999999,6.954288654,6.06538784,8.113059577000001,7.730653266,7.4893468410000015,5.74437226,5.208793355,7.245645597,9.412565927000001,6.130252785,6.471244032,8.316313206,5.687845633999999,6.9516435770000005,6.159203784,5.51544592,5.319563626,8.432106688,7.07083247,7.640022632999999,6.784477229,6.128621085,6.728392949,8.112246432000001,5.449545027,6.7326107639999995,4.926277385,7.443092495,7.377849677,8.045419546,5.769309223,9.266944661,6.4884140860000015,5.212826134,6.035814003,7.7146268870000005,7.195582722,6.680828914,8.43331268,6.8359341910000015,6.872657203999999,6.185372178,6.020043544,7.048924332,6.439546226,8.900956033,6.317324022999999,10.20504472,5.381582572999999,5.393992398,5.566302514,10.06964081,7.507132493999999,6.301476125,6.616266115,4.572022598,7.782885019,6.138979802000001,5.85502014,5.240553382,5.706342867999999,7.973275611,9.259936745,9.216038679,6.867657446,8.311252084,6.868651367000001,7.3593069710000005,7.3534335870000005,6.916516764,7.78015881,5.786803711,7.798265936,8.533321373,9.021019512,8.617996527999999,6.5855388989999994,4.661497348,4.601253648999999,5.132001679,7.545107729,9.352492796,7.670480082999999,6.036228106,6.857401229,6.393015501,7.4082506760000015,9.379424159,12.32992484,4.823402232,12.81585995,4.925324033,5.7320245089999995,5.561082711,4.526467321,6.296002155,8.241074441,4.423739797,4.341388545,6.784552929,9.769910333,7.593538708,7.525699899,8.787406464,8.983043647999999,5.6552837270000005,5.775140801,7.03544428,6.814657762,7.953558554,6.071206987,7.544465934,6.108396282999999,4.477864555,6.101232988,5.757462478,5.6018965010000015,8.145411332,7.8692976660000005,5.454809909,6.5911395729999995,5.542561347,4.607433326000001,4.697766051,5.043430254,4.36194964,4.786052767,4.716666741,4.810935013,4.916650177,8.926447154,8.624608300000002,5.061354205,6.11046741,5.687936016,4.832727126,4.7068470719999995,5.574318664,7.518359977999999,6.902908213,9.783735115,5.363832816,5.97688963,5.141545503,4.705465579,5.267913254,6.723613137999999,6.564454745,4.962264526,7.937933528999999,5.494424146,9.441531392,5.171516071,6.368912965,4.768977945,4.592269858,5.377686762000001,4.728898031,6.766877631,5.039417578,7.680947374,9.382871158,4.364108596,4.985862256,6.101112595,6.211260066,7.443231093,5.407194324,8.624577894,6.858240706,10.13089679,7.502348725,8.343720004,8.96259621,8.097994906,8.44714149,6.617412926,7.892730356,6.7924410810000015,7.215989645,5.965638642,4.562670778999999,6.515265858999999,7.490217031,4.890064016,5.50307157,5.418014192,5.9805856,4.739157045,5.11431957,7.890329705,8.855776118,7.694793318999999,6.633601893,6.8340253529999995,6.174919383,4.739932348,5.714116882999999,4.865162686000001,4.76342044,8.842475775,4.365342534,4.795490706,9.498292937,7.0478048960000015,6.10117245,4.403795579,6.893625925,4.4118517289999994,6.812062731,5.24057934,7.280950301,7.279883672,8.655320846,6.575390835,5.2931145939999995,4.655549527,7.637765495,7.313104768,6.995355601,4.9202716419999994,7.775431281,7.486675139,8.948615102,7.476625594,6.359928742,8.479946768,5.641710955,5.382061124,5.605229659,5.4266708679999995,9.268021422,9.233436613,6.296072915,4.665310839,4.769654473,7.741264094,7.295070475,8.694152005,4.703188514,4.73137228,8.302395982,9.589908413,5.02483017,7.8751290260000015,9.554254401,7.996915411,5.073759293999999,4.996063821,6.028797129,6.718370799,6.520389487,4.804730512,7.009454946,5.69158257,7.614257169,9.43343236,6.2694017460000016,5.685989747000001,5.189859342,4.318528115,6.205628982,6.864317047,4.977732468999999,6.801875676,6.379296404,7.465328396,10.68098878,10.20422249,11.03713673,8.575320878,7.2375769389999975,11.12521411,9.452257348,8.447606115,7.068338011,5.531425389,6.29291329,8.751102793,6.148215037999999,7.820360544,4.983576857,5.395988377,7.143778747000001,8.807778597,4.44578936,6.9422162279999995,8.046113507000001,8.185623235,4.479437112,5.429372829,5.225641677,5.40635653,9.904297866,4.760438996,13.21365963,14.04399296,6.179690399,7.317390355,7.654732461,9.276246399,9.927301976,9.095603859,6.906418691,6.636219003,5.777721504,8.03905262,5.199403117,7.1911385060000015,9.110071831,5.713084212,4.755315989,8.192638067,7.307062595,8.916503766,10.500537699999999,5.277852091000001,9.670309726000001,6.59853266,6.865779507,8.763052978,6.212970972999999,5.726540881,6.4830062029999995,9.188995015,7.024908383,4.444937755,6.8087699829999995,6.912405784,13.03482453,7.6772387029999996,6.523648737,7.318174152999999,5.559040573,6.5103868060000005,5.146776313999999,8.453039052000001,7.927180521,10.63755358,8.27583208,5.928761242999999,8.298536544,5.708766175,8.224036112,9.299234846000001,5.93555323,6.379356809,6.066986377,7.307184427999999,6.945203962999999,6.199280129,5.363093172,7.007375679,6.605539922,9.118548002,7.505895602000001,5.893262593999999,5.17024385,5.630679413999999,9.398298573,7.3857299770000004,5.560797935,4.731213039,5.066541125,9.228349003,9.309733629,5.019317625,7.716850031,6.519214325,12.83227933,4.870987565,6.790473669,7.168289328999999,4.845528261,6.578078577,7.015386017000001,7.529372865,9.203012141,5.484610617,9.473441216,5.324563533,5.732609931,8.336984847,4.924556245,5.916140738999999,7.322960307000001,5.076560008,8.909155152,9.148088334,6.845693193,8.585230357999999,5.064816158999999,11.93149863,5.624558396,6.566565825,4.471495029,6.3211837110000015,8.073890824,4.828403741,5.788047626,9.157879863,7.1412064179999994,8.603444676,4.372123707,5.9176570889999995,8.094267894,10.06853187,5.318289878,7.783592089,6.623214377,5.072958995,6.9369175310000015,7.467304247,7.628553847,12.04691509,6.407246455,5.984853556,4.769200289,9.24079399,8.643519688,8.393519035,5.723229633,5.536520601,6.126867283999999,7.336186783,5.053818764,4.853436576,5.123748687,5.627458017,7.2356939160000024,5.439165781,4.887526853,6.009773751,7.596793203,14.02962029,5.838318323999999,5.863296922999999,6.301831883999999,6.731944745,5.17387308,4.835868541,6.183070763,6.08954038,5.93455281,5.4458257439999995,6.74320556,5.611829361,7.418318977999999,8.165669609,5.714627999,12.50580816,5.603057636,5.294750402,8.520960934,6.8092225410000005,4.950667775,6.002745362000001,4.484269885,6.237674939,5.0761826480000005,6.018643624,5.978812415,7.604349087,7.111170129,7.87325726,7.658372657999999,5.0209045969999995,4.17489039,8.439847839,7.421242446,5.354989235,7.375963262999999,6.190145287999999,11.26120273,10.7500283,8.795989335,7.997413855,5.619281189,6.487996552,9.515781328,5.43954116,5.452216445,6.154555443,5.224540115,5.395071102999999,6.787386457,7.975265396,7.413251548,6.7197630660000005,6.443936817999999,6.031281456,6.498953908,6.593576112,6.675671212,7.841119326,5.419690623999999,9.362507968,7.161481741,6.429778861,9.347164662,5.6808227229999995,6.6371404689999975,6.931560366,6.551670495,6.257415394,5.162116518,9.980327603,6.874553822999999,4.837028045,7.127014,6.4717973639999995,8.435752102,4.613670225,5.345079833,6.733900498,8.161269613,7.7485334639999985,8.492169164,7.309976377000001,6.342043971,5.103586048,4.91406744,4.652400275,11.32268758,4.812456313999999,8.670946212,7.169802344,6.265072977000001,4.6556931939999995,11.01649095,5.880747653999999,7.45823126,7.209433763,5.761698047,5.894761114,6.492072221,4.626298574,4.7687151960000005,7.484842939,5.83456608,6.90915846,5.057366238,6.690069414,8.280477355,6.32452735,8.600904819,10.62871395,9.094848205,7.233059582,9.621776987,11.02367792,6.349988569,4.797932459,6.528808996,5.386894357999999,6.662483094,6.001574205,8.714568658,6.356030538,7.433460137000001,6.5352050120000005,5.618376026,4.624338012,5.153025703,7.233646498,8.161926882000001,7.181744817,7.236297828,5.42748054,5.2267540619999995,6.482587499,4.819385476,6.534103375,6.6107444310000005,10.22120325,10.68831166,4.385573681,4.83398048,6.5008605610000005,7.0902443239999995,4.7568136889999995,4.080157915,7.65801647,7.982765316,5.776629647999999,4.419595289,5.049290114,7.001724227,6.991261278,5.513399188999999,6.277013854,6.747357121,4.9347583760000004,6.409848909,5.546247567999999,6.046290567000001,7.235040406,5.320747449,5.331262357,5.855207900000001,6.069988502999999,5.63318545,6.142360981,7.582832517999999,4.179136109,9.187360894,4.544650561,6.877137817,6.455489012,6.777285158,5.595771653,5.071100004,4.684647518999999,5.081060894,5.683690829,6.200430451,7.556824983999999,5.8800395420000005,11.32584034,5.6736500360000015,7.232424162,4.549951302,5.8264697010000015,4.4195598480000005,5.662846947,5.574215952,6.079310808,7.626620827999999,4.472888028,5.523273652,4.559197562,7.744768485,6.476417975,7.580464434,11.72005118,5.039351295,6.888086932999999,10.16318109,9.015902407999999,8.369266742999999,5.502208249,7.1180161779999995,4.270002957,4.754453235,4.8120005919999995,4.833651855,5.011228498,6.846926064,9.430013621,5.882321717000001,6.203535717,9.670787504,5.991879869,8.920904725,6.156220374,8.401487833,8.498269192,5.944929012999999,9.169280378,6.6023793410000025,5.481843021,7.051380282,5.04308136,7.082828115,6.5834618670000005,8.331862875,7.37458871,7.1469545010000015,6.183583425,4.690889258,8.01294946,8.281929478,5.095416717,4.50007232,5.671099661,5.90459141,6.3566702070000005,6.40454729,6.232235652000001,10.34111891,6.996944587000001,6.357638661,6.8146911160000005,8.420214054,11.21232426,5.038693776000001,8.520566079,6.3728554860000015,8.411834942999999,6.621232572,9.15270772,7.500624264,7.808656487,6.979945505,10.85421122,7.455185822000001,9.439064287999999,4.78873767,5.801973345,4.400920199,7.389273997999999,7.127506704,5.89929377,5.278060003,8.816160423,6.948438218,6.554532152999999,6.9585323510000014,5.030501297,11.67444482,5.226900951,5.8356833539999995,6.727651132999999,6.566038467,9.261484087000001,7.0150715429999995,4.845426455,6.136494839,5.557294203,8.663802056,5.4197096610000015,4.889084421000001,7.148251639,5.5077537439999995,5.832792535,6.235935143,9.456177027,10.01793514,6.336572469,8.07882122,7.961308886,7.445081355,7.9544903310000015,8.159837179,6.985993102,8.131133944,6.660265159,6.244805363999999,6.354548382000001,4.772672957,7.851425495,9.542031465,5.2194299719999995,6.237651082,4.947507002,8.806589153,8.059403468,6.42034102,5.795186974,4.338912288,5.415177987000001,6.782258268,9.116970081,4.966776539,7.044816497,4.986509661,9.053853596,5.895589396,5.991793907999999,6.042977658,4.481059073,6.623644989,5.514584585,5.43472652,5.2427079569999995,6.480078224,4.68838615,7.205595849,5.608079851,5.503405017,10.75443658,6.7134948539999995,4.571875889,6.1686804429999995,9.26683013,5.296298232,8.590900357999999,8.23949559,4.409564135,6.310945727999999,5.8850238820000005,5.683750087000001,5.565222979,4.628767346,4.965162523,6.207749691,4.945533675,6.598754351,7.8599599829999995,6.585936969,7.152433292,10.02104073,5.258338339,5.101417553,7.036263138,5.6321632410000015,5.435419232,5.7670152360000015,4.453184329,4.39048111,8.678369352999999,6.330902846,8.496664682999999,12.42436045,4.649332288,8.949945537,6.066196428,7.659033513,5.015230177,4.473461808,5.934610738,11.75389531,10.28287406,8.241815195,7.642977228999999,5.384706785,4.800696805,5.6934121289999995,7.146392682999999,9.27825604,7.391407282,7.8515819539999985,5.352170056,7.666940941,5.925187386,5.234207103,6.070877384,7.223431729,7.430760542000001,6.292402474,6.868660067,7.4539144020000005,6.755660764,5.650305792999999,5.784142472,8.173094669,8.350628922,9.110551561,9.700618301,8.152270137,10.34390032,9.039385084,8.721870337999999,7.722797944,7.8940285060000015,6.160600095,10.1354179,4.5927438789999995,8.397391916,6.359273815,4.599267258999999,8.852459352999999,6.464309338,11.46950154,4.410319843,6.557592333,5.867686394,6.317478799,6.191466613999999,8.264289672,8.565379549,7.477648855,4.45900713,8.209666198999999,4.39694642,8.025518111,5.0258323030000005,5.745312825,5.788978329,5.9256659,9.738111053999999,4.965269097,5.671604637000001,6.849007643999999,5.075390683,7.025691972000001,7.63823544,8.794794605,7.757427957000001,4.25756135,8.001998958,8.4673428,5.545366771,5.430048861,5.081945056,6.7635388270000005,6.607678074,8.530615762,4.75945937,8.960919192,7.357237483,5.734780957999999,6.390436782,7.730890692000001,6.6322624029999995,6.064386344,7.828095789,6.915756332000001,9.561036247999999,7.214998262000001,4.213195995,6.976694424,7.3445813829999995,5.497170497000001,5.263750407,8.618324756,5.344809791,5.206727955,8.801316992,8.018918845,7.218036427,8.070646434,9.309106153,5.688104196,5.378473604,9.970358535,9.133457669,5.615039756,4.419277211,5.152739858,5.172570169,5.226703387,7.454058527999999,7.997499737999999,8.844225514,7.031468384,6.815699045,6.77050034,10.55605107,7.393180911,4.80839369,6.285792185,7.479713844,4.602375996,11.84205461,6.137253969,9.600338706,7.588042084,9.116003033,7.550573327,8.002077486000001,9.280823095,5.988699774,5.285961267,6.4497729889999995,4.353819967,7.988503121,7.475606252,7.731964558,5.589297771,11.59139887,7.75559663,8.042798067,8.914109391,5.869647109,5.68186873,5.316514767,7.148199475,5.303254587,5.4856167760000005,6.399044879,7.81640383,7.304098346,7.279991017,6.705962726,5.593935815,4.82543522,5.175130687,5.6743351539999995,6.341053401,5.521433131,4.40135156,4.069840226,5.123659151,5.204267627,5.20970514,4.5908152069999995,5.617032772000001,7.337480802999999,5.8054454060000005,6.587648637000001,5.86296469,6.939654831,4.679658979,11.06966639,9.449557636,4.738270834,5.947991742999999,7.146481735,5.309210537,8.583365642999999,4.503651921,5.319668359,9.549887353999999,6.449545218,8.202031538,5.657760306,5.495874954,6.685027737,5.846460757000001,4.202334414,4.487399872,6.972912332000001,5.34434333,7.880836211,4.74110038,6.654581385,6.494159302000001,6.809439555,4.5645960169999995,5.434073385,9.99087645,8.493274187,5.550620285,6.986556462,6.337767303,7.243800221,5.8081631960000015,5.993970751,6.648063336,6.334177057000001,9.70534655,9.489948803999999,9.636475916,7.16746605,7.852614847999999,5.111675853,7.095071462999999,4.714591915,7.9991337520000005,7.18985853,6.204063493,7.0865880039999976,8.557742637999999,7.589957711,5.140520334,5.269688013000001,4.894119305,6.1846715360000015,9.594429017000001,9.906965092,4.819320929,5.6991621939999995,5.950962264,7.938442961,5.928869547000001,6.4666592760000015,11.01853087,5.143335378,7.861375568,6.698545633999999,5.337513133,7.008840137000001,4.590784438,5.942874463,5.843490137000001,5.227557904,5.414295813,5.247775798,8.968411338,11.36114321,5.656069402999999,4.268572173,4.737791057,9.919117421000001,8.519279739,7.774070921,6.6662155510000005,4.490582871,4.272440233999999,7.4005141939999985,7.003357882,6.984655589,4.90135603,4.7369939169999995,6.596541002,4.617412683,4.918217567,5.086070095,8.586066801,9.074621302999999,5.068056102,5.84177145,6.811170721,7.975317255,5.964880421,4.592302228,6.352354602,5.329032928999999,5.504747561,5.522474956,8.867113832000001,6.5907528110000015,6.507133235,6.800523484,5.740095977999999,7.406185446,5.093645396,6.192189162999999,8.915259625,6.5996284260000015,4.876355611,7.700291826,4.729282883,8.10374402,7.900862525,4.798501035,9.502881643,6.3558193439999995,10.15703222,5.173785501,6.023775204,5.607057919,11.81260082,5.963688445,10.15811681,12.28566716,8.039109652,6.540099796,7.459396882999999,5.855647481,10.9414198,9.400767898,4.873090383,7.955180536,7.154021544,8.530785527,9.205398519,6.654334092999999,10.61573847,6.223807817999999,4.984079877,8.658302907000001,8.845010398,5.729027632,10.39317211,5.677960556,8.266654991000001,5.333644673,6.3911105820000005,6.9803231729999995,4.787486341,6.209491732,7.024333399,4.297395205,8.223825741,4.8478685619999995,8.571677907,8.593653518,5.715301015,5.068825034,4.633442227,10.61966661,7.453457812999999,7.140656149,6.97093445,7.260208615,7.546753394,7.272213428,9.927361487999999,5.915485515,6.7759616110000005,7.504203353999999,8.20723043,5.925663064,9.430460295,7.150118544,5.622391264,5.873933438,5.40321451,7.3663816739999985,8.24385629,5.963630869,5.230764403999999,8.815169656,4.554113387,5.234507476,5.853578272000001,4.905725708,6.652484977,5.6131911279999995,6.188277808,9.156976214,7.3393757389999985,9.217475988,9.521987889,8.068837683,8.961029249,5.137709112,7.827721282000001,6.595240702000001,8.701643792999999,7.6206493029999995,5.102454096000001,5.0503787319999995,7.352468977000001,7.31970796,4.497392296,6.380310828,6.968521363,8.342265422999999,5.849118722,5.111583486000001,6.047354365,7.142549653,8.056061785,7.985226346,7.561413009,7.932026229,6.841105353,5.739648572,6.579444341,7.790669164,10.05402075,6.708194617999999,6.707666897,12.88259284,8.896337691,6.735430067999999,8.506715011,11.38016106,10.85026511,4.186892799,4.195903265,5.425789765,6.865439907000001,8.460337557999999,10.02361073,6.972882956,7.600602477000001,7.956536483,5.430982928,4.7224355330000005,6.928363347,8.317453059,9.06905508,5.582457467999999,10.01035868,4.641124507,9.073730449,5.4000748970000005,5.108163072,5.191104289,6.490859531,4.535067358,4.799468658,5.21565277,7.705228121,8.008287232999999,4.631161186,9.352892368,6.767848834,6.751112943,9.467770991,6.6638833360000005,9.887227118,7.363871649,7.921348718,5.673398584,6.030125415,5.083153067,4.752281541,6.710226847,7.77326678,6.7878233020000005,4.937375753,7.959933958,7.2330774920000005,5.349483276,8.15944446,7.091445208,7.465665962,5.987053347000001,5.531227146,4.2803389,5.359874728,10.17560536,6.996796101,5.140682067,11.67054024,5.192275205,10.67891964,5.755719002,6.03052479,5.841208961,5.515385834,4.937422083,4.557994358,5.7312843739999995,5.351612752,4.823666762,5.26137527,6.09215335,4.814450005,6.934794887000001,5.302211618,7.262720718,12.18502645,5.57421987,4.757414936,5.674151859,6.046091121,4.945843374,6.954759475,9.42195583,6.801302777,5.905508697,10.20299823,5.71461562,4.927400405,4.247782337,5.611887126,4.993266098,7.940609151,7.586354696,5.302187857,7.720296323999999,5.9629088889999995,7.055667947000001,5.73662554,5.823461484,4.508680524,7.6951148510000005,8.669527214,10.2959632,5.044319557,4.721300907,7.213716954,5.179530234,11.03814307,5.883863419,8.87248415,6.495107656,6.195447511,5.738216027000001,8.310776005,8.599328468,6.200535062999999,6.258201307,6.950618443,5.741130724,7.76896529,5.717839239,4.5890915130000005,4.980905508999999,5.388798692000001,6.997118209,8.57921821,6.177082048,5.8620252729999995,5.873503082999999,5.24034217,7.008972907,6.192498165,4.577677017,4.252943801,4.1138991030000005,6.8320880000000015,8.703577382,4.874037112,6.760239058,6.533225848,5.6932358039999995,6.253744844,7.03706323,10.25983853,4.882737654,10.62084132,4.9517642969999995,6.021071915,4.826649762,11.28103155,4.41299449,7.685116308,5.15850098,5.825605362,5.430279998,8.698009196000001,5.75298744,8.242090961,7.972641287999999,4.470670375,5.340622309,8.590171955,7.133089469,7.318046402999999,4.488409834,6.785787826,5.779555611,9.195815831,7.154597721,8.098717158,6.654294362000001,7.495057774,4.80063513,8.972442735,5.260232998,5.310305444,7.364486787000001,8.395928992,5.067530411,9.175536486,10.90544646,7.083427358,6.667242398,4.905443562,11.11049275,4.652071871,9.124758647,4.71347533,6.194040526,5.243137512,5.031570643999999,4.876542082,6.322978377,8.373949073,11.59104828,6.632254382999999,4.884810507,8.023811734,8.207719212999999,5.792850527000001,4.455685926,8.112423698999999,7.711585931,8.931185117,6.373120472,5.2871060739999995,6.213943133,7.759552346,6.98281629,6.706640724,4.683255309,5.128560772,5.078741088,5.6765125339999996,6.509895185,7.126634075,7.837170634,6.927865216,5.221287127,6.960422137999999,7.612230017999999,5.543466821,5.626577758,8.871929026,4.795344986,6.6465029929999995,4.87434213,8.977907373999999,5.323429774,4.813148579,4.838174853,5.716323963,5.787499285,9.465791579,5.750666549,5.476872079,5.713769494,4.514437268,9.535887726,8.501953054,5.822959902000001,6.381529966,5.6072266420000005,6.789601998999999,5.8235111129999995,6.97422336,4.503711287,9.835429015,6.5616020760000024,7.832889845,4.2332485160000015,5.119632889,8.332854437,5.237814602,8.596736191,10.32646464,6.1380533370000006,10.38611246,7.532449217000001,4.957474314,6.559659318,6.601814528999999,4.279522167,4.848721739,7.304982884,5.038858142,5.335553956,5.093190122,5.042560684,5.608959337999999,6.2502972560000005,5.8382605629999995,6.859424926,6.074844286,4.534396895,6.357432686,7.664864323,4.73496446,7.191280326,5.661895839,5.558178476,5.545522365,4.667801517,8.02056185,9.145895032,5.371838755,5.081590361,5.126803048,7.157576884,7.009551339,11.14001777,7.892393179,4.140638471,5.440010028,8.157671673,5.308428534,4.311006707,4.727372046,6.716577111,5.160912776,4.27679354,7.928609363,6.1627449,10.81221292,6.486687099,6.068056843,6.254765592999999,5.94569125,7.258381999,6.70292213,5.477756756000002,5.499413515,5.649588,7.249431183,6.63796155,4.892994463,6.221081785,4.965516401,7.6045200920000005,4.718475051,8.339432943,7.1871287420000005,10.36844015,4.663687144,4.407191302,7.056908046,5.5073538960000015,6.031460017000001,4.805583382,10.05797048,6.9008613510000005,10.05910821,7.574598677999999,4.815793153,5.301472562,6.68201473,7.692046697,6.752206158,8.972293605,6.3126495039999995,6.349942712000001,6.0750923839999995,6.966118117000001,7.415323586,7.024747071,4.285155968,6.760142758,4.821927641,4.785199312,5.8342189410000005,7.364182135,5.253810328,4.396997726,7.296336416,5.976381085,5.495276401,6.054973671,5.290796108,5.08693913,7.603922464,4.3784606539999995,5.051759766,4.831896789,9.692998307,6.768773907000001,9.508883331,4.521718374,7.347211202,5.326506708,10.01020368,6.823421727,6.231044279,4.859600391,7.628803549,4.947387968999999,11.45027121,9.148471215,5.971752385,6.5824630410000005,9.648083657,9.861365311,7.693188782999999,6.530833951,7.711625109,5.714374072999999,10.71827971,5.712912604,6.111353546,6.540014322999999,8.098792661000001,8.498264133,5.838782386,8.104023067,9.342506803,10.22074953,4.512715407,5.175920681,5.500514335,4.807062952,8.399995563,4.811367662,9.834121631,8.325662407000001,5.604840514,5.278295156,5.483234293,5.675970883,4.332405501,5.860878832999999,7.844459756,9.000816807,7.049829536,4.990829651,5.809024854,11.48355736,12.35401926,6.222020729,5.078889428,6.2321421070000005,5.304596125,4.2921990889999995,8.024736401,7.169402265,10.38474224,8.514897955,6.287830682,7.741506375,7.109640095,5.437212227000001,4.8253376789999995,4.851641613,5.216800692,6.5891304129999995,6.864094562000001,6.041782744,5.882052375,5.812045366,5.5527202739999995,6.650373871,7.470223797,7.608076466,5.700181477999999,4.3990275919999995,7.936355835,4.275451973,5.165213631,5.688491459,5.681661752999999,6.385702035,6.531408421,5.512922275,8.954396877,4.941941474,5.365509239,5.909331356,4.817531218,6.858964384,4.801862073,10.42399767,9.842162624,5.627400777,5.577043447,5.312259499,5.564459314,7.470536748,8.420973423,4.43900202,4.515231899,7.1403222379999995,8.589988553,5.4375686089999995,6.372567413,8.634132506,7.601223363,4.773986976000001,5.6178517060000015,7.120718373,6.149979276,9.955179196,8.53805366,4.609920273,10.08646783,5.193069979,4.588730792,5.147286684,6.198822389,8.675167529,5.17229103,6.873159516,7.813429687,6.857944292000001,4.848598602,6.315250355,5.125391497,7.631319069,5.36570816,7.222083948,4.928690587,10.82668645,9.820610176,5.219223686,7.29752634,5.155191542,5.101041498,11.38191037,6.235892699,6.496898165,10.19181263,9.382263402000001,6.32172572,6.082549617000001,7.438267907999999,5.015892739,7.284459742999999,8.892904042,4.211289064,7.633417944,6.342581778,7.654326202000001,6.689176201,5.84468593,6.578128714,8.271265306,6.212092875,8.421615601000001,6.704475612,5.860053937000001,6.561846787,4.972138313,8.604386265,5.844510093999999,9.009004666000001,5.178707986,5.973607071,4.975535109,5.199770684,5.023458651,4.834247421000001,4.891177633,5.211937287,6.517828827000001,5.26293959,5.031573542,5.610948098,5.868620394,7.252327216,7.403621621,7.238603104,6.461756502,5.810767909,12.35276978,5.541408504,6.3151550489999995,7.880332049,5.539360137,4.202739674,7.490742278,5.418804495,8.900451896,5.191263496,5.176126593999999,4.440214975,7.426499954,5.835226627000001,6.596074354,7.158037525,5.784657009,5.59810468,12.76021273,6.804429207,4.2592464460000015,12.39878294,7.585810342,5.7252742539999995,4.470577629,5.652147126,6.197222312999999,8.647697435,6.0737942,4.9110382260000005,4.5980900689999995,7.671799339,5.687957872,7.7308845370000006,6.74978863,8.006336713,6.149099541,7.359855382999999,5.455484014,4.87814304,5.938572289,5.743834044,4.834769106,4.557775423,4.680579175,9.466082992,8.209556335,10.00564449,6.370786819,5.830102612,5.653628932,6.847887657999999,7.697493763,4.881147619,5.837840278,5.576284575,5.868408596,4.826802302,7.933755199,13.05510314,4.278280672,5.369699128,7.0904988410000005,4.275852642,8.029749146,9.35610749,10.079569699999999,11.45646043,7.271362661,7.370130876,8.277469422000001,7.266049093999999,5.32130751,6.056291794,7.24792798,4.923133366,6.628814042,6.1657842610000015,9.629544141,7.086143927,5.010085012,5.586225555,4.88632824,5.709199571,4.422834368999999,5.795759549,8.213208682000001,8.294670227000001,5.571625386,5.6521837029999995,8.916332622999999,10.35584199,11.125259300000002,6.390296383,5.8114102370000005,5.88460234,7.238646072000001,9.465921572000001,7.34722503,7.668714232,7.128726914,5.0640574019999995,7.688814953,5.277136076000001,4.619413641,5.621694767,5.307178223,5.1404617969999995,6.576974882000001,8.565427297000001,5.256683442,4.0826850630000004,5.38090456,4.438996714,4.5969684719999995,6.405913684,4.939438255,4.979449106000001,4.535800171,6.843735307999999,5.441062313,8.308413974,5.8186167860000015,7.518170329,5.968909244,6.169793219,5.855428193,9.499262603,6.863795426,4.631623964,8.131341217000001,4.543148683,6.600211423999999,7.940435898,5.775556532,7.683529092000001,8.394134635,7.927514029,8.179972781,8.252602484,4.949076819,5.381786311,4.4054862,8.404972416,10.65424759,6.032857118,7.793597411,7.096681707,7.198454586,5.9265166979999995,4.858502952,6.7988088289999995,4.853091723,5.055310307,6.2023289429999995,6.6449502910000025,6.143696992000001,5.746118878,5.697682746,4.9143639839999995,7.6743544739999985,4.683900817,7.151313805,6.4285475660000015,8.57354933,5.305415473,7.666779149,7.645395255,5.3293203060000005,5.050000743,10.0070238,5.811253557000001,5.39905649,8.469443028999999,4.323826736,6.168958797999999,7.99515265,5.788081802000001,6.086926442999999,7.315467331,8.766183448,6.374714177,7.38735023,4.987772403,4.245595263,5.054827811,4.759431271,9.782397203,5.314878556,6.257479752999999,5.98644646,5.024519273,8.211301548,7.37038097,5.5842546220000004,5.477215084,4.983673433,5.625431721,9.191475785,6.973511866,9.320379373,6.185119498,6.4070175260000015,7.736794887,5.521666217000001,6.14265812,4.912750681,12.87599743,6.124280385,4.3657508310000015,6.954423695,5.335084075,7.160117249,6.743471832999999,7.623071702000001,4.766359205,9.315124804,5.866954666,10.04481733,4.403326458,5.521424777000001,5.165366562,4.955054217,5.010975727,6.7798810739999995,6.3923917260000005,7.658391802000001,11.538755,5.803622219,6.773826484,5.697444031,4.928899152,7.419501222999999,5.41863183,5.944988717999999,5.65174313,7.762742458,6.149573837999999,5.124597249,4.584760145,4.911744961,8.433100021,5.4188866639999995,5.110328629,6.018308311,4.816406419,4.847874492,5.088904298,6.565916818,8.41548011,8.456004228,4.842011724,6.944010124,6.234963235,8.604137573,7.524863048999999,6.283564048,6.284855061,6.3581648479999995,5.207788876,6.325751341,5.8544084629999995,5.081878951,8.99295251,6.2536003220000005,4.344864329,7.730312822999999,7.352574122,4.532647492,6.156972885,7.543682578999999,7.789972931,10.66208289,4.8523660710000005,4.712408478,7.584432427,7.995651153,7.345436302,4.796851636,7.928450939,5.677195959,6.802804748,5.724543411,6.084690129,4.984439514,6.9800262910000015,6.7102230579999995,5.6365190620000005,7.8651558060000015,8.085540952999999,6.025241049,9.798498666,6.34890528,4.870817016,7.362216011,7.7347171,7.518898106,4.642666965,8.067501349,4.330973335,8.98540391,5.891958058999999,7.702395049,7.033504656,7.200616274,4.2692458910000015,6.5417837410000015,7.2424325970000005,6.5839342510000005,4.667454029,4.1742223869999995,5.999786114,9.552568522,5.069357025,6.460936165,7.784144078,5.64260659,6.0284018060000015,7.771164757,5.281442949,5.622487099,6.4775839170000005,5.42652021,8.65060331,10.31984221,7.518429717999999,4.192223376,5.405079023,7.886115697,5.9155244960000015,9.597075588,6.797433361,4.571960206,5.376108602,6.343462242999999,5.169848198,4.585138801,5.954461692000001,4.468619562,7.039031886,5.059485491,5.306888557,6.530313437999999,8.970179099,8.40128126,6.941573633,7.18563397,4.6662562439999995,5.307407773,6.922085605,5.539523419,5.678584312000001,9.190532314,4.923942923999999,6.28655911,8.360531457999999,5.49817788,7.601112818,4.633401208,8.180211106,8.242063225,7.559007382000001,10.02631712,4.8239853319999995,11.33634973,4.450757277,7.184730603999999,6.99373388,4.679198101,4.501435431,10.53835797,7.265492068999999,6.593941015,6.3313409279999995,7.22608955,4.936646214,7.0047182810000015,8.882186738,7.8934109810000015,8.017301045,5.141659801,5.897616827,7.913486685,8.190354427,4.488443072,5.205242128,5.396280399,5.287651477,4.836460961,5.648314506,6.8968971660000005,4.607267712,8.00079713,4.779591492,4.904712153999999,7.964692886,8.161402246,6.595518124,5.565924232,7.757681132,7.152648869,4.800244351,7.59824377,8.04463157,7.329484575,7.4236680339999985,4.683754223999999,4.718589892,8.452718091,7.644813721,5.936192514,8.701875255,9.283387527999999,4.930191703999999,8.714245834,5.329192239,5.070290544,7.395709844,6.641953689,6.782357779,6.449977256,4.806631843,5.131607726,6.57473457,5.112893315,9.337176964,4.38490655,5.092693882,10.36079501,7.117967899,7.3488042,7.635913648,5.795569479,8.193731534,4.147231913,8.469623848,7.0229672039999995,5.1389728880000005,6.0147054760000005,4.951420359,6.2675931579999995,5.696047502000001,6.020162685,5.699590762000001,6.529281532000001,5.895880644,6.522037856,4.4427456780000005,8.34563347,5.116780556,7.401170549,4.336038745,7.174277035,8.896475251,8.005752569,7.893253425,8.954704223,5.6775230310000016,7.656457487000001,4.492467714,8.237502476,6.134863289,9.728680949,11.48644165,6.134233313999999,7.3621297110000015,5.410768462,7.617290661,4.302193157,8.693381453999999,6.074549635,8.198138703,6.799051812,7.734161665,4.832197468,6.32543462,6.005859244,4.398422353,6.133934603999999,5.240999013,5.033590611,5.690621095,13.21519503,6.636512139,6.474432928,10.16680595,7.810163524,6.143929368999999,8.299873426,8.040707043,8.255200519,9.353140243,8.927150166,7.058539013,7.047682204,5.205493788,5.5682692660000015,6.460864554,8.264836079,4.288779562,6.107659462000001,11.48764651,5.390830547999999,8.408040405,5.832637895,5.540725651,5.240529895,6.874343634,6.322936014,9.420483377,9.485606133,7.841871135,7.297705203,6.50380241,4.28136699,5.430531403,7.6011847470000005,8.448449787000001,5.553807837000001,4.486248524,6.587320581,5.575636821,7.285205811,7.465486012,5.211896324,6.242011682,6.35443021,6.1289234839999995,5.491547862999999,7.342542777999999,6.371680875,5.966730962000001,4.770058592,7.152138937999999,5.422649312000001,5.1757379839999995,4.19535706,4.804373988,8.571980762,6.621381307999999,8.517078198,5.910716633,7.6113028310000015,5.7223830389999994,7.893967779,5.995898897000001,7.084932134,5.810774747999999,5.218355911000001,6.3601408410000015,7.75778555,5.932526967,8.719652252000001,4.450349227,6.209337256,4.416661284,5.71741423,7.640525692000001,11.69144448,4.741305551,8.506718457,11.84503583,6.8393669379999995,6.219102542999999,7.119473361,7.035659764,7.004844301,6.078677806,6.698111063,8.330097076,6.3266592379999995,5.847321872,8.920093853,6.497406655,5.784921174,5.325248325,7.015486192999999,4.600195398,7.752756064,12.30377488,5.2564592910000005,6.688457372999999,5.898365605,7.893858312000001,6.299768877999999,6.900171877000001,5.690494581,8.833992531,5.007070488,6.092589244,7.319127707000001,5.694647454,6.715125147999999,6.865285199,4.825225678,8.133291946,7.2264088179999995,5.653849927,5.1934420160000005,5.24112367,5.191392,6.6625348970000005,4.668452234,5.499004612,6.864835848999999,6.703293658,6.575767615,10.16497967,5.435517582,4.736889706,5.692774534,6.650815691,6.2689737,8.366943793999999,6.842782091,6.093950456,7.326577202999999,7.587387647000001,6.035303884,7.03743974,8.233534762,4.929969021000001,5.815729784,8.089148518,9.083728987999999,4.1138491460000015,5.7627681289999995,5.247282166000001,6.063512652000001,6.458983722999999,6.756001165,4.536724746,9.571385101,5.752374457,5.9589224839999995,8.205160591,6.382084084,7.197837034,6.308477826,8.78656277,8.136140703999999,7.22704546,8.615329722,6.005084779,7.428361207999999,7.213394619,8.087155274,5.900203457999999,7.799691507,11.66666354,7.365168177999999,4.76936833,10.15358217,7.063338077999999,8.081797212,6.906332065,7.047562135,6.28002381,5.147766644,5.484111381,5.65396883,7.745063036,7.342799648,5.9723376770000005,6.885963843,4.665853313,5.0109085669999995,10.10485917,5.1298824739999995,8.904445849,5.3188425960000005,4.404855803999999,11.18103516,5.217128536000001,10.32676981,5.348217072,6.59021405,6.230802075,9.633212854,5.721713144,8.091207426,9.10953854,6.460757822000001,7.289850922,7.453560112999999,7.5038059729999995,6.776102196,6.019892845,6.162266186,4.4890272000000015,6.926629985,6.03029751,9.142829082,5.43258978,9.602174247,7.69847601,7.965507016,7.159339827999999,5.993937186,8.089516925,8.627100402,7.4233527289999985,8.09860849,8.707538287,5.363525321,7.752427467,5.02621269,6.257825344,8.035348707,9.513199108,8.186701669,4.433710243999999,5.620776547999999,8.316650183,7.77303898,5.463007336,7.344189419,7.926615512000001,10.0754038,7.283537442999999,5.470395902000001,6.032278985,5.888442341,8.004729328,8.392281495,8.593489672999999,8.216847739,6.05579883,7.595710866,6.064408504,10.5772583,6.687164787,6.8219786870000005,8.126296349,6.075140721,7.469309053,5.49352102,4.221410695,9.994911404,6.779465184,6.5305765,7.575736846,5.296437269,6.793282972,5.41690303,6.429978221,7.18274498,5.4500639920000005,5.7773296610000004,5.235925451,6.463125558,8.044009997,9.750831665,3.813668525,5.327194585,5.677607148,5.80295889,7.957001859,4.774286378999999,5.4176195310000015,4.3989192919999995,7.778565703,5.285286816,5.115507438,6.724929241,8.940066879,4.688644738,7.499636897999999,8.209415577,9.721185902,7.346088615,4.963900962,4.729272601,8.753383232000001,9.064467547000001,8.672297665,10.43141862,9.787400051,6.312865771,4.531141262,4.817968844,6.839937736,7.513470055,5.60518454,7.866808363,7.409916731,7.886421745,8.955224539,5.76346925,6.355621263,5.003200316,7.2236140120000005,4.782486976,6.2495644860000015,4.8486409010000004,4.774844794,6.9150158489999995,6.2033253560000015,6.402384574,5.501861623,7.437465426,8.759435643,6.04335492,5.746477499,5.499408868,5.799347125,10.31266984,9.13979267,8.18821052,8.436744212,6.83506759,6.9717947239999996,7.560502358,5.99506491,6.847714548,7.083516286,5.459077159,4.729058641,5.939721603,7.215446384,6.584527552999999,4.356994459,5.7626992910000014,6.935082446,5.181558036,8.310216543,5.508183667999999,5.8691007520000005,5.003966134,7.363536346,5.343355765,4.658136302,5.161605051,5.595191802,7.9473019,5.265506307,4.601905567,8.190828783999999,4.877626537,8.875576397,10.52609055,5.184767863,6.907940505,11.64608635,6.561937403,6.152277638999999,4.85318027,5.124996586,6.295701276,6.841436067999999,4.628303282,8.490143993,7.136495048,7.41859968,7.461105762000001,5.652620422999999,5.787895391,5.26722979,5.933354487999999,5.2419101139999995,7.063351535,6.364804797000001,6.314391317,11.77763182,4.96730631,4.657118700000002,7.654941459,5.5976801960000016,5.163443879,7.092090568,6.501921224,8.762242937,6.040906531,6.148298317,5.022076135,6.486405897000001,4.837954374,4.747680992,5.94576049,8.723648962,5.362681499,7.245327728999999,4.896304487,4.8379760460000005,5.673755063,4.8143722780000004,6.3137430660000025,5.4014908870000005,4.671976857,7.445772688,5.562936702999999,6.4548756360000015,11.97958911,5.125806347,8.791130653,6.9454689929999995,10.41241936,4.567506245,5.979013052999999,7.627129196,5.661762837,4.091060499,7.650081809,4.403617362,7.259935033,5.658276663,5.95378337,5.486300489,11.7157117,9.660190077000001,8.26458148,4.814227064,5.066078824,4.695779097,7.621553221,7.332826594,5.244256871,5.808171912000001,5.472628328,5.55935224,7.065792626,7.277646752000001,7.910727972999999,7.799284366,5.868750981,4.533591041,4.972952801,7.1970055529999994,10.98580626,4.858129371,10.85395359,6.062675536,8.663069079,9.584510104,4.902074686000001,4.456365186,5.814802365,10.8241601,6.876624085,7.188207679,9.382954968,6.612529229,10.06041324,8.736623981000001,7.081773909,4.615108329,5.995807523,5.883411578,5.381985082999999,6.474756826,7.677903896,7.665033519,8.065169476,4.759017781,6.095671727,7.656070817000001,7.493033617,6.335237327000001,4.545925874,5.686782148,8.643203192,4.9845795310000005,6.811395724,6.5397068439999995,7.226026192000001,6.220683206,7.851845742,7.052497671,4.484326248,7.3682477870000005,6.187343987999999,6.309843666,7.58426668,4.861834428,8.492099995,6.088702645,7.388763235,6.084548912000001,6.123415672,9.372983955,5.43351962,8.123205061,11.02594967,11.39404578,5.6874612010000005,8.41435956,4.620039026000001,10.23183988,5.479793428,6.997814099,5.779665499,5.7198054339999995,5.98121755,7.7109069020000005,11.26316763,6.413175829,5.64978486,4.620610299,7.52267597,9.490254764,7.936595588999999,6.521325813,6.568856212000001,4.978258853,7.895731396,5.5931899210000005,7.174714974,5.7967458610000016,6.665669554,6.195678035,8.857582969,10.42372451,6.191813123999999,4.890693303,4.0
14,11.50149206,6.442371492,10.06803335,6.963142909,6.355185272000001,4.505605357,8.708670106,5.215859324,4.516068508,6.00094258,4.570771944,10.72197403,5.686403123,11.15289902,6.80146911,7.280425217,9.264126575,6.315970509,4.7461321960000005,8.968372459,4.4031022580000005,7.055727082000001,8.201784479,8.276174758,6.6878140010000005,5.099945352,6.4025454029999995,6.8619766910000015,5.327775238,5.086924109,9.169905676,6.332520677000001,7.255834097,5.15407988,7.7251166960000015,7.1945858560000016,6.3680700660000005,4.852083966,6.030109086,5.0859527060000005,9.090945526,6.182953304,6.46408533,7.3724780339999985,7.443572777999999,7.562455722,5.632205614,9.458288917,6.107286892,7.180064599,4.70077951,6.180118491,6.342723522000001,9.207647722,4.3220868260000005,5.5820590060000015,4.638904575,9.564482411,4.479225634,5.486773769,6.080817861,5.36516649,8.492506169,6.912919058,6.338581211,8.250269444,6.463140937,7.087047044,7.3940686960000015,7.831392153999999,6.335388312999999,13.5181696,8.005862952000001,4.417853148,6.8746792889999995,4.738113684,5.035287448,6.635549515,4.650025679,6.81094212,7.3732038310000005,6.413856415,8.638084422,9.042507137000001,5.273553656,5.664064442999999,7.488676497999999,4.9273997419999995,5.407971438,8.560319865,5.330746971,6.998517367000001,5.24807257,8.531623349,7.795500189,6.114101886,10.23013373,4.389235505,4.317163208,7.0484042879999995,5.454337732000001,6.0064216020000005,6.4053457210000015,8.564987106,7.452004938,9.153700446,9.57436994,4.767665404,5.0284764000000015,7.1580560470000005,4.9751590939999994,5.126707822,4.796996409,6.735165042999999,5.935333825,9.052949647,4.32670593,5.290257243,5.880046843,6.875871997000001,10.854647199999999,8.629766072,5.741546848,8.742215148,7.780149285,5.2821427739999995,4.973961296000001,5.456137135,4.676784881000001,7.379573947999999,5.443773075,10.96838826,6.546830569,6.58209914,5.835749924,8.040748607000001,6.532607877,4.731770722,6.287236872,5.3135597510000006,4.372232695,4.589372707,9.914731286,9.148258279,5.644284422999999,6.348863904,4.936908325,6.065469641,10.26790921,4.728262443,6.9791131360000005,4.731528248,7.200273342999999,5.525224796,8.73827955,6.63257591,5.736863747999999,6.193571929,7.708140667,5.346744183999999,9.101556646,4.770013274,6.886826602,6.292550022,6.777024409,4.7640755619999995,8.893178767,6.802069413,8.907980371,4.965191657,4.35156473,5.958083646,7.25387529,9.170295199,8.207702661,8.34902625,8.033019292999999,9.792479002,7.6076755060000005,4.580852244,5.576925352999999,4.432778325,5.21360975,4.557041882,4.396621081,9.955099639,9.25701749,7.689693802000001,7.15825626,6.037861945,5.155064684,6.463150015,7.0963414160000005,7.4351252510000005,6.205401942000001,6.486973405,7.81797012,8.750490682,6.242774596,5.575816372999999,8.151872376,8.859764105,7.5742523760000005,9.452456485,6.214428539,6.935434267000001,5.637472746,8.262827551,4.736596797,5.449053957,5.088603815,9.873359407,5.9408638210000015,5.816516943,6.2151221670000005,9.254887091,6.333001498,5.873113525,6.279914262,5.8423294110000015,7.321422592999999,8.551113701,6.497064924,6.941721338,4.502733147,11.15365941,5.6392328,7.131342328,5.480434799999999,5.870379436,6.156483795,10.03350703,5.0859636969999995,5.353907635,11.35395009,5.3847811839999995,6.161352357999999,4.850398866,5.281831766,7.98134041,5.848019184,4.254925335,8.836448303,7.383963457,5.531576804,6.8135084610000005,5.430313792000001,4.652612597,6.2297097820000005,4.926018202,5.735378008,4.925996222,6.71879443,4.73094431,9.879670747,7.67250849,10.36222301,5.799352482000001,6.3073298829999995,9.14176897,5.646238632,6.867631255,5.066943491,5.269260018,4.656442299999998,7.515971531,5.3691125689999994,6.873610404,6.212164821,6.918278269,7.1180385510000015,4.668945893,7.053280387999999,6.95825291,7.809522096,6.511460258,8.429819001,7.0283960999999975,4.482832818,8.180887468,11.56632956,8.401735942,8.617592396000001,7.52255705,4.381808875,7.4321755629999995,5.779905319,4.91761119,5.50538799,5.851914086,6.664978773,6.666931131,9.28747002,10.63615461,4.965512438999999,7.38189164,6.971159806,5.0145074119999995,6.285051645,8.891757899,5.930476106,5.6066843429999995,9.721787048,5.862713192,7.796469302999999,6.919588462999999,7.455708127,4.7159481219999995,6.921718477000001,4.920637311,4.43064762,5.77188515,6.41641135,6.7577459410000005,4.677197275,7.604141019,7.015955397000001,9.768861845,6.822428426,7.3812923779999995,6.175912899,5.272539419,5.972877177999999,4.628634701,7.85747222,4.677607076,6.731795485,10.385073,8.393103538,5.046282286,6.899490806,5.764388783999999,4.830382449,6.131059483,11.62638356,6.986157612,6.201104777,7.840455771,8.595916075,8.1596453,4.320360882,7.539984349,7.735142194,5.405552861,6.64350281,7.077242565,4.702353014,7.499452923,5.5716171160000005,8.167678421,5.09188012,6.280016149,4.673708582,6.040137232999999,7.7412463670000005,7.398333918,8.760252202,5.736360539,7.722674279,8.952642838,5.054043426000001,10.27555551,8.508830226,4.594475587,4.959274703999999,5.419809435,8.130212756,5.424384506,8.207199825,5.159400717,6.0044885279999995,4.9844395630000005,6.602749149,5.725360734,5.392266001,9.639912936,8.518327482,6.034278314,8.479845527,8.505095942,7.3506679,5.654903653,6.3100328889999995,4.517108428999999,4.862970081,8.765548638,6.239062075,7.874146979,5.206580257,7.698496987,5.923440667,6.262111708,8.554487137999999,8.978221469,6.516017941,6.992607146,8.038289322999999,6.511164832,6.820190116,6.199315937000001,5.264528017,9.226419169,6.873461868,5.724435119,6.196317231,6.1732865110000015,4.685959639,6.89612314,5.5803443470000005,8.029406892999999,10.82099309,4.26431945,7.753742904,4.842169406,5.886866531,5.529670061,6.314380907,5.518627996,5.337513745,8.730809927000001,6.606106575,4.66008699,5.664551311,10.439303500000001,6.021911433,7.941893792,6.420154256,5.092464181,8.090246118,5.415750967,10.39802045,7.6181913,4.316782454,5.7515813179999995,11.63373314,8.098534772,6.424526056,7.0022076160000015,6.2180518739999995,8.946694328,5.549040442000001,4.785903966,6.468842968,5.647339016,8.773264314,6.089321832,5.1168363889999995,7.991553841,7.494752684,5.121722231000001,4.81519485,6.52027907,5.118722662,5.994238788,4.630387717,4.911844295,7.759447618999999,6.876955646,4.917988200000001,7.200370982999999,8.15957021,7.996568055,5.034626225,8.847838932,6.4970241060000005,5.37073751,6.402874167999999,5.052630738,7.390427669,5.598747313,8.114011657,5.511852782,4.897979253,5.507905119,4.536293378,4.875413443,4.290743096,6.461321272999999,6.715975808,7.2153369760000015,5.755598452999999,7.47280029,11.02730793,5.443701507999999,4.6127299289999995,6.861131134,7.583613467999999,4.652456265,6.9293406210000015,4.732947578,6.958004777,8.29403347,4.90748459,7.481996745,9.091452775,8.204906614,5.741285284,8.802906869,6.428653317,8.368052882999999,8.492165179,5.248801922,5.863990518,5.639136412,5.862467633,4.882989067,7.114008457000001,8.082603092000001,4.690814377,7.285857315,7.320758047000001,5.4627725929999995,5.00460421,6.180513027999999,6.954288654,6.06538784,8.113059577000001,7.730653266,7.4893468410000015,5.74437226,5.208793355,7.245645597,9.412565927000001,6.130252785,6.471244032,8.316313206,5.687845633999999,6.9516435770000005,6.159203784,5.51544592,5.319563626,8.432106688,7.07083247,7.640022632999999,6.784477229,6.128621085,6.728392949,8.112246432000001,5.449545027,6.7326107639999995,4.926277385,7.443092495,7.377849677,8.045419546,5.769309223,9.266944661,6.4884140860000015,5.212826134,6.035814003,7.7146268870000005,7.195582722,6.680828914,8.43331268,6.8359341910000015,6.872657203999999,6.185372178,6.020043544,7.048924332,6.439546226,8.900956033,6.317324022999999,10.20504472,5.381582572999999,5.393992398,5.566302514,10.06964081,7.507132493999999,6.301476125,6.616266115,4.572022598,7.782885019,6.138979802000001,5.85502014,5.240553382,5.706342867999999,7.973275611,9.259936745,9.216038679,6.867657446,8.311252084,6.868651367000001,7.3593069710000005,7.3534335870000005,6.916516764,7.78015881,5.786803711,7.798265936,8.533321373,9.021019512,8.617996527999999,6.5855388989999994,4.661497348,4.601253648999999,5.132001679,7.545107729,9.352492796,7.670480082999999,6.036228106,6.857401229,6.393015501,7.4082506760000015,9.379424159,12.32992484,4.823402232,12.81585995,4.925324033,5.7320245089999995,5.561082711,4.526467321,6.296002155,8.241074441,4.423739797,4.341388545,6.784552929,9.769910333,7.593538708,7.525699899,8.787406464,8.983043647999999,5.6552837270000005,5.775140801,7.03544428,6.814657762,7.953558554,6.071206987,7.544465934,6.108396282999999,4.477864555,6.101232988,5.757462478,5.6018965010000015,8.145411332,7.8692976660000005,5.454809909,6.5911395729999995,5.542561347,4.607433326000001,4.697766051,5.043430254,4.36194964,4.786052767,4.716666741,4.810935013,4.916650177,8.926447154,8.624608300000002,5.061354205,6.11046741,5.687936016,4.832727126,4.7068470719999995,5.574318664,7.518359977999999,6.902908213,9.783735115,5.363832816,5.97688963,5.141545503,4.705465579,5.267913254,6.723613137999999,6.564454745,4.962264526,7.937933528999999,5.494424146,9.441531392,5.171516071,6.368912965,4.768977945,4.592269858,5.377686762000001,4.728898031,6.766877631,5.039417578,7.680947374,9.382871158,4.364108596,4.985862256,6.101112595,6.211260066,7.443231093,5.407194324,8.624577894,6.858240706,10.13089679,7.502348725,8.343720004,8.96259621,8.097994906,8.44714149,6.617412926,7.892730356,6.7924410810000015,7.215989645,5.965638642,4.562670778999999,6.515265858999999,7.490217031,4.890064016,5.50307157,5.418014192,5.9805856,4.739157045,5.11431957,7.890329705,8.855776118,7.694793318999999,6.633601893,6.8340253529999995,6.174919383,4.739932348,5.714116882999999,4.865162686000001,4.76342044,8.842475775,4.365342534,4.795490706,9.498292937,7.0478048960000015,6.10117245,4.403795579,6.893625925,4.4118517289999994,6.812062731,5.24057934,7.280950301,7.279883672,8.655320846,6.575390835,5.2931145939999995,4.655549527,7.637765495,7.313104768,6.995355601,4.9202716419999994,7.775431281,7.486675139,8.948615102,7.476625594,6.359928742,8.479946768,5.641710955,5.382061124,5.605229659,5.4266708679999995,9.268021422,9.233436613,6.296072915,4.665310839,4.769654473,7.741264094,7.295070475,8.694152005,4.703188514,4.73137228,8.302395982,9.589908413,5.02483017,7.8751290260000015,9.554254401,7.996915411,5.073759293999999,4.996063821,6.028797129,6.718370799,6.520389487,4.804730512,7.009454946,5.69158257,7.614257169,9.43343236,6.2694017460000016,5.685989747000001,5.189859342,4.318528115,6.205628982,6.864317047,4.977732468999999,6.801875676,6.379296404,7.465328396,10.68098878,10.20422249,11.03713673,8.575320878,7.2375769389999975,11.12521411,9.452257348,8.447606115,7.068338011,5.531425389,6.29291329,8.751102793,6.148215037999999,7.820360544,4.983576857,5.395988377,7.143778747000001,8.807778597,4.44578936,6.9422162279999995,8.046113507000001,8.185623235,4.479437112,5.429372829,5.225641677,5.40635653,9.904297866,4.760438996,13.21365963,14.04399296,6.179690399,7.317390355,7.654732461,9.276246399,9.927301976,9.095603859,6.906418691,6.636219003,5.777721504,8.03905262,5.199403117,7.1911385060000015,9.110071831,5.713084212,4.755315989,8.192638067,7.307062595,8.916503766,10.500537699999999,5.277852091000001,9.670309726000001,6.59853266,6.865779507,8.763052978,6.212970972999999,5.726540881,6.4830062029999995,9.188995015,7.024908383,4.444937755,6.8087699829999995,6.912405784,13.03482453,7.6772387029999996,6.523648737,7.318174152999999,5.559040573,6.5103868060000005,5.146776313999999,8.453039052000001,7.927180521,10.63755358,8.27583208,5.928761242999999,8.298536544,5.708766175,8.224036112,9.299234846000001,5.93555323,6.379356809,6.066986377,7.307184427999999,6.945203962999999,6.199280129,5.363093172,7.007375679,6.605539922,9.118548002,7.505895602000001,5.893262593999999,5.17024385,5.630679413999999,9.398298573,7.3857299770000004,5.560797935,4.731213039,5.066541125,9.228349003,9.309733629,5.019317625,7.716850031,6.519214325,12.83227933,4.870987565,6.790473669,7.168289328999999,4.845528261,6.578078577,7.015386017000001,7.529372865,9.203012141,5.484610617,9.473441216,5.324563533,5.732609931,8.336984847,4.924556245,5.916140738999999,7.322960307000001,5.076560008,8.909155152,9.148088334,6.845693193,8.585230357999999,5.064816158999999,11.93149863,5.624558396,6.566565825,4.471495029,6.3211837110000015,8.073890824,4.828403741,5.788047626,9.157879863,7.1412064179999994,8.603444676,4.372123707,5.9176570889999995,8.094267894,10.06853187,5.318289878,7.783592089,6.623214377,5.072958995,6.9369175310000015,7.467304247,7.628553847,12.04691509,6.407246455,5.984853556,4.769200289,9.24079399,8.643519688,8.393519035,5.723229633,5.536520601,6.126867283999999,7.336186783,5.053818764,4.853436576,5.123748687,5.627458017,7.2356939160000024,5.439165781,4.887526853,6.009773751,7.596793203,14.02962029,5.838318323999999,5.863296922999999,6.301831883999999,6.731944745,5.17387308,4.835868541,6.183070763,6.08954038,5.93455281,5.4458257439999995,6.74320556,5.611829361,7.418318977999999,8.165669609,5.714627999,12.50580816,5.603057636,5.294750402,8.520960934,6.8092225410000005,4.950667775,6.002745362000001,4.484269885,6.237674939,5.0761826480000005,6.018643624,5.978812415,7.604349087,7.111170129,7.87325726,7.658372657999999,5.0209045969999995,4.17489039,8.439847839,7.421242446,5.354989235,7.375963262999999,6.190145287999999,11.26120273,10.7500283,8.795989335,7.997413855,5.619281189,6.487996552,9.515781328,5.43954116,5.452216445,6.154555443,5.224540115,5.395071102999999,6.787386457,7.975265396,7.413251548,6.7197630660000005,6.443936817999999,6.031281456,6.498953908,6.593576112,6.675671212,7.841119326,5.419690623999999,9.362507968,7.161481741,6.429778861,9.347164662,5.6808227229999995,6.6371404689999975,6.931560366,6.551670495,6.257415394,5.162116518,9.980327603,6.874553822999999,4.837028045,7.127014,6.4717973639999995,8.435752102,4.613670225,5.345079833,6.733900498,8.161269613,7.7485334639999985,8.492169164,7.309976377000001,6.342043971,5.103586048,4.91406744,4.652400275,11.32268758,4.812456313999999,8.670946212,7.169802344,6.265072977000001,4.6556931939999995,11.01649095,5.880747653999999,7.45823126,7.209433763,5.761698047,5.894761114,6.492072221,4.626298574,4.7687151960000005,7.484842939,5.83456608,6.90915846,5.057366238,6.690069414,8.280477355,6.32452735,8.600904819,10.62871395,9.094848205,7.233059582,9.621776987,11.02367792,6.349988569,4.797932459,6.528808996,5.386894357999999,6.662483094,6.001574205,8.714568658,6.356030538,7.433460137000001,6.5352050120000005,5.618376026,4.624338012,5.153025703,7.233646498,8.161926882000001,7.181744817,7.236297828,5.42748054,5.2267540619999995,6.482587499,4.819385476,6.534103375,6.6107444310000005,10.22120325,10.68831166,4.385573681,4.83398048,6.5008605610000005,7.0902443239999995,4.7568136889999995,4.080157915,7.65801647,7.982765316,5.776629647999999,4.419595289,5.049290114,7.001724227,6.991261278,5.513399188999999,6.277013854,6.747357121,4.9347583760000004,6.409848909,5.546247567999999,6.046290567000001,7.235040406,5.320747449,5.331262357,5.855207900000001,6.069988502999999,5.63318545,6.142360981,7.582832517999999,4.179136109,9.187360894,4.544650561,6.877137817,6.455489012,6.777285158,5.595771653,5.071100004,4.684647518999999,5.081060894,5.683690829,6.200430451,7.556824983999999,5.8800395420000005,11.32584034,5.6736500360000015,7.232424162,4.549951302,5.8264697010000015,4.4195598480000005,5.662846947,5.574215952,6.079310808,7.626620827999999,4.472888028,5.523273652,4.559197562,7.744768485,6.476417975,7.580464434,11.72005118,5.039351295,6.888086932999999,10.16318109,9.015902407999999,8.369266742999999,5.502208249,7.1180161779999995,4.270002957,4.754453235,4.8120005919999995,4.833651855,5.011228498,6.846926064,9.430013621,5.882321717000001,6.203535717,9.670787504,5.991879869,8.920904725,6.156220374,8.401487833,8.498269192,5.944929012999999,9.169280378,6.6023793410000025,5.481843021,7.051380282,5.04308136,7.082828115,6.5834618670000005,8.331862875,7.37458871,7.1469545010000015,6.183583425,4.690889258,8.01294946,8.281929478,5.095416717,4.50007232,5.671099661,5.90459141,6.3566702070000005,6.40454729,6.232235652000001,10.34111891,6.996944587000001,6.357638661,6.8146911160000005,8.420214054,11.21232426,5.038693776000001,8.520566079,6.3728554860000015,8.411834942999999,6.621232572,9.15270772,7.500624264,7.808656487,6.979945505,10.85421122,7.455185822000001,9.439064287999999,4.78873767,5.801973345,4.400920199,7.389273997999999,7.127506704,5.89929377,5.278060003,8.816160423,6.948438218,6.554532152999999,6.9585323510000014,5.030501297,11.67444482,5.226900951,5.8356833539999995,6.727651132999999,6.566038467,9.261484087000001,7.0150715429999995,4.845426455,6.136494839,5.557294203,8.663802056,5.4197096610000015,4.889084421000001,7.148251639,5.5077537439999995,5.832792535,6.235935143,9.456177027,10.01793514,6.336572469,8.07882122,7.961308886,7.445081355,7.9544903310000015,8.159837179,6.985993102,8.131133944,6.660265159,6.244805363999999,6.354548382000001,4.772672957,7.851425495,9.542031465,5.2194299719999995,6.237651082,4.947507002,8.806589153,8.059403468,6.42034102,5.795186974,4.338912288,5.415177987000001,6.782258268,9.116970081,4.966776539,7.044816497,4.986509661,9.053853596,5.895589396,5.991793907999999,6.042977658,4.481059073,6.623644989,5.514584585,5.43472652,5.2427079569999995,6.480078224,4.68838615,7.205595849,5.608079851,5.503405017,10.75443658,6.7134948539999995,4.571875889,6.1686804429999995,9.26683013,5.296298232,8.590900357999999,8.23949559,4.409564135,6.310945727999999,5.8850238820000005,5.683750087000001,5.565222979,4.628767346,4.965162523,6.207749691,4.945533675,6.598754351,7.8599599829999995,6.585936969,7.152433292,10.02104073,5.258338339,5.101417553,7.036263138,5.6321632410000015,5.435419232,5.7670152360000015,4.453184329,4.39048111,8.678369352999999,6.330902846,8.496664682999999,12.42436045,4.649332288,8.949945537,6.066196428,7.659033513,5.015230177,4.473461808,5.934610738,11.75389531,10.28287406,8.241815195,7.642977228999999,5.384706785,4.800696805,5.6934121289999995,7.146392682999999,9.27825604,7.391407282,7.8515819539999985,5.352170056,7.666940941,5.925187386,5.234207103,6.070877384,7.223431729,7.430760542000001,6.292402474,6.868660067,7.4539144020000005,6.755660764,5.650305792999999,5.784142472,8.173094669,8.350628922,9.110551561,9.700618301,8.152270137,10.34390032,9.039385084,8.721870337999999,7.722797944,7.8940285060000015,6.160600095,10.1354179,4.5927438789999995,8.397391916,6.359273815,4.599267258999999,8.852459352999999,6.464309338,11.46950154,4.410319843,6.557592333,5.867686394,6.317478799,6.191466613999999,8.264289672,8.565379549,7.477648855,4.45900713,8.209666198999999,4.39694642,8.025518111,5.0258323030000005,5.745312825,5.788978329,5.9256659,9.738111053999999,4.965269097,5.671604637000001,6.849007643999999,5.075390683,7.025691972000001,7.63823544,8.794794605,7.757427957000001,4.25756135,8.001998958,8.4673428,5.545366771,5.430048861,5.081945056,6.7635388270000005,6.607678074,8.530615762,4.75945937,8.960919192,7.357237483,5.734780957999999,6.390436782,7.730890692000001,6.6322624029999995,6.064386344,7.828095789,6.915756332000001,9.561036247999999,7.214998262000001,4.213195995,6.976694424,7.3445813829999995,5.497170497000001,5.263750407,8.618324756,5.344809791,5.206727955,8.801316992,8.018918845,7.218036427,8.070646434,9.309106153,5.688104196,5.378473604,9.970358535,9.133457669,5.615039756,4.419277211,5.152739858,5.172570169,5.226703387,7.454058527999999,7.997499737999999,8.844225514,7.031468384,6.815699045,6.77050034,10.55605107,7.393180911,4.80839369,6.285792185,7.479713844,4.602375996,11.84205461,6.137253969,9.600338706,7.588042084,9.116003033,7.550573327,8.002077486000001,9.280823095,5.988699774,5.285961267,6.4497729889999995,4.353819967,7.988503121,7.475606252,7.731964558,5.589297771,11.59139887,7.75559663,8.042798067,8.914109391,5.869647109,5.68186873,5.316514767,7.148199475,5.303254587,5.4856167760000005,6.399044879,7.81640383,7.304098346,7.279991017,6.705962726,5.593935815,4.82543522,5.175130687,5.6743351539999995,6.341053401,5.521433131,4.40135156,4.069840226,5.123659151,5.204267627,5.20970514,4.5908152069999995,5.617032772000001,7.337480802999999,5.8054454060000005,6.587648637000001,5.86296469,6.939654831,4.679658979,11.06966639,9.449557636,4.738270834,5.947991742999999,7.146481735,5.309210537,8.583365642999999,4.503651921,5.319668359,9.549887353999999,6.449545218,8.202031538,5.657760306,5.495874954,6.685027737,5.846460757000001,4.202334414,4.487399872,6.972912332000001,5.34434333,7.880836211,4.74110038,6.654581385,6.494159302000001,6.809439555,4.5645960169999995,5.434073385,9.99087645,8.493274187,5.550620285,6.986556462,6.337767303,7.243800221,5.8081631960000015,5.993970751,6.648063336,6.334177057000001,9.70534655,9.489948803999999,9.636475916,7.16746605,7.852614847999999,5.111675853,7.095071462999999,4.714591915,7.9991337520000005,7.18985853,6.204063493,7.0865880039999976,8.557742637999999,7.589957711,5.140520334,5.269688013000001,4.894119305,6.1846715360000015,9.594429017000001,9.906965092,4.819320929,5.6991621939999995,5.950962264,7.938442961,5.928869547000001,6.4666592760000015,11.01853087,5.143335378,7.861375568,6.698545633999999,5.337513133,7.008840137000001,4.590784438,5.942874463,5.843490137000001,5.227557904,5.414295813,5.247775798,8.968411338,11.36114321,5.656069402999999,4.268572173,4.737791057,9.919117421000001,8.519279739,7.774070921,6.6662155510000005,4.490582871,4.272440233999999,7.4005141939999985,7.003357882,6.984655589,4.90135603,4.7369939169999995,6.596541002,4.617412683,4.918217567,5.086070095,8.586066801,9.074621302999999,5.068056102,5.84177145,6.811170721,7.975317255,5.964880421,4.592302228,6.352354602,5.329032928999999,5.504747561,5.522474956,8.867113832000001,6.5907528110000015,6.507133235,6.800523484,5.740095977999999,7.406185446,5.093645396,6.192189162999999,8.915259625,6.5996284260000015,4.876355611,7.700291826,4.729282883,8.10374402,7.900862525,4.798501035,9.502881643,6.3558193439999995,10.15703222,5.173785501,6.023775204,5.607057919,11.81260082,5.963688445,10.15811681,12.28566716,8.039109652,6.540099796,7.459396882999999,5.855647481,10.9414198,9.400767898,4.873090383,7.955180536,7.154021544,8.530785527,9.205398519,6.654334092999999,10.61573847,6.223807817999999,4.984079877,8.658302907000001,8.845010398,5.729027632,10.39317211,5.677960556,8.266654991000001,5.333644673,6.3911105820000005,6.9803231729999995,4.787486341,6.209491732,7.024333399,4.297395205,8.223825741,4.8478685619999995,8.571677907,8.593653518,5.715301015,5.068825034,4.633442227,10.61966661,7.453457812999999,7.140656149,6.97093445,7.260208615,7.546753394,7.272213428,9.927361487999999,5.915485515,6.7759616110000005,7.504203353999999,8.20723043,5.925663064,9.430460295,7.150118544,5.622391264,5.873933438,5.40321451,7.3663816739999985,8.24385629,5.963630869,5.230764403999999,8.815169656,4.554113387,5.234507476,5.853578272000001,4.905725708,6.652484977,5.6131911279999995,6.188277808,9.156976214,7.3393757389999985,9.217475988,9.521987889,8.068837683,8.961029249,5.137709112,7.827721282000001,6.595240702000001,8.701643792999999,7.6206493029999995,5.102454096000001,5.0503787319999995,7.352468977000001,7.31970796,4.497392296,6.380310828,6.968521363,8.342265422999999,5.849118722,5.111583486000001,6.047354365,7.142549653,8.056061785,7.985226346,7.561413009,7.932026229,6.841105353,5.739648572,6.579444341,7.790669164,10.05402075,6.708194617999999,6.707666897,12.88259284,8.896337691,6.735430067999999,8.506715011,11.38016106,10.85026511,4.186892799,4.195903265,5.425789765,6.865439907000001,8.460337557999999,10.02361073,6.972882956,7.600602477000001,7.956536483,5.430982928,4.7224355330000005,6.928363347,8.317453059,9.06905508,5.582457467999999,10.01035868,4.641124507,9.073730449,5.4000748970000005,5.108163072,5.191104289,6.490859531,4.535067358,4.799468658,5.21565277,7.705228121,8.008287232999999,4.631161186,9.352892368,6.767848834,6.751112943,9.467770991,6.6638833360000005,9.887227118,7.363871649,7.921348718,5.673398584,6.030125415,5.083153067,4.752281541,6.710226847,7.77326678,6.7878233020000005,4.937375753,7.959933958,7.2330774920000005,5.349483276,8.15944446,7.091445208,7.465665962,5.987053347000001,5.531227146,4.2803389,5.359874728,10.17560536,6.996796101,5.140682067,11.67054024,5.192275205,10.67891964,5.755719002,6.03052479,5.841208961,5.515385834,4.937422083,4.557994358,5.7312843739999995,5.351612752,4.823666762,5.26137527,6.09215335,4.814450005,6.934794887000001,5.302211618,7.262720718,12.18502645,5.57421987,4.757414936,5.674151859,6.046091121,4.945843374,6.954759475,9.42195583,6.801302777,5.905508697,10.20299823,5.71461562,4.927400405,4.247782337,5.611887126,4.993266098,7.940609151,7.586354696,5.302187857,7.720296323999999,5.9629088889999995,7.055667947000001,5.73662554,5.823461484,4.508680524,7.6951148510000005,8.669527214,10.2959632,5.044319557,4.721300907,7.213716954,5.179530234,11.03814307,5.883863419,8.87248415,6.495107656,6.195447511,5.738216027000001,8.310776005,8.599328468,6.200535062999999,6.258201307,6.950618443,5.741130724,7.76896529,5.717839239,4.5890915130000005,4.980905508999999,5.388798692000001,6.997118209,8.57921821,6.177082048,5.8620252729999995,5.873503082999999,5.24034217,7.008972907,6.192498165,4.577677017,4.252943801,4.1138991030000005,6.8320880000000015,8.703577382,4.874037112,6.760239058,6.533225848,5.6932358039999995,6.253744844,7.03706323,10.25983853,4.882737654,10.62084132,4.9517642969999995,6.021071915,4.826649762,11.28103155,4.41299449,7.685116308,5.15850098,5.825605362,5.430279998,8.698009196000001,5.75298744,8.242090961,7.972641287999999,4.470670375,5.340622309,8.590171955,7.133089469,7.318046402999999,4.488409834,6.785787826,5.779555611,9.195815831,7.154597721,8.098717158,6.654294362000001,7.495057774,4.80063513,8.972442735,5.260232998,5.310305444,7.364486787000001,8.395928992,5.067530411,9.175536486,10.90544646,7.083427358,6.667242398,4.905443562,11.11049275,4.652071871,9.124758647,4.71347533,6.194040526,5.243137512,5.031570643999999,4.876542082,6.322978377,8.373949073,11.59104828,6.632254382999999,4.884810507,8.023811734,8.207719212999999,5.792850527000001,4.455685926,8.112423698999999,7.711585931,8.931185117,6.373120472,5.2871060739999995,6.213943133,7.759552346,6.98281629,6.706640724,4.683255309,5.128560772,5.078741088,5.6765125339999996,6.509895185,7.126634075,7.837170634,6.927865216,5.221287127,6.960422137999999,7.612230017999999,5.543466821,5.626577758,8.871929026,4.795344986,6.6465029929999995,4.87434213,8.977907373999999,5.323429774,4.813148579,4.838174853,5.716323963,5.787499285,9.465791579,5.750666549,5.476872079,5.713769494,4.514437268,9.535887726,8.501953054,5.822959902000001,6.381529966,5.6072266420000005,6.789601998999999,5.8235111129999995,6.97422336,4.503711287,9.835429015,6.5616020760000024,7.832889845,4.2332485160000015,5.119632889,8.332854437,5.237814602,8.596736191,10.32646464,6.1380533370000006,10.38611246,7.532449217000001,4.957474314,6.559659318,6.601814528999999,4.279522167,4.848721739,7.304982884,5.038858142,5.335553956,5.093190122,5.042560684,5.608959337999999,6.2502972560000005,5.8382605629999995,6.859424926,6.074844286,4.534396895,6.357432686,7.664864323,4.73496446,7.191280326,5.661895839,5.558178476,5.545522365,4.667801517,8.02056185,9.145895032,5.371838755,5.081590361,5.126803048,7.157576884,7.009551339,11.14001777,7.892393179,4.140638471,5.440010028,8.157671673,5.308428534,4.311006707,4.727372046,6.716577111,5.160912776,4.27679354,7.928609363,6.1627449,10.81221292,6.486687099,6.068056843,6.254765592999999,5.94569125,7.258381999,6.70292213,5.477756756000002,5.499413515,5.649588,7.249431183,6.63796155,4.892994463,6.221081785,4.965516401,7.6045200920000005,4.718475051,8.339432943,7.1871287420000005,10.36844015,4.663687144,4.407191302,7.056908046,5.5073538960000015,6.031460017000001,4.805583382,10.05797048,6.9008613510000005,10.05910821,7.574598677999999,4.815793153,5.301472562,6.68201473,7.692046697,6.752206158,8.972293605,6.3126495039999995,6.349942712000001,6.0750923839999995,6.966118117000001,7.415323586,7.024747071,4.285155968,6.760142758,4.821927641,4.785199312,5.8342189410000005,7.364182135,5.253810328,4.396997726,7.296336416,5.976381085,5.495276401,6.054973671,5.290796108,5.08693913,7.603922464,4.3784606539999995,5.051759766,4.831896789,9.692998307,6.768773907000001,9.508883331,4.521718374,7.347211202,5.326506708,10.01020368,6.823421727,6.231044279,4.859600391,7.628803549,4.947387968999999,11.45027121,9.148471215,5.971752385,6.5824630410000005,9.648083657,9.861365311,7.693188782999999,6.530833951,7.711625109,5.714374072999999,10.71827971,5.712912604,6.111353546,6.540014322999999,8.098792661000001,8.498264133,5.838782386,8.104023067,9.342506803,10.22074953,4.512715407,5.175920681,5.500514335,4.807062952,8.399995563,4.811367662,9.834121631,8.325662407000001,5.604840514,5.278295156,5.483234293,5.675970883,4.332405501,5.860878832999999,7.844459756,9.000816807,7.049829536,4.990829651,5.809024854,11.48355736,12.35401926,6.222020729,5.078889428,6.2321421070000005,5.304596125,4.2921990889999995,8.024736401,7.169402265,10.38474224,8.514897955,6.287830682,7.741506375,7.109640095,5.437212227000001,4.8253376789999995,4.851641613,5.216800692,6.5891304129999995,6.864094562000001,6.041782744,5.882052375,5.812045366,5.5527202739999995,6.650373871,7.470223797,7.608076466,5.700181477999999,4.3990275919999995,7.936355835,4.275451973,5.165213631,5.688491459,5.681661752999999,6.385702035,6.531408421,5.512922275,8.954396877,4.941941474,5.365509239,5.909331356,4.817531218,6.858964384,4.801862073,10.42399767,9.842162624,5.627400777,5.577043447,5.312259499,5.564459314,7.470536748,8.420973423,4.43900202,4.515231899,7.1403222379999995,8.589988553,5.4375686089999995,6.372567413,8.634132506,7.601223363,4.773986976000001,5.6178517060000015,7.120718373,6.149979276,9.955179196,8.53805366,4.609920273,10.08646783,5.193069979,4.588730792,5.147286684,6.198822389,8.675167529,5.17229103,6.873159516,7.813429687,6.857944292000001,4.848598602,6.315250355,5.125391497,7.631319069,5.36570816,7.222083948,4.928690587,10.82668645,9.820610176,5.219223686,7.29752634,5.155191542,5.101041498,11.38191037,6.235892699,6.496898165,10.19181263,9.382263402000001,6.32172572,6.082549617000001,7.438267907999999,5.015892739,7.284459742999999,8.892904042,4.211289064,7.633417944,6.342581778,7.654326202000001,6.689176201,5.84468593,6.578128714,8.271265306,6.212092875,8.421615601000001,6.704475612,5.860053937000001,6.561846787,4.972138313,8.604386265,5.844510093999999,9.009004666000001,5.178707986,5.973607071,4.975535109,5.199770684,5.023458651,4.834247421000001,4.891177633,5.211937287,6.517828827000001,5.26293959,5.031573542,5.610948098,5.868620394,7.252327216,7.403621621,7.238603104,6.461756502,5.810767909,12.35276978,5.541408504,6.3151550489999995,7.880332049,5.539360137,4.202739674,7.490742278,5.418804495,8.900451896,5.191263496,5.176126593999999,4.440214975,7.426499954,5.835226627000001,6.596074354,7.158037525,5.784657009,5.59810468,12.76021273,6.804429207,4.2592464460000015,12.39878294,7.585810342,5.7252742539999995,4.470577629,5.652147126,6.197222312999999,8.647697435,6.0737942,4.9110382260000005,4.5980900689999995,7.671799339,5.687957872,7.7308845370000006,6.74978863,8.006336713,6.149099541,7.359855382999999,5.455484014,4.87814304,5.938572289,5.743834044,4.834769106,4.557775423,4.680579175,9.466082992,8.209556335,10.00564449,6.370786819,5.830102612,5.653628932,6.847887657999999,7.697493763,4.881147619,5.837840278,5.576284575,5.868408596,4.826802302,7.933755199,13.05510314,4.278280672,5.369699128,7.0904988410000005,4.275852642,8.029749146,9.35610749,10.079569699999999,11.45646043,7.271362661,7.370130876,8.277469422000001,7.266049093999999,5.32130751,6.056291794,7.24792798,4.923133366,6.628814042,6.1657842610000015,9.629544141,7.086143927,5.010085012,5.586225555,4.88632824,5.709199571,4.422834368999999,5.795759549,8.213208682000001,8.294670227000001,5.571625386,5.6521837029999995,8.916332622999999,10.35584199,11.125259300000002,6.390296383,5.8114102370000005,5.88460234,7.238646072000001,9.465921572000001,7.34722503,7.668714232,7.128726914,5.0640574019999995,7.688814953,5.277136076000001,4.619413641,5.621694767,5.307178223,5.1404617969999995,6.576974882000001,8.565427297000001,5.256683442,4.0826850630000004,5.38090456,4.438996714,4.5969684719999995,6.405913684,4.939438255,4.979449106000001,4.535800171,6.843735307999999,5.441062313,8.308413974,5.8186167860000015,7.518170329,5.968909244,6.169793219,5.855428193,9.499262603,6.863795426,4.631623964,8.131341217000001,4.543148683,6.600211423999999,7.940435898,5.775556532,7.683529092000001,8.394134635,7.927514029,8.179972781,8.252602484,4.949076819,5.381786311,4.4054862,8.404972416,10.65424759,6.032857118,7.793597411,7.096681707,7.198454586,5.9265166979999995,4.858502952,6.7988088289999995,4.853091723,5.055310307,6.2023289429999995,6.6449502910000025,6.143696992000001,5.746118878,5.697682746,4.9143639839999995,7.6743544739999985,4.683900817,7.151313805,6.4285475660000015,8.57354933,5.305415473,7.666779149,7.645395255,5.3293203060000005,5.050000743,10.0070238,5.811253557000001,5.39905649,8.469443028999999,4.323826736,6.168958797999999,7.99515265,5.788081802000001,6.086926442999999,7.315467331,8.766183448,6.374714177,7.38735023,4.987772403,4.245595263,5.054827811,4.759431271,9.782397203,5.314878556,6.257479752999999,5.98644646,5.024519273,8.211301548,7.37038097,5.5842546220000004,5.477215084,4.983673433,5.625431721,9.191475785,6.973511866,9.320379373,6.185119498,6.4070175260000015,7.736794887,5.521666217000001,6.14265812,4.912750681,12.87599743,6.124280385,4.3657508310000015,6.954423695,5.335084075,7.160117249,6.743471832999999,7.623071702000001,4.766359205,9.315124804,5.866954666,10.04481733,4.403326458,5.521424777000001,5.165366562,4.955054217,5.010975727,6.7798810739999995,6.3923917260000005,7.658391802000001,11.538755,5.803622219,6.773826484,5.697444031,4.928899152,7.419501222999999,5.41863183,5.944988717999999,5.65174313,7.762742458,6.149573837999999,5.124597249,4.584760145,4.911744961,8.433100021,5.4188866639999995,5.110328629,6.018308311,4.816406419,4.847874492,5.088904298,6.565916818,8.41548011,8.456004228,4.842011724,6.944010124,6.234963235,8.604137573,7.524863048999999,6.283564048,6.284855061,6.3581648479999995,5.207788876,6.325751341,5.8544084629999995,5.081878951,8.99295251,6.2536003220000005,4.344864329,7.730312822999999,7.352574122,4.532647492,6.156972885,7.543682578999999,7.789972931,10.66208289,4.8523660710000005,4.712408478,7.584432427,7.995651153,7.345436302,4.796851636,7.928450939,5.677195959,6.802804748,5.724543411,6.084690129,4.984439514,6.9800262910000015,6.7102230579999995,5.6365190620000005,7.8651558060000015,8.085540952999999,6.025241049,9.798498666,6.34890528,4.870817016,7.362216011,7.7347171,7.518898106,4.642666965,8.067501349,4.330973335,8.98540391,5.891958058999999,7.702395049,7.033504656,7.200616274,4.2692458910000015,6.5417837410000015,7.2424325970000005,6.5839342510000005,4.667454029,4.1742223869999995,5.999786114,9.552568522,5.069357025,6.460936165,7.784144078,5.64260659,6.0284018060000015,7.771164757,5.281442949,5.622487099,6.4775839170000005,5.42652021,8.65060331,10.31984221,7.518429717999999,4.192223376,5.405079023,7.886115697,5.9155244960000015,9.597075588,6.797433361,4.571960206,5.376108602,6.343462242999999,5.169848198,4.585138801,5.954461692000001,4.468619562,7.039031886,5.059485491,5.306888557,6.530313437999999,8.970179099,8.40128126,6.941573633,7.18563397,4.6662562439999995,5.307407773,6.922085605,5.539523419,5.678584312000001,9.190532314,4.923942923999999,6.28655911,8.360531457999999,5.49817788,7.601112818,4.633401208,8.180211106,8.242063225,7.559007382000001,10.02631712,4.8239853319999995,11.33634973,4.450757277,7.184730603999999,6.99373388,4.679198101,4.501435431,10.53835797,7.265492068999999,6.593941015,6.3313409279999995,7.22608955,4.936646214,7.0047182810000015,8.882186738,7.8934109810000015,8.017301045,5.141659801,5.897616827,7.913486685,8.190354427,4.488443072,5.205242128,5.396280399,5.287651477,4.836460961,5.648314506,6.8968971660000005,4.607267712,8.00079713,4.779591492,4.904712153999999,7.964692886,8.161402246,6.595518124,5.565924232,7.757681132,7.152648869,4.800244351,7.59824377,8.04463157,7.329484575,7.4236680339999985,4.683754223999999,4.718589892,8.452718091,7.644813721,5.936192514,8.701875255,9.283387527999999,4.930191703999999,8.714245834,5.329192239,5.070290544,7.395709844,6.641953689,6.782357779,6.449977256,4.806631843,5.131607726,6.57473457,5.112893315,9.337176964,4.38490655,5.092693882,10.36079501,7.117967899,7.3488042,7.635913648,5.795569479,8.193731534,4.147231913,8.469623848,7.0229672039999995,5.1389728880000005,6.0147054760000005,4.951420359,6.2675931579999995,5.696047502000001,6.020162685,5.699590762000001,6.529281532000001,5.895880644,6.522037856,4.4427456780000005,8.34563347,5.116780556,7.401170549,4.336038745,7.174277035,8.896475251,8.005752569,7.893253425,8.954704223,5.6775230310000016,7.656457487000001,4.492467714,8.237502476,6.134863289,9.728680949,11.48644165,6.134233313999999,7.3621297110000015,5.410768462,7.617290661,4.302193157,8.693381453999999,6.074549635,8.198138703,6.799051812,7.734161665,4.832197468,6.32543462,6.005859244,4.398422353,6.133934603999999,5.240999013,5.033590611,5.690621095,13.21519503,6.636512139,6.474432928,10.16680595,7.810163524,6.143929368999999,8.299873426,8.040707043,8.255200519,9.353140243,8.927150166,7.058539013,7.047682204,5.205493788,5.5682692660000015,6.460864554,8.264836079,4.288779562,6.107659462000001,11.48764651,5.390830547999999,8.408040405,5.832637895,5.540725651,5.240529895,6.874343634,6.322936014,9.420483377,9.485606133,7.841871135,7.297705203,6.50380241,4.28136699,5.430531403,7.6011847470000005,8.448449787000001,5.553807837000001,4.486248524,6.587320581,5.575636821,7.285205811,7.465486012,5.211896324,6.242011682,6.35443021,6.1289234839999995,5.491547862999999,7.342542777999999,6.371680875,5.966730962000001,4.770058592,7.152138937999999,5.422649312000001,5.1757379839999995,4.19535706,4.804373988,8.571980762,6.621381307999999,8.517078198,5.910716633,7.6113028310000015,5.7223830389999994,7.893967779,5.995898897000001,7.084932134,5.810774747999999,5.218355911000001,6.3601408410000015,7.75778555,5.932526967,8.719652252000001,4.450349227,6.209337256,4.416661284,5.71741423,7.640525692000001,11.69144448,4.741305551,8.506718457,11.84503583,6.8393669379999995,6.219102542999999,7.119473361,7.035659764,7.004844301,6.078677806,6.698111063,8.330097076,6.3266592379999995,5.847321872,8.920093853,6.497406655,5.784921174,5.325248325,7.015486192999999,4.600195398,7.752756064,12.30377488,5.2564592910000005,6.688457372999999,5.898365605,7.893858312000001,6.299768877999999,6.900171877000001,5.690494581,8.833992531,5.007070488,6.092589244,7.319127707000001,5.694647454,6.715125147999999,6.865285199,4.825225678,8.133291946,7.2264088179999995,5.653849927,5.1934420160000005,5.24112367,5.191392,6.6625348970000005,4.668452234,5.499004612,6.864835848999999,6.703293658,6.575767615,10.16497967,5.435517582,4.736889706,5.692774534,6.650815691,6.2689737,8.366943793999999,6.842782091,6.093950456,7.326577202999999,7.587387647000001,6.035303884,7.03743974,8.233534762,4.929969021000001,5.815729784,8.089148518,9.083728987999999,4.1138491460000015,5.7627681289999995,5.247282166000001,6.063512652000001,6.458983722999999,6.756001165,4.536724746,9.571385101,5.752374457,5.9589224839999995,8.205160591,6.382084084,7.197837034,6.308477826,8.78656277,8.136140703999999,7.22704546,8.615329722,6.005084779,7.428361207999999,7.213394619,8.087155274,5.900203457999999,7.799691507,11.66666354,7.365168177999999,4.76936833,10.15358217,7.063338077999999,8.081797212,6.906332065,7.047562135,6.28002381,5.147766644,5.484111381,5.65396883,7.745063036,7.342799648,5.9723376770000005,6.885963843,4.665853313,5.0109085669999995,10.10485917,5.1298824739999995,8.904445849,5.3188425960000005,4.404855803999999,11.18103516,5.217128536000001,10.32676981,5.348217072,6.59021405,6.230802075,9.633212854,5.721713144,8.091207426,9.10953854,6.460757822000001,7.289850922,7.453560112999999,7.5038059729999995,6.776102196,6.019892845,6.162266186,4.4890272000000015,6.926629985,6.03029751,9.142829082,5.43258978,9.602174247,7.69847601,7.965507016,7.159339827999999,5.993937186,8.089516925,8.627100402,7.4233527289999985,8.09860849,8.707538287,5.363525321,7.752427467,5.02621269,6.257825344,8.035348707,9.513199108,8.186701669,4.433710243999999,5.620776547999999,8.316650183,7.77303898,5.463007336,7.344189419,7.926615512000001,10.0754038,7.283537442999999,5.470395902000001,6.032278985,5.888442341,8.004729328,8.392281495,8.593489672999999,8.216847739,6.05579883,7.595710866,6.064408504,10.5772583,6.687164787,6.8219786870000005,8.126296349,6.075140721,7.469309053,5.49352102,4.221410695,9.994911404,6.779465184,6.5305765,7.575736846,5.296437269,6.793282972,5.41690303,6.429978221,7.18274498,5.4500639920000005,5.7773296610000004,5.235925451,6.463125558,8.044009997,9.750831665,3.813668525,5.327194585,5.677607148,5.80295889,7.957001859,4.774286378999999,5.4176195310000015,4.3989192919999995,7.778565703,5.285286816,5.115507438,6.724929241,8.940066879,4.688644738,7.499636897999999,8.209415577,9.721185902,7.346088615,4.963900962,4.729272601,8.753383232000001,9.064467547000001,8.672297665,10.43141862,9.787400051,6.312865771,4.531141262,4.817968844,6.839937736,7.513470055,5.60518454,7.866808363,7.409916731,7.886421745,8.955224539,5.76346925,6.355621263,5.003200316,7.2236140120000005,4.782486976,6.2495644860000015,4.8486409010000004,4.774844794,6.9150158489999995,6.2033253560000015,6.402384574,5.501861623,7.437465426,8.759435643,6.04335492,5.746477499,5.499408868,5.799347125,10.31266984,9.13979267,8.18821052,8.436744212,6.83506759,6.9717947239999996,7.560502358,5.99506491,6.847714548,7.083516286,5.459077159,4.729058641,5.939721603,7.215446384,6.584527552999999,4.356994459,5.7626992910000014,6.935082446,5.181558036,8.310216543,5.508183667999999,5.8691007520000005,5.003966134,7.363536346,5.343355765,4.658136302,5.161605051,5.595191802,7.9473019,5.265506307,4.601905567,8.190828783999999,4.877626537,8.875576397,10.52609055,5.184767863,6.907940505,11.64608635,6.561937403,6.152277638999999,4.85318027,5.124996586,6.295701276,6.841436067999999,4.628303282,8.490143993,7.136495048,7.41859968,7.461105762000001,5.652620422999999,5.787895391,5.26722979,5.933354487999999,5.2419101139999995,7.063351535,6.364804797000001,6.314391317,11.77763182,4.96730631,4.657118700000002,7.654941459,5.5976801960000016,5.163443879,7.092090568,6.501921224,8.762242937,6.040906531,6.148298317,5.022076135,6.486405897000001,4.837954374,4.747680992,5.94576049,8.723648962,5.362681499,7.245327728999999,4.896304487,4.8379760460000005,5.673755063,4.8143722780000004,6.3137430660000025,5.4014908870000005,4.671976857,7.445772688,5.562936702999999,6.4548756360000015,11.97958911,5.125806347,8.791130653,6.9454689929999995,10.41241936,4.567506245,5.979013052999999,7.627129196,5.661762837,4.091060499,7.650081809,4.403617362,7.259935033,5.658276663,5.95378337,5.486300489,11.7157117,9.660190077000001,8.26458148,4.814227064,5.066078824,4.695779097,7.621553221,7.332826594,5.244256871,5.808171912000001,5.472628328,5.55935224,7.065792626,7.277646752000001,7.910727972999999,7.799284366,5.868750981,4.533591041,4.972952801,7.1970055529999994,10.98580626,4.858129371,10.85395359,6.062675536,8.663069079,9.584510104,4.902074686000001,4.456365186,5.814802365,10.8241601,6.876624085,7.188207679,9.382954968,6.612529229,10.06041324,8.736623981000001,7.081773909,4.615108329,5.995807523,5.883411578,5.381985082999999,6.474756826,7.677903896,7.665033519,8.065169476,4.759017781,6.095671727,7.656070817000001,7.493033617,6.335237327000001,4.545925874,5.686782148,8.643203192,4.9845795310000005,6.811395724,6.5397068439999995,7.226026192000001,6.220683206,7.851845742,7.052497671,4.484326248,7.3682477870000005,6.187343987999999,6.309843666,7.58426668,4.861834428,8.492099995,6.088702645,7.388763235,6.084548912000001,6.123415672,9.372983955,5.43351962,8.123205061,11.02594967,11.39404578,5.6874612010000005,8.41435956,4.620039026000001,10.23183988,5.479793428,6.997814099,5.779665499,5.7198054339999995,5.98121755,7.7109069020000005,11.26316763,6.413175829,5.64978486,4.620610299,7.52267597,9.490254764,7.936595588999999,6.521325813,6.568856212000001,4.978258853,7.895731396,5.5931899210000005,7.174714974,5.7967458610000016,6.665669554,6.195678035,8.857582969,10.42372451,6.191813123999999,4.890693303,4.0
15,11.50149206,6.442371492,10.06803335,6.963142909,6.355185272000001,4.505605357,8.708670106,5.215859324,4.516068508,6.00094258,4.570771944,10.72197403,5.686403123,11.15289902,6.80146911,7.280425217,9.264126575,6.315970509,4.7461321960000005,8.968372459,4.4031022580000005,7.055727082000001,8.201784479,8.276174758,6.6878140010000005,5.099945352,6.4025454029999995,6.8619766910000015,5.327775238,5.086924109,9.169905676,6.332520677000001,7.255834097,5.15407988,7.7251166960000015,7.1945858560000016,6.3680700660000005,4.852083966,6.030109086,5.0859527060000005,9.090945526,6.182953304,6.46408533,7.3724780339999985,7.443572777999999,7.562455722,5.632205614,9.458288917,6.107286892,7.180064599,4.70077951,6.180118491,6.342723522000001,9.207647722,4.3220868260000005,5.5820590060000015,4.638904575,9.564482411,4.479225634,5.486773769,6.080817861,5.36516649,8.492506169,6.912919058,6.338581211,8.250269444,6.463140937,7.087047044,7.3940686960000015,7.831392153999999,6.335388312999999,13.5181696,8.005862952000001,4.417853148,6.8746792889999995,4.738113684,5.035287448,6.635549515,4.650025679,6.81094212,7.3732038310000005,6.413856415,8.638084422,9.042507137000001,5.273553656,5.664064442999999,7.488676497999999,4.9273997419999995,5.407971438,8.560319865,5.330746971,6.998517367000001,5.24807257,8.531623349,7.795500189,6.114101886,10.23013373,4.389235505,4.317163208,7.0484042879999995,5.454337732000001,6.0064216020000005,6.4053457210000015,8.564987106,7.452004938,9.153700446,9.57436994,4.767665404,5.0284764000000015,7.1580560470000005,4.9751590939999994,5.126707822,4.796996409,6.735165042999999,5.935333825,9.052949647,4.32670593,5.290257243,5.880046843,6.875871997000001,10.854647199999999,8.629766072,5.741546848,8.742215148,7.780149285,5.2821427739999995,4.973961296000001,5.456137135,4.676784881000001,7.379573947999999,5.443773075,10.96838826,6.546830569,6.58209914,5.835749924,8.040748607000001,6.532607877,4.731770722,6.287236872,5.3135597510000006,4.372232695,4.589372707,9.914731286,9.148258279,5.644284422999999,6.348863904,4.936908325,6.065469641,10.26790921,4.728262443,6.9791131360000005,4.731528248,7.200273342999999,5.525224796,8.73827955,6.63257591,5.736863747999999,6.193571929,7.708140667,5.346744183999999,9.101556646,4.770013274,6.886826602,6.292550022,6.777024409,4.7640755619999995,8.893178767,6.802069413,8.907980371,4.965191657,4.35156473,5.958083646,7.25387529,9.170295199,8.207702661,8.34902625,8.033019292999999,9.792479002,7.6076755060000005,4.580852244,5.576925352999999,4.432778325,5.21360975,4.557041882,4.396621081,9.955099639,9.25701749,7.689693802000001,7.15825626,6.037861945,5.155064684,6.463150015,7.0963414160000005,7.4351252510000005,6.205401942000001,6.486973405,7.81797012,8.750490682,6.242774596,5.575816372999999,8.151872376,8.859764105,7.5742523760000005,9.452456485,6.214428539,6.935434267000001,5.637472746,8.262827551,4.736596797,5.449053957,5.088603815,9.873359407,5.9408638210000015,5.816516943,6.2151221670000005,9.254887091,6.333001498,5.873113525,6.279914262,5.8423294110000015,7.321422592999999,8.551113701,6.497064924,6.941721338,4.502733147,11.15365941,5.6392328,7.131342328,5.480434799999999,5.870379436,6.156483795,10.03350703,5.0859636969999995,5.353907635,11.35395009,5.3847811839999995,6.161352357999999,4.850398866,5.281831766,7.98134041,5.848019184,4.254925335,8.836448303,7.383963457,5.531576804,6.8135084610000005,5.430313792000001,4.652612597,6.2297097820000005,4.926018202,5.735378008,4.925996222,6.71879443,4.73094431,9.879670747,7.67250849,10.36222301,5.799352482000001,6.3073298829999995,9.14176897,5.646238632,6.867631255,5.066943491,5.269260018,4.656442299999998,7.515971531,5.3691125689999994,6.873610404,6.212164821,6.918278269,7.1180385510000015,4.668945893,7.053280387999999,6.95825291,7.809522096,6.511460258,8.429819001,7.0283960999999975,4.482832818,8.180887468,11.56632956,8.401735942,8.617592396000001,7.52255705,4.381808875,7.4321755629999995,5.779905319,4.91761119,5.50538799,5.851914086,6.664978773,6.666931131,9.28747002,10.63615461,4.965512438999999,7.38189164,6.971159806,5.0145074119999995,6.285051645,8.891757899,5.930476106,5.6066843429999995,9.721787048,5.862713192,7.796469302999999,6.919588462999999,7.455708127,4.7159481219999995,6.921718477000001,4.920637311,4.43064762,5.77188515,6.41641135,6.7577459410000005,4.677197275,7.604141019,7.015955397000001,9.768861845,6.822428426,7.3812923779999995,6.175912899,5.272539419,5.972877177999999,4.628634701,7.85747222,4.677607076,6.731795485,10.385073,8.393103538,5.046282286,6.899490806,5.764388783999999,4.830382449,6.131059483,11.62638356,6.986157612,6.201104777,7.840455771,8.595916075,8.1596453,4.320360882,7.539984349,7.735142194,5.405552861,6.64350281,7.077242565,4.702353014,7.499452923,5.5716171160000005,8.167678421,5.09188012,6.280016149,4.673708582,6.040137232999999,7.7412463670000005,7.398333918,8.760252202,5.736360539,7.722674279,8.952642838,5.054043426000001,10.27555551,8.508830226,4.594475587,4.959274703999999,5.419809435,8.130212756,5.424384506,8.207199825,5.159400717,6.0044885279999995,4.9844395630000005,6.602749149,5.725360734,5.392266001,9.639912936,8.518327482,6.034278314,8.479845527,8.505095942,7.3506679,5.654903653,6.3100328889999995,4.517108428999999,4.862970081,8.765548638,6.239062075,7.874146979,5.206580257,7.698496987,5.923440667,6.262111708,8.554487137999999,8.978221469,6.516017941,6.992607146,8.038289322999999,6.511164832,6.820190116,6.199315937000001,5.264528017,9.226419169,6.873461868,5.724435119,6.196317231,6.1732865110000015,4.685959639,6.89612314,5.5803443470000005,8.029406892999999,10.82099309,4.26431945,7.753742904,4.842169406,5.886866531,5.529670061,6.314380907,5.518627996,5.337513745,8.730809927000001,6.606106575,4.66008699,5.664551311,10.439303500000001,6.021911433,7.941893792,6.420154256,5.092464181,8.090246118,5.415750967,10.39802045,7.6181913,4.316782454,5.7515813179999995,11.63373314,8.098534772,6.424526056,7.0022076160000015,6.2180518739999995,8.946694328,5.549040442000001,4.785903966,6.468842968,5.647339016,8.773264314,6.089321832,5.1168363889999995,7.991553841,7.494752684,5.121722231000001,4.81519485,6.52027907,5.118722662,5.994238788,4.630387717,4.911844295,7.759447618999999,6.876955646,4.917988200000001,7.200370982999999,8.15957021,7.996568055,5.034626225,8.847838932,6.4970241060000005,5.37073751,6.402874167999999,5.052630738,7.390427669,5.598747313,8.114011657,5.511852782,4.897979253,5.507905119,4.536293378,4.875413443,4.290743096,6.461321272999999,6.715975808,7.2153369760000015,5.755598452999999,7.47280029,11.02730793,5.443701507999999,4.6127299289999995,6.861131134,7.583613467999999,4.652456265,6.9293406210000015,4.732947578,6.958004777,8.29403347,4.90748459,7.481996745,9.091452775,8.204906614,5.741285284,8.802906869,6.428653317,8.368052882999999,8.492165179,5.248801922,5.863990518,5.639136412,5.862467633,4.882989067,7.114008457000001,8.082603092000001,4.690814377,7.285857315,7.320758047000001,5.4627725929999995,5.00460421,6.180513027999999,6.954288654,6.06538784,8.113059577000001,7.730653266,7.4893468410000015,5.74437226,5.208793355,7.245645597,9.412565927000001,6.130252785,6.471244032,8.316313206,5.687845633999999,6.9516435770000005,6.159203784,5.51544592,5.319563626,8.432106688,7.07083247,7.640022632999999,6.784477229,6.128621085,6.728392949,8.112246432000001,5.449545027,6.7326107639999995,4.926277385,7.443092495,7.377849677,8.045419546,5.769309223,9.266944661,6.4884140860000015,5.212826134,6.035814003,7.7146268870000005,7.195582722,6.680828914,8.43331268,6.8359341910000015,6.872657203999999,6.185372178,6.020043544,7.048924332,6.439546226,8.900956033,6.317324022999999,10.20504472,5.381582572999999,5.393992398,5.566302514,10.06964081,7.507132493999999,6.301476125,6.616266115,4.572022598,7.782885019,6.138979802000001,5.85502014,5.240553382,5.706342867999999,7.973275611,9.259936745,9.216038679,6.867657446,8.311252084,6.868651367000001,7.3593069710000005,7.3534335870000005,6.916516764,7.78015881,5.786803711,7.798265936,8.533321373,9.021019512,8.617996527999999,6.5855388989999994,4.661497348,4.601253648999999,5.132001679,7.545107729,9.352492796,7.670480082999999,6.036228106,6.857401229,6.393015501,7.4082506760000015,9.379424159,12.32992484,4.823402232,12.81585995,4.925324033,5.7320245089999995,5.561082711,4.526467321,6.296002155,8.241074441,4.423739797,4.341388545,6.784552929,9.769910333,7.593538708,7.525699899,8.787406464,8.983043647999999,5.6552837270000005,5.775140801,7.03544428,6.814657762,7.953558554,6.071206987,7.544465934,6.108396282999999,4.477864555,6.101232988,5.757462478,5.6018965010000015,8.145411332,7.8692976660000005,5.454809909,6.5911395729999995,5.542561347,4.607433326000001,4.697766051,5.043430254,4.36194964,4.786052767,4.716666741,4.810935013,4.916650177,8.926447154,8.624608300000002,5.061354205,6.11046741,5.687936016,4.832727126,4.7068470719999995,5.574318664,7.518359977999999,6.902908213,9.783735115,5.363832816,5.97688963,5.141545503,4.705465579,5.267913254,6.723613137999999,6.564454745,4.962264526,7.937933528999999,5.494424146,9.441531392,5.171516071,6.368912965,4.768977945,4.592269858,5.377686762000001,4.728898031,6.766877631,5.039417578,7.680947374,9.382871158,4.364108596,4.985862256,6.101112595,6.211260066,7.443231093,5.407194324,8.624577894,6.858240706,10.13089679,7.502348725,8.343720004,8.96259621,8.097994906,8.44714149,6.617412926,7.892730356,6.7924410810000015,7.215989645,5.965638642,4.562670778999999,6.515265858999999,7.490217031,4.890064016,5.50307157,5.418014192,5.9805856,4.739157045,5.11431957,7.890329705,8.855776118,7.694793318999999,6.633601893,6.8340253529999995,6.174919383,4.739932348,5.714116882999999,4.865162686000001,4.76342044,8.842475775,4.365342534,4.795490706,9.498292937,7.0478048960000015,6.10117245,4.403795579,6.893625925,4.4118517289999994,6.812062731,5.24057934,7.280950301,7.279883672,8.655320846,6.575390835,5.2931145939999995,4.655549527,7.637765495,7.313104768,6.995355601,4.9202716419999994,7.775431281,7.486675139,8.948615102,7.476625594,6.359928742,8.479946768,5.641710955,5.382061124,5.605229659,5.4266708679999995,9.268021422,9.233436613,6.296072915,4.665310839,4.769654473,7.741264094,7.295070475,8.694152005,4.703188514,4.73137228,8.302395982,9.589908413,5.02483017,7.8751290260000015,9.554254401,7.996915411,5.073759293999999,4.996063821,6.028797129,6.718370799,6.520389487,4.804730512,7.009454946,5.69158257,7.614257169,9.43343236,6.2694017460000016,5.685989747000001,5.189859342,4.318528115,6.205628982,6.864317047,4.977732468999999,6.801875676,6.379296404,7.465328396,10.68098878,10.20422249,11.03713673,8.575320878,7.2375769389999975,11.12521411,9.452257348,8.447606115,7.068338011,5.531425389,6.29291329,8.751102793,6.148215037999999,7.820360544,4.983576857,5.395988377,7.143778747000001,8.807778597,4.44578936,6.9422162279999995,8.046113507000001,8.185623235,4.479437112,5.429372829,5.225641677,5.40635653,9.904297866,4.760438996,13.21365963,14.04399296,6.179690399,7.317390355,7.654732461,9.276246399,9.927301976,9.095603859,6.906418691,6.636219003,5.777721504,8.03905262,5.199403117,7.1911385060000015,9.110071831,5.713084212,4.755315989,8.192638067,7.307062595,8.916503766,10.500537699999999,5.277852091000001,9.670309726000001,6.59853266,6.865779507,8.763052978,6.212970972999999,5.726540881,6.4830062029999995,9.188995015,7.024908383,4.444937755,6.8087699829999995,6.912405784,13.03482453,7.6772387029999996,6.523648737,7.318174152999999,5.559040573,6.5103868060000005,5.146776313999999,8.453039052000001,7.927180521,10.63755358,8.27583208,5.928761242999999,8.298536544,5.708766175,8.224036112,9.299234846000001,5.93555323,6.379356809,6.066986377,7.307184427999999,6.945203962999999,6.199280129,5.363093172,7.007375679,6.605539922,9.118548002,7.505895602000001,5.893262593999999,5.17024385,5.630679413999999,9.398298573,7.3857299770000004,5.560797935,4.731213039,5.066541125,9.228349003,9.309733629,5.019317625,7.716850031,6.519214325,12.83227933,4.870987565,6.790473669,7.168289328999999,4.845528261,6.578078577,7.015386017000001,7.529372865,9.203012141,5.484610617,9.473441216,5.324563533,5.732609931,8.336984847,4.924556245,5.916140738999999,7.322960307000001,5.076560008,8.909155152,9.148088334,6.845693193,8.585230357999999,5.064816158999999,11.93149863,5.624558396,6.566565825,4.471495029,6.3211837110000015,8.073890824,4.828403741,5.788047626,9.157879863,7.1412064179999994,8.603444676,4.372123707,5.9176570889999995,8.094267894,10.06853187,5.318289878,7.783592089,6.623214377,5.072958995,6.9369175310000015,7.467304247,7.628553847,12.04691509,6.407246455,5.984853556,4.769200289,9.24079399,8.643519688,8.393519035,5.723229633,5.536520601,6.126867283999999,7.336186783,5.053818764,4.853436576,5.123748687,5.627458017,7.2356939160000024,5.439165781,4.887526853,6.009773751,7.596793203,14.02962029,5.838318323999999,5.863296922999999,6.301831883999999,6.731944745,5.17387308,4.835868541,6.183070763,6.08954038,5.93455281,5.4458257439999995,6.74320556,5.611829361,7.418318977999999,8.165669609,5.714627999,12.50580816,5.603057636,5.294750402,8.520960934,6.8092225410000005,4.950667775,6.002745362000001,4.484269885,6.237674939,5.0761826480000005,6.018643624,5.978812415,7.604349087,7.111170129,7.87325726,7.658372657999999,5.0209045969999995,4.17489039,8.439847839,7.421242446,5.354989235,7.375963262999999,6.190145287999999,11.26120273,10.7500283,8.795989335,7.997413855,5.619281189,6.487996552,9.515781328,5.43954116,5.452216445,6.154555443,5.224540115,5.395071102999999,6.787386457,7.975265396,7.413251548,6.7197630660000005,6.443936817999999,6.031281456,6.498953908,6.593576112,6.675671212,7.841119326,5.419690623999999,9.362507968,7.161481741,6.429778861,9.347164662,5.6808227229999995,6.6371404689999975,6.931560366,6.551670495,6.257415394,5.162116518,9.980327603,6.874553822999999,4.837028045,7.127014,6.4717973639999995,8.435752102,4.613670225,5.345079833,6.733900498,8.161269613,7.7485334639999985,8.492169164,7.309976377000001,6.342043971,5.103586048,4.91406744,4.652400275,11.32268758,4.812456313999999,8.670946212,7.169802344,6.265072977000001,4.6556931939999995,11.01649095,5.880747653999999,7.45823126,7.209433763,5.761698047,5.894761114,6.492072221,4.626298574,4.7687151960000005,7.484842939,5.83456608,6.90915846,5.057366238,6.690069414,8.280477355,6.32452735,8.600904819,10.62871395,9.094848205,7.233059582,9.621776987,11.02367792,6.349988569,4.797932459,6.528808996,5.386894357999999,6.662483094,6.001574205,8.714568658,6.356030538,7.433460137000001,6.5352050120000005,5.618376026,4.624338012,5.153025703,7.233646498,8.161926882000001,7.181744817,7.236297828,5.42748054,5.2267540619999995,6.482587499,4.819385476,6.534103375,6.6107444310000005,10.22120325,10.68831166,4.385573681,4.83398048,6.5008605610000005,7.0902443239999995,4.7568136889999995,4.080157915,7.65801647,7.982765316,5.776629647999999,4.419595289,5.049290114,7.001724227,6.991261278,5.513399188999999,6.277013854,6.747357121,4.9347583760000004,6.409848909,5.546247567999999,6.046290567000001,7.235040406,5.320747449,5.331262357,5.855207900000001,6.069988502999999,5.63318545,6.142360981,7.582832517999999,4.179136109,9.187360894,4.544650561,6.877137817,6.455489012,6.777285158,5.595771653,5.071100004,4.684647518999999,5.081060894,5.683690829,6.200430451,7.556824983999999,5.8800395420000005,11.32584034,5.6736500360000015,7.232424162,4.549951302,5.8264697010000015,4.4195598480000005,5.662846947,5.574215952,6.079310808,7.626620827999999,4.472888028,5.523273652,4.559197562,7.744768485,6.476417975,7.580464434,11.72005118,5.039351295,6.888086932999999,10.16318109,9.015902407999999,8.369266742999999,5.502208249,7.1180161779999995,4.270002957,4.754453235,4.8120005919999995,4.833651855,5.011228498,6.846926064,9.430013621,5.882321717000001,6.203535717,9.670787504,5.991879869,8.920904725,6.156220374,8.401487833,8.498269192,5.944929012999999,9.169280378,6.6023793410000025,5.481843021,7.051380282,5.04308136,7.082828115,6.5834618670000005,8.331862875,7.37458871,7.1469545010000015,6.183583425,4.690889258,8.01294946,8.281929478,5.095416717,4.50007232,5.671099661,5.90459141,6.3566702070000005,6.40454729,6.232235652000001,10.34111891,6.996944587000001,6.357638661,6.8146911160000005,8.420214054,11.21232426,5.038693776000001,8.520566079,6.3728554860000015,8.411834942999999,6.621232572,9.15270772,7.500624264,7.808656487,6.979945505,10.85421122,7.455185822000001,9.439064287999999,4.78873767,5.801973345,4.400920199,7.389273997999999,7.127506704,5.89929377,5.278060003,8.816160423,6.948438218,6.554532152999999,6.9585323510000014,5.030501297,11.67444482,5.226900951,5.8356833539999995,6.727651132999999,6.566038467,9.261484087000001,7.0150715429999995,4.845426455,6.136494839,5.557294203,8.663802056,5.4197096610000015,4.889084421000001,7.148251639,5.5077537439999995,5.832792535,6.235935143,9.456177027,10.01793514,6.336572469,8.07882122,7.961308886,7.445081355,7.9544903310000015,8.159837179,6.985993102,8.131133944,6.660265159,6.244805363999999,6.354548382000001,4.772672957,7.851425495,9.542031465,5.2194299719999995,6.237651082,4.947507002,8.806589153,8.059403468,6.42034102,5.795186974,4.338912288,5.415177987000001,6.782258268,9.116970081,4.966776539,7.044816497,4.986509661,9.053853596,5.895589396,5.991793907999999,6.042977658,4.481059073,6.623644989,5.514584585,5.43472652,5.2427079569999995,6.480078224,4.68838615,7.205595849,5.608079851,5.503405017,10.75443658,6.7134948539999995,4.571875889,6.1686804429999995,9.26683013,5.296298232,8.590900357999999,8.23949559,4.409564135,6.310945727999999,5.8850238820000005,5.683750087000001,5.565222979,4.628767346,4.965162523,6.207749691,4.945533675,6.598754351,7.8599599829999995,6.585936969,7.152433292,10.02104073,5.258338339,5.101417553,7.036263138,5.6321632410000015,5.435419232,5.7670152360000015,4.453184329,4.39048111,8.678369352999999,6.330902846,8.496664682999999,12.42436045,4.649332288,8.949945537,6.066196428,7.659033513,5.015230177,4.473461808,5.934610738,11.75389531,10.28287406,8.241815195,7.642977228999999,5.384706785,4.800696805,5.6934121289999995,7.146392682999999,9.27825604,7.391407282,7.8515819539999985,5.352170056,7.666940941,5.925187386,5.234207103,6.070877384,7.223431729,7.430760542000001,6.292402474,6.868660067,7.4539144020000005,6.755660764,5.650305792999999,5.784142472,8.173094669,8.350628922,9.110551561,9.700618301,8.152270137,10.34390032,9.039385084,8.721870337999999,7.722797944,7.8940285060000015,6.160600095,10.1354179,4.5927438789999995,8.397391916,6.359273815,4.599267258999999,8.852459352999999,6.464309338,11.46950154,4.410319843,6.557592333,5.867686394,6.317478799,6.191466613999999,8.264289672,8.565379549,7.477648855,4.45900713,8.209666198999999,4.39694642,8.025518111,5.0258323030000005,5.745312825,5.788978329,5.9256659,9.738111053999999,4.965269097,5.671604637000001,6.849007643999999,5.075390683,7.025691972000001,7.63823544,8.794794605,7.757427957000001,4.25756135,8.001998958,8.4673428,5.545366771,5.430048861,5.081945056,6.7635388270000005,6.607678074,8.530615762,4.75945937,8.960919192,7.357237483,5.734780957999999,6.390436782,7.730890692000001,6.6322624029999995,6.064386344,7.828095789,6.915756332000001,9.561036247999999,7.214998262000001,4.213195995,6.976694424,7.3445813829999995,5.497170497000001,5.263750407,8.618324756,5.344809791,5.206727955,8.801316992,8.018918845,7.218036427,8.070646434,9.309106153,5.688104196,5.378473604,9.970358535,9.133457669,5.615039756,4.419277211,5.152739858,5.172570169,5.226703387,7.454058527999999,7.997499737999999,8.844225514,7.031468384,6.815699045,6.77050034,10.55605107,7.393180911,4.80839369,6.285792185,7.479713844,4.602375996,11.84205461,6.137253969,9.600338706,7.588042084,9.116003033,7.550573327,8.002077486000001,9.280823095,5.988699774,5.285961267,6.4497729889999995,4.353819967,7.988503121,7.475606252,7.731964558,5.589297771,11.59139887,7.75559663,8.042798067,8.914109391,5.869647109,5.68186873,5.316514767,7.148199475,5.303254587,5.4856167760000005,6.399044879,7.81640383,7.304098346,7.279991017,6.705962726,5.593935815,4.82543522,5.175130687,5.6743351539999995,6.341053401,5.521433131,4.40135156,4.069840226,5.123659151,5.204267627,5.20970514,4.5908152069999995,5.617032772000001,7.337480802999999,5.8054454060000005,6.587648637000001,5.86296469,6.939654831,4.679658979,11.06966639,9.449557636,4.738270834,5.947991742999999,7.146481735,5.309210537,8.583365642999999,4.503651921,5.319668359,9.549887353999999,6.449545218,8.202031538,5.657760306,5.495874954,6.685027737,5.846460757000001,4.202334414,4.487399872,6.972912332000001,5.34434333,7.880836211,4.74110038,6.654581385,6.494159302000001,6.809439555,4.5645960169999995,5.434073385,9.99087645,8.493274187,5.550620285,6.986556462,6.337767303,7.243800221,5.8081631960000015,5.993970751,6.648063336,6.334177057000001,9.70534655,9.489948803999999,9.636475916,7.16746605,7.852614847999999,5.111675853,7.095071462999999,4.714591915,7.9991337520000005,7.18985853,6.204063493,7.0865880039999976,8.557742637999999,7.589957711,5.140520334,5.269688013000001,4.894119305,6.1846715360000015,9.594429017000001,9.906965092,4.819320929,5.6991621939999995,5.950962264,7.938442961,5.928869547000001,6.4666592760000015,11.01853087,5.143335378,7.861375568,6.698545633999999,5.337513133,7.008840137000001,4.590784438,5.942874463,5.843490137000001,5.227557904,5.414295813,5.247775798,8.968411338,11.36114321,5.656069402999999,4.268572173,4.737791057,9.919117421000001,8.519279739,7.774070921,6.6662155510000005,4.490582871,4.272440233999999,7.4005141939999985,7.003357882,6.984655589,4.90135603,4.7369939169999995,6.596541002,4.617412683,4.918217567,5.086070095,8.586066801,9.074621302999999,5.068056102,5.84177145,6.811170721,7.975317255,5.964880421,4.592302228,6.352354602,5.329032928999999,5.504747561,5.522474956,8.867113832000001,6.5907528110000015,6.507133235,6.800523484,5.740095977999999,7.406185446,5.093645396,6.192189162999999,8.915259625,6.5996284260000015,4.876355611,7.700291826,4.729282883,8.10374402,7.900862525,4.798501035,9.502881643,6.3558193439999995,10.15703222,5.173785501,6.023775204,5.607057919,11.81260082,5.963688445,10.15811681,12.28566716,8.039109652,6.540099796,7.459396882999999,5.855647481,10.9414198,9.400767898,4.873090383,7.955180536,7.154021544,8.530785527,9.205398519,6.654334092999999,10.61573847,6.223807817999999,4.984079877,8.658302907000001,8.845010398,5.729027632,10.39317211,5.677960556,8.266654991000001,5.333644673,6.3911105820000005,6.9803231729999995,4.787486341,6.209491732,7.024333399,4.297395205,8.223825741,4.8478685619999995,8.571677907,8.593653518,5.715301015,5.068825034,4.633442227,10.61966661,7.453457812999999,7.140656149,6.97093445,7.260208615,7.546753394,7.272213428,9.927361487999999,5.915485515,6.7759616110000005,7.504203353999999,8.20723043,5.925663064,9.430460295,7.150118544,5.622391264,5.873933438,5.40321451,7.3663816739999985,8.24385629,5.963630869,5.230764403999999,8.815169656,4.554113387,5.234507476,5.853578272000001,4.905725708,6.652484977,5.6131911279999995,6.188277808,9.156976214,7.3393757389999985,9.217475988,9.521987889,8.068837683,8.961029249,5.137709112,7.827721282000001,6.595240702000001,8.701643792999999,7.6206493029999995,5.102454096000001,5.0503787319999995,7.352468977000001,7.31970796,4.497392296,6.380310828,6.968521363,8.342265422999999,5.849118722,5.111583486000001,6.047354365,7.142549653,8.056061785,7.985226346,7.561413009,7.932026229,6.841105353,5.739648572,6.579444341,7.790669164,10.05402075,6.708194617999999,6.707666897,12.88259284,8.896337691,6.735430067999999,8.506715011,11.38016106,10.85026511,4.186892799,4.195903265,5.425789765,6.865439907000001,8.460337557999999,10.02361073,6.972882956,7.600602477000001,7.956536483,5.430982928,4.7224355330000005,6.928363347,8.317453059,9.06905508,5.582457467999999,10.01035868,4.641124507,9.073730449,5.4000748970000005,5.108163072,5.191104289,6.490859531,4.535067358,4.799468658,5.21565277,7.705228121,8.008287232999999,4.631161186,9.352892368,6.767848834,6.751112943,9.467770991,6.6638833360000005,9.887227118,7.363871649,7.921348718,5.673398584,6.030125415,5.083153067,4.752281541,6.710226847,7.77326678,6.7878233020000005,4.937375753,7.959933958,7.2330774920000005,5.349483276,8.15944446,7.091445208,7.465665962,5.987053347000001,5.531227146,4.2803389,5.359874728,10.17560536,6.996796101,5.140682067,11.67054024,5.192275205,10.67891964,5.755719002,6.03052479,5.841208961,5.515385834,4.937422083,4.557994358,5.7312843739999995,5.351612752,4.823666762,5.26137527,6.09215335,4.814450005,6.934794887000001,5.302211618,7.262720718,12.18502645,5.57421987,4.757414936,5.674151859,6.046091121,4.945843374,6.954759475,9.42195583,6.801302777,5.905508697,10.20299823,5.71461562,4.927400405,4.247782337,5.611887126,4.993266098,7.940609151,7.586354696,5.302187857,7.720296323999999,5.9629088889999995,7.055667947000001,5.73662554,5.823461484,4.508680524,7.6951148510000005,8.669527214,10.2959632,5.044319557,4.721300907,7.213716954,5.179530234,11.03814307,5.883863419,8.87248415,6.495107656,6.195447511,5.738216027000001,8.310776005,8.599328468,6.200535062999999,6.258201307,6.950618443,5.741130724,7.76896529,5.717839239,4.5890915130000005,4.980905508999999,5.388798692000001,6.997118209,8.57921821,6.177082048,5.8620252729999995,5.873503082999999,5.24034217,7.008972907,6.192498165,4.577677017,4.252943801,4.1138991030000005,6.8320880000000015,8.703577382,4.874037112,6.760239058,6.533225848,5.6932358039999995,6.253744844,7.03706323,10.25983853,4.882737654,10.62084132,4.9517642969999995,6.021071915,4.826649762,11.28103155,4.41299449,7.685116308,5.15850098,5.825605362,5.430279998,8.698009196000001,5.75298744,8.242090961,7.972641287999999,4.470670375,5.340622309,8.590171955,7.133089469,7.318046402999999,4.488409834,6.785787826,5.779555611,9.195815831,7.154597721,8.098717158,6.654294362000001,7.495057774,4.80063513,8.972442735,5.260232998,5.310305444,7.364486787000001,8.395928992,5.067530411,9.175536486,10.90544646,7.083427358,6.667242398,4.905443562,11.11049275,4.652071871,9.124758647,4.71347533,6.194040526,5.243137512,5.031570643999999,4.876542082,6.322978377,8.373949073,11.59104828,6.632254382999999,4.884810507,8.023811734,8.207719212999999,5.792850527000001,4.455685926,8.112423698999999,7.711585931,8.931185117,6.373120472,5.2871060739999995,6.213943133,7.759552346,6.98281629,6.706640724,4.683255309,5.128560772,5.078741088,5.6765125339999996,6.509895185,7.126634075,7.837170634,6.927865216,5.221287127,6.960422137999999,7.612230017999999,5.543466821,5.626577758,8.871929026,4.795344986,6.6465029929999995,4.87434213,8.977907373999999,5.323429774,4.813148579,4.838174853,5.716323963,5.787499285,9.465791579,5.750666549,5.476872079,5.713769494,4.514437268,9.535887726,8.501953054,5.822959902000001,6.381529966,5.6072266420000005,6.789601998999999,5.8235111129999995,6.97422336,4.503711287,9.835429015,6.5616020760000024,7.832889845,4.2332485160000015,5.119632889,8.332854437,5.237814602,8.596736191,10.32646464,6.1380533370000006,10.38611246,7.532449217000001,4.957474314,6.559659318,6.601814528999999,4.279522167,4.848721739,7.304982884,5.038858142,5.335553956,5.093190122,5.042560684,5.608959337999999,6.2502972560000005,5.8382605629999995,6.859424926,6.074844286,4.534396895,6.357432686,7.664864323,4.73496446,7.191280326,5.661895839,5.558178476,5.545522365,4.667801517,8.02056185,9.145895032,5.371838755,5.081590361,5.126803048,7.157576884,7.009551339,11.14001777,7.892393179,4.140638471,5.440010028,8.157671673,5.308428534,4.311006707,4.727372046,6.716577111,5.160912776,4.27679354,7.928609363,6.1627449,10.81221292,6.486687099,6.068056843,6.254765592999999,5.94569125,7.258381999,6.70292213,5.477756756000002,5.499413515,5.649588,7.249431183,6.63796155,4.892994463,6.221081785,4.965516401,7.6045200920000005,4.718475051,8.339432943,7.1871287420000005,10.36844015,4.663687144,4.407191302,7.056908046,5.5073538960000015,6.031460017000001,4.805583382,10.05797048,6.9008613510000005,10.05910821,7.574598677999999,4.815793153,5.301472562,6.68201473,7.692046697,6.752206158,8.972293605,6.3126495039999995,6.349942712000001,6.0750923839999995,6.966118117000001,7.415323586,7.024747071,4.285155968,6.760142758,4.821927641,4.785199312,5.8342189410000005,7.364182135,5.253810328,4.396997726,7.296336416,5.976381085,5.495276401,6.054973671,5.290796108,5.08693913,7.603922464,4.3784606539999995,5.051759766,4.831896789,9.692998307,6.768773907000001,9.508883331,4.521718374,7.347211202,5.326506708,10.01020368,6.823421727,6.231044279,4.859600391,7.628803549,4.947387968999999,11.45027121,9.148471215,5.971752385,6.5824630410000005,9.648083657,9.861365311,7.693188782999999,6.530833951,7.711625109,5.714374072999999,10.71827971,5.712912604,6.111353546,6.540014322999999,8.098792661000001,8.498264133,5.838782386,8.104023067,9.342506803,10.22074953,4.512715407,5.175920681,5.500514335,4.807062952,8.399995563,4.811367662,9.834121631,8.325662407000001,5.604840514,5.278295156,5.483234293,5.675970883,4.332405501,5.860878832999999,7.844459756,9.000816807,7.049829536,4.990829651,5.809024854,11.48355736,12.35401926,6.222020729,5.078889428,6.2321421070000005,5.304596125,4.2921990889999995,8.024736401,7.169402265,10.38474224,8.514897955,6.287830682,7.741506375,7.109640095,5.437212227000001,4.8253376789999995,4.851641613,5.216800692,6.5891304129999995,6.864094562000001,6.041782744,5.882052375,5.812045366,5.5527202739999995,6.650373871,7.470223797,7.608076466,5.700181477999999,4.3990275919999995,7.936355835,4.275451973,5.165213631,5.688491459,5.681661752999999,6.385702035,6.531408421,5.512922275,8.954396877,4.941941474,5.365509239,5.909331356,4.817531218,6.858964384,4.801862073,10.42399767,9.842162624,5.627400777,5.577043447,5.312259499,5.564459314,7.470536748,8.420973423,4.43900202,4.515231899,7.1403222379999995,8.589988553,5.4375686089999995,6.372567413,8.634132506,7.601223363,4.773986976000001,5.6178517060000015,7.120718373,6.149979276,9.955179196,8.53805366,4.609920273,10.08646783,5.193069979,4.588730792,5.147286684,6.198822389,8.675167529,5.17229103,6.873159516,7.813429687,6.857944292000001,4.848598602,6.315250355,5.125391497,7.631319069,5.36570816,7.222083948,4.928690587,10.82668645,9.820610176,5.219223686,7.29752634,5.155191542,5.101041498,11.38191037,6.235892699,6.496898165,10.19181263,9.382263402000001,6.32172572,6.082549617000001,7.438267907999999,5.015892739,7.284459742999999,8.892904042,4.211289064,7.633417944,6.342581778,7.654326202000001,6.689176201,5.84468593,6.578128714,8.271265306,6.212092875,8.421615601000001,6.704475612,5.860053937000001,6.561846787,4.972138313,8.604386265,5.844510093999999,9.009004666000001,5.178707986,5.973607071,4.975535109,5.199770684,5.023458651,4.834247421000001,4.891177633,5.211937287,6.517828827000001,5.26293959,5.031573542,5.610948098,5.868620394,7.252327216,7.403621621,7.238603104,6.461756502,5.810767909,12.35276978,5.541408504,6.3151550489999995,7.880332049,5.539360137,4.202739674,7.490742278,5.418804495,8.900451896,5.191263496,5.176126593999999,4.440214975,7.426499954,5.835226627000001,6.596074354,7.158037525,5.784657009,5.59810468,12.76021273,6.804429207,4.2592464460000015,12.39878294,7.585810342,5.7252742539999995,4.470577629,5.652147126,6.197222312999999,8.647697435,6.0737942,4.9110382260000005,4.5980900689999995,7.671799339,5.687957872,7.7308845370000006,6.74978863,8.006336713,6.149099541,7.359855382999999,5.455484014,4.87814304,5.938572289,5.743834044,4.834769106,4.557775423,4.680579175,9.466082992,8.209556335,10.00564449,6.370786819,5.830102612,5.653628932,6.847887657999999,7.697493763,4.881147619,5.837840278,5.576284575,5.868408596,4.826802302,7.933755199,13.05510314,4.278280672,5.369699128,7.0904988410000005,4.275852642,8.029749146,9.35610749,10.079569699999999,11.45646043,7.271362661,7.370130876,8.277469422000001,7.266049093999999,5.32130751,6.056291794,7.24792798,4.923133366,6.628814042,6.1657842610000015,9.629544141,7.086143927,5.010085012,5.586225555,4.88632824,5.709199571,4.422834368999999,5.795759549,8.213208682000001,8.294670227000001,5.571625386,5.6521837029999995,8.916332622999999,10.35584199,11.125259300000002,6.390296383,5.8114102370000005,5.88460234,7.238646072000001,9.465921572000001,7.34722503,7.668714232,7.128726914,5.0640574019999995,7.688814953,5.277136076000001,4.619413641,5.621694767,5.307178223,5.1404617969999995,6.576974882000001,8.565427297000001,5.256683442,4.0826850630000004,5.38090456,4.438996714,4.5969684719999995,6.405913684,4.939438255,4.979449106000001,4.535800171,6.843735307999999,5.441062313,8.308413974,5.8186167860000015,7.518170329,5.968909244,6.169793219,5.855428193,9.499262603,6.863795426,4.631623964,8.131341217000001,4.543148683,6.600211423999999,7.940435898,5.775556532,7.683529092000001,8.394134635,7.927514029,8.179972781,8.252602484,4.949076819,5.381786311,4.4054862,8.404972416,10.65424759,6.032857118,7.793597411,7.096681707,7.198454586,5.9265166979999995,4.858502952,6.7988088289999995,4.853091723,5.055310307,6.2023289429999995,6.6449502910000025,6.143696992000001,5.746118878,5.697682746,4.9143639839999995,7.6743544739999985,4.683900817,7.151313805,6.4285475660000015,8.57354933,5.305415473,7.666779149,7.645395255,5.3293203060000005,5.050000743,10.0070238,5.811253557000001,5.39905649,8.469443028999999,4.323826736,6.168958797999999,7.99515265,5.788081802000001,6.086926442999999,7.315467331,8.766183448,6.374714177,7.38735023,4.987772403,4.245595263,5.054827811,4.759431271,9.782397203,5.314878556,6.257479752999999,5.98644646,5.024519273,8.211301548,7.37038097,5.5842546220000004,5.477215084,4.983673433,5.625431721,9.191475785,6.973511866,9.320379373,6.185119498,6.4070175260000015,7.736794887,5.521666217000001,6.14265812,4.912750681,12.87599743,6.124280385,4.3657508310000015,6.954423695,5.335084075,7.160117249,6.743471832999999,7.623071702000001,4.766359205,9.315124804,5.866954666,10.04481733,4.403326458,5.521424777000001,5.165366562,4.955054217,5.010975727,6.7798810739999995,6.3923917260000005,7.658391802000001,11.538755,5.803622219,6.773826484,5.697444031,4.928899152,7.419501222999999,5.41863183,5.944988717999999,5.65174313,7.762742458,6.149573837999999,5.124597249,4.584760145,4.911744961,8.433100021,5.4188866639999995,5.110328629,6.018308311,4.816406419,4.847874492,5.088904298,6.565916818,8.41548011,8.456004228,4.842011724,6.944010124,6.234963235,8.604137573,7.524863048999999,6.283564048,6.284855061,6.3581648479999995,5.207788876,6.325751341,5.8544084629999995,5.081878951,8.99295251,6.2536003220000005,4.344864329,7.730312822999999,7.352574122,4.532647492,6.156972885,7.543682578999999,7.789972931,10.66208289,4.8523660710000005,4.712408478,7.584432427,7.995651153,7.345436302,4.796851636,7.928450939,5.677195959,6.802804748,5.724543411,6.084690129,4.984439514,6.9800262910000015,6.7102230579999995,5.6365190620000005,7.8651558060000015,8.085540952999999,6.025241049,9.798498666,6.34890528,4.870817016,7.362216011,7.7347171,7.518898106,4.642666965,8.067501349,4.330973335,8.98540391,5.891958058999999,7.702395049,7.033504656,7.200616274,4.2692458910000015,6.5417837410000015,7.2424325970000005,6.5839342510000005,4.667454029,4.1742223869999995,5.999786114,9.552568522,5.069357025,6.460936165,7.784144078,5.64260659,6.0284018060000015,7.771164757,5.281442949,5.622487099,6.4775839170000005,5.42652021,8.65060331,10.31984221,7.518429717999999,4.192223376,5.405079023,7.886115697,5.9155244960000015,9.597075588,6.797433361,4.571960206,5.376108602,6.343462242999999,5.169848198,4.585138801,5.954461692000001,4.468619562,7.039031886,5.059485491,5.306888557,6.530313437999999,8.970179099,8.40128126,6.941573633,7.18563397,4.6662562439999995,5.307407773,6.922085605,5.539523419,5.678584312000001,9.190532314,4.923942923999999,6.28655911,8.360531457999999,5.49817788,7.601112818,4.633401208,8.180211106,8.242063225,7.559007382000001,10.02631712,4.8239853319999995,11.33634973,4.450757277,7.184730603999999,6.99373388,4.679198101,4.501435431,10.53835797,7.265492068999999,6.593941015,6.3313409279999995,7.22608955,4.936646214,7.0047182810000015,8.882186738,7.8934109810000015,8.017301045,5.141659801,5.897616827,7.913486685,8.190354427,4.488443072,5.205242128,5.396280399,5.287651477,4.836460961,5.648314506,6.8968971660000005,4.607267712,8.00079713,4.779591492,4.904712153999999,7.964692886,8.161402246,6.595518124,5.565924232,7.757681132,7.152648869,4.800244351,7.59824377,8.04463157,7.329484575,7.4236680339999985,4.683754223999999,4.718589892,8.452718091,7.644813721,5.936192514,8.701875255,9.283387527999999,4.930191703999999,8.714245834,5.329192239,5.070290544,7.395709844,6.641953689,6.782357779,6.449977256,4.806631843,5.131607726,6.57473457,5.112893315,9.337176964,4.38490655,5.092693882,10.36079501,7.117967899,7.3488042,7.635913648,5.795569479,8.193731534,4.147231913,8.469623848,7.0229672039999995,5.1389728880000005,6.0147054760000005,4.951420359,6.2675931579999995,5.696047502000001,6.020162685,5.699590762000001,6.529281532000001,5.895880644,6.522037856,4.4427456780000005,8.34563347,5.116780556,7.401170549,4.336038745,7.174277035,8.896475251,8.005752569,7.893253425,8.954704223,5.6775230310000016,7.656457487000001,4.492467714,8.237502476,6.134863289,9.728680949,11.48644165,6.134233313999999,7.3621297110000015,5.410768462,7.617290661,4.302193157,8.693381453999999,6.074549635,8.198138703,6.799051812,7.734161665,4.832197468,6.32543462,6.005859244,4.398422353,6.133934603999999,5.240999013,5.033590611,5.690621095,13.21519503,6.636512139,6.474432928,10.16680595,7.810163524,6.143929368999999,8.299873426,8.040707043,8.255200519,9.353140243,8.927150166,7.058539013,7.047682204,5.205493788,5.5682692660000015,6.460864554,8.264836079,4.288779562,6.107659462000001,11.48764651,5.390830547999999,8.408040405,5.832637895,5.540725651,5.240529895,6.874343634,6.322936014,9.420483377,9.485606133,7.841871135,7.297705203,6.50380241,4.28136699,5.430531403,7.6011847470000005,8.448449787000001,5.553807837000001,4.486248524,6.587320581,5.575636821,7.285205811,7.465486012,5.211896324,6.242011682,6.35443021,6.1289234839999995,5.491547862999999,7.342542777999999,6.371680875,5.966730962000001,4.770058592,7.152138937999999,5.422649312000001,5.1757379839999995,4.19535706,4.804373988,8.571980762,6.621381307999999,8.517078198,5.910716633,7.6113028310000015,5.7223830389999994,7.893967779,5.995898897000001,7.084932134,5.810774747999999,5.218355911000001,6.3601408410000015,7.75778555,5.932526967,8.719652252000001,4.450349227,6.209337256,4.416661284,5.71741423,7.640525692000001,11.69144448,4.741305551,8.506718457,11.84503583,6.8393669379999995,6.219102542999999,7.119473361,7.035659764,7.004844301,6.078677806,6.698111063,8.330097076,6.3266592379999995,5.847321872,8.920093853,6.497406655,5.784921174,5.325248325,7.015486192999999,4.600195398,7.752756064,12.30377488,5.2564592910000005,6.688457372999999,5.898365605,7.893858312000001,6.299768877999999,6.900171877000001,5.690494581,8.833992531,5.007070488,6.092589244,7.319127707000001,5.694647454,6.715125147999999,6.865285199,4.825225678,8.133291946,7.2264088179999995,5.653849927,5.1934420160000005,5.24112367,5.191392,6.6625348970000005,4.668452234,5.499004612,6.864835848999999,6.703293658,6.575767615,10.16497967,5.435517582,4.736889706,5.692774534,6.650815691,6.2689737,8.366943793999999,6.842782091,6.093950456,7.326577202999999,7.587387647000001,6.035303884,7.03743974,8.233534762,4.929969021000001,5.815729784,8.089148518,9.083728987999999,4.1138491460000015,5.7627681289999995,5.247282166000001,6.063512652000001,6.458983722999999,6.756001165,4.536724746,9.571385101,5.752374457,5.9589224839999995,8.205160591,6.382084084,7.197837034,6.308477826,8.78656277,8.136140703999999,7.22704546,8.615329722,6.005084779,7.428361207999999,7.213394619,8.087155274,5.900203457999999,7.799691507,11.66666354,7.365168177999999,4.76936833,10.15358217,7.063338077999999,8.081797212,6.906332065,7.047562135,6.28002381,5.147766644,5.484111381,5.65396883,7.745063036,7.342799648,5.9723376770000005,6.885963843,4.665853313,5.0109085669999995,10.10485917,5.1298824739999995,8.904445849,5.3188425960000005,4.404855803999999,11.18103516,5.217128536000001,10.32676981,5.348217072,6.59021405,6.230802075,9.633212854,5.721713144,8.091207426,9.10953854,6.460757822000001,7.289850922,7.453560112999999,7.5038059729999995,6.776102196,6.019892845,6.162266186,4.4890272000000015,6.926629985,6.03029751,9.142829082,5.43258978,9.602174247,7.69847601,7.965507016,7.159339827999999,5.993937186,8.089516925,8.627100402,7.4233527289999985,8.09860849,8.707538287,5.363525321,7.752427467,5.02621269,6.257825344,8.035348707,9.513199108,8.186701669,4.433710243999999,5.620776547999999,8.316650183,7.77303898,5.463007336,7.344189419,7.926615512000001,10.0754038,7.283537442999999,5.470395902000001,6.032278985,5.888442341,8.004729328,8.392281495,8.593489672999999,8.216847739,6.05579883,7.595710866,6.064408504,10.5772583,6.687164787,6.8219786870000005,8.126296349,6.075140721,7.469309053,5.49352102,4.221410695,9.994911404,6.779465184,6.5305765,7.575736846,5.296437269,6.793282972,5.41690303,6.429978221,7.18274498,5.4500639920000005,5.7773296610000004,5.235925451,6.463125558,8.044009997,9.750831665,3.813668525,5.327194585,5.677607148,5.80295889,7.957001859,4.774286378999999,5.4176195310000015,4.3989192919999995,7.778565703,5.285286816,5.115507438,6.724929241,8.940066879,4.688644738,7.499636897999999,8.209415577,9.721185902,7.346088615,4.963900962,4.729272601,8.753383232000001,9.064467547000001,8.672297665,10.43141862,9.787400051,6.312865771,4.531141262,4.817968844,6.839937736,7.513470055,5.60518454,7.866808363,7.409916731,7.886421745,8.955224539,5.76346925,6.355621263,5.003200316,7.2236140120000005,4.782486976,6.2495644860000015,4.8486409010000004,4.774844794,6.9150158489999995,6.2033253560000015,6.402384574,5.501861623,7.437465426,8.759435643,6.04335492,5.746477499,5.499408868,5.799347125,10.31266984,9.13979267,8.18821052,8.436744212,6.83506759,6.9717947239999996,7.560502358,5.99506491,6.847714548,7.083516286,5.459077159,4.729058641,5.939721603,7.215446384,6.584527552999999,4.356994459,5.7626992910000014,6.935082446,5.181558036,8.310216543,5.508183667999999,5.8691007520000005,5.003966134,7.363536346,5.343355765,4.658136302,5.161605051,5.595191802,7.9473019,5.265506307,4.601905567,8.190828783999999,4.877626537,8.875576397,10.52609055,5.184767863,6.907940505,11.64608635,6.561937403,6.152277638999999,4.85318027,5.124996586,6.295701276,6.841436067999999,4.628303282,8.490143993,7.136495048,7.41859968,7.461105762000001,5.652620422999999,5.787895391,5.26722979,5.933354487999999,5.2419101139999995,7.063351535,6.364804797000001,6.314391317,11.77763182,4.96730631,4.657118700000002,7.654941459,5.5976801960000016,5.163443879,7.092090568,6.501921224,8.762242937,6.040906531,6.148298317,5.022076135,6.486405897000001,4.837954374,4.747680992,5.94576049,8.723648962,5.362681499,7.245327728999999,4.896304487,4.8379760460000005,5.673755063,4.8143722780000004,6.3137430660000025,5.4014908870000005,4.671976857,7.445772688,5.562936702999999,6.4548756360000015,11.97958911,5.125806347,8.791130653,6.9454689929999995,10.41241936,4.567506245,5.979013052999999,7.627129196,5.661762837,4.091060499,7.650081809,4.403617362,7.259935033,5.658276663,5.95378337,5.486300489,11.7157117,9.660190077000001,8.26458148,4.814227064,5.066078824,4.695779097,7.621553221,7.332826594,5.244256871,5.808171912000001,5.472628328,5.55935224,7.065792626,7.277646752000001,7.910727972999999,7.799284366,5.868750981,4.533591041,4.972952801,7.1970055529999994,10.98580626,4.858129371,10.85395359,6.062675536,8.663069079,9.584510104,4.902074686000001,4.456365186,5.814802365,10.8241601,6.876624085,7.188207679,9.382954968,6.612529229,10.06041324,8.736623981000001,7.081773909,4.615108329,5.995807523,5.883411578,5.381985082999999,6.474756826,7.677903896,7.665033519,8.065169476,4.759017781,6.095671727,7.656070817000001,7.493033617,6.335237327000001,4.545925874,5.686782148,8.643203192,4.9845795310000005,6.811395724,6.5397068439999995,7.226026192000001,6.220683206,7.851845742,7.052497671,4.484326248,7.3682477870000005,6.187343987999999,6.309843666,7.58426668,4.861834428,8.492099995,6.088702645,7.388763235,6.084548912000001,6.123415672,9.372983955,5.43351962,8.123205061,11.02594967,11.39404578,5.6874612010000005,8.41435956,4.620039026000001,10.23183988,5.479793428,6.997814099,5.779665499,5.7198054339999995,5.98121755,7.7109069020000005,11.26316763,6.413175829,5.64978486,4.620610299,7.52267597,9.490254764,7.936595588999999,6.521325813,6.568856212000001,4.978258853,7.895731396,5.5931899210000005,7.174714974,5.7967458610000016,6.665669554,6.195678035,8.857582969,10.42372451,6.191813123999999,4.890693303,4.0
16,11.50149206,6.442371492,10.06803335,6.963142909,6.355185272000001,4.505605357,8.708670106,5.215859324,4.516068508,6.00094258,4.570771944,10.72197403,5.686403123,11.15289902,6.80146911,7.280425217,9.264126575,6.315970509,4.7461321960000005,8.968372459,4.4031022580000005,7.055727082000001,8.201784479,8.276174758,6.6878140010000005,5.099945352,6.4025454029999995,6.8619766910000015,5.327775238,5.086924109,9.169905676,6.332520677000001,7.255834097,5.15407988,7.7251166960000015,7.1945858560000016,6.3680700660000005,4.852083966,6.030109086,5.0859527060000005,9.090945526,6.182953304,6.46408533,7.3724780339999985,7.443572777999999,7.562455722,5.632205614,9.458288917,6.107286892,7.180064599,4.70077951,6.180118491,6.342723522000001,9.207647722,4.3220868260000005,5.5820590060000015,4.638904575,9.564482411,4.479225634,5.486773769,6.080817861,5.36516649,8.492506169,6.912919058,6.338581211,8.250269444,6.463140937,7.087047044,7.3940686960000015,7.831392153999999,6.335388312999999,13.5181696,8.005862952000001,4.417853148,6.8746792889999995,4.738113684,5.035287448,6.635549515,4.650025679,6.81094212,7.3732038310000005,6.413856415,8.638084422,9.042507137000001,5.273553656,5.664064442999999,7.488676497999999,4.9273997419999995,5.407971438,8.560319865,5.330746971,6.998517367000001,5.24807257,8.531623349,7.795500189,6.114101886,10.23013373,4.389235505,4.317163208,7.0484042879999995,5.454337732000001,6.0064216020000005,6.4053457210000015,8.564987106,7.452004938,9.153700446,9.57436994,4.767665404,5.0284764000000015,7.1580560470000005,4.9751590939999994,5.126707822,4.796996409,6.735165042999999,5.935333825,9.052949647,4.32670593,5.290257243,5.880046843,6.875871997000001,10.854647199999999,8.629766072,5.741546848,8.742215148,7.780149285,5.2821427739999995,4.973961296000001,5.456137135,4.676784881000001,7.379573947999999,5.443773075,10.96838826,6.546830569,6.58209914,5.835749924,8.040748607000001,6.532607877,4.731770722,6.287236872,5.3135597510000006,4.372232695,4.589372707,9.914731286,9.148258279,5.644284422999999,6.348863904,4.936908325,6.065469641,10.26790921,4.728262443,6.9791131360000005,4.731528248,7.200273342999999,5.525224796,8.73827955,6.63257591,5.736863747999999,6.193571929,7.708140667,5.346744183999999,9.101556646,4.770013274,6.886826602,6.292550022,6.777024409,4.7640755619999995,8.893178767,6.802069413,8.907980371,4.965191657,4.35156473,5.958083646,7.25387529,9.170295199,8.207702661,8.34902625,8.033019292999999,9.792479002,7.6076755060000005,4.580852244,5.576925352999999,4.432778325,5.21360975,4.557041882,4.396621081,9.955099639,9.25701749,7.689693802000001,7.15825626,6.037861945,5.155064684,6.463150015,7.0963414160000005,7.4351252510000005,6.205401942000001,6.486973405,7.81797012,8.750490682,6.242774596,5.575816372999999,8.151872376,8.859764105,7.5742523760000005,9.452456485,6.214428539,6.935434267000001,5.637472746,8.262827551,4.736596797,5.449053957,5.088603815,9.873359407,5.9408638210000015,5.816516943,6.2151221670000005,9.254887091,6.333001498,5.873113525,6.279914262,5.8423294110000015,7.321422592999999,8.551113701,6.497064924,6.941721338,4.502733147,11.15365941,5.6392328,7.131342328,5.480434799999999,5.870379436,6.156483795,10.03350703,5.0859636969999995,5.353907635,11.35395009,5.3847811839999995,6.161352357999999,4.850398866,5.281831766,7.98134041,5.848019184,4.254925335,8.836448303,7.383963457,5.531576804,6.8135084610000005,5.430313792000001,4.652612597,6.2297097820000005,4.926018202,5.735378008,4.925996222,6.71879443,4.73094431,9.879670747,7.67250849,10.36222301,5.799352482000001,6.3073298829999995,9.14176897,5.646238632,6.867631255,5.066943491,5.269260018,4.656442299999998,7.515971531,5.3691125689999994,6.873610404,6.212164821,6.918278269,7.1180385510000015,4.668945893,7.053280387999999,6.95825291,7.809522096,6.511460258,8.429819001,7.0283960999999975,4.482832818,8.180887468,11.56632956,8.401735942,8.617592396000001,7.52255705,4.381808875,7.4321755629999995,5.779905319,4.91761119,5.50538799,5.851914086,6.664978773,6.666931131,9.28747002,10.63615461,4.965512438999999,7.38189164,6.971159806,5.0145074119999995,6.285051645,8.891757899,5.930476106,5.6066843429999995,9.721787048,5.862713192,7.796469302999999,6.919588462999999,7.455708127,4.7159481219999995,6.921718477000001,4.920637311,4.43064762,5.77188515,6.41641135,6.7577459410000005,4.677197275,7.604141019,7.015955397000001,9.768861845,6.822428426,7.3812923779999995,6.175912899,5.272539419,5.972877177999999,4.628634701,7.85747222,4.677607076,6.731795485,10.385073,8.393103538,5.046282286,6.899490806,5.764388783999999,4.830382449,6.131059483,11.62638356,6.986157612,6.201104777,7.840455771,8.595916075,8.1596453,4.320360882,7.539984349,7.735142194,5.405552861,6.64350281,7.077242565,4.702353014,7.499452923,5.5716171160000005,8.167678421,5.09188012,6.280016149,4.673708582,6.040137232999999,7.7412463670000005,7.398333918,8.760252202,5.736360539,7.722674279,8.952642838,5.054043426000001,10.27555551,8.508830226,4.594475587,4.959274703999999,5.419809435,8.130212756,5.424384506,8.207199825,5.159400717,6.0044885279999995,4.9844395630000005,6.602749149,5.725360734,5.392266001,9.639912936,8.518327482,6.034278314,8.479845527,8.505095942,7.3506679,5.654903653,6.3100328889999995,4.517108428999999,4.862970081,8.765548638,6.239062075,7.874146979,5.206580257,7.698496987,5.923440667,6.262111708,8.554487137999999,8.978221469,6.516017941,6.992607146,8.038289322999999,6.511164832,6.820190116,6.199315937000001,5.264528017,9.226419169,6.873461868,5.724435119,6.196317231,6.1732865110000015,4.685959639,6.89612314,5.5803443470000005,8.029406892999999,10.82099309,4.26431945,7.753742904,4.842169406,5.886866531,5.529670061,6.314380907,5.518627996,5.337513745,8.730809927000001,6.606106575,4.66008699,5.664551311,10.439303500000001,6.021911433,7.941893792,6.420154256,5.092464181,8.090246118,5.415750967,10.39802045,7.6181913,4.316782454,5.7515813179999995,11.63373314,8.098534772,6.424526056,7.0022076160000015,6.2180518739999995,8.946694328,5.549040442000001,4.785903966,6.468842968,5.647339016,8.773264314,6.089321832,5.1168363889999995,7.991553841,7.494752684,5.121722231000001,4.81519485,6.52027907,5.118722662,5.994238788,4.630387717,4.911844295,7.759447618999999,6.876955646,4.917988200000001,7.200370982999999,8.15957021,7.996568055,5.034626225,8.847838932,6.4970241060000005,5.37073751,6.402874167999999,5.052630738,7.390427669,5.598747313,8.114011657,5.511852782,4.897979253,5.507905119,4.536293378,4.875413443,4.290743096,6.461321272999999,6.715975808,7.2153369760000015,5.755598452999999,7.47280029,11.02730793,5.443701507999999,4.6127299289999995,6.861131134,7.583613467999999,4.652456265,6.9293406210000015,4.732947578,6.958004777,8.29403347,4.90748459,7.481996745,9.091452775,8.204906614,5.741285284,8.802906869,6.428653317,8.368052882999999,8.492165179,5.248801922,5.863990518,5.639136412,5.862467633,4.882989067,7.114008457000001,8.082603092000001,4.690814377,7.285857315,7.320758047000001,5.4627725929999995,5.00460421,6.180513027999999,6.954288654,6.06538784,8.113059577000001,7.730653266,7.4893468410000015,5.74437226,5.208793355,7.245645597,9.412565927000001,6.130252785,6.471244032,8.316313206,5.687845633999999,6.9516435770000005,6.159203784,5.51544592,5.319563626,8.432106688,7.07083247,7.640022632999999,6.784477229,6.128621085,6.728392949,8.112246432000001,5.449545027,6.7326107639999995,4.926277385,7.443092495,7.377849677,8.045419546,5.769309223,9.266944661,6.4884140860000015,5.212826134,6.035814003,7.7146268870000005,7.195582722,6.680828914,8.43331268,6.8359341910000015,6.872657203999999,6.185372178,6.020043544,7.048924332,6.439546226,8.900956033,6.317324022999999,10.20504472,5.381582572999999,5.393992398,5.566302514,10.06964081,7.507132493999999,6.301476125,6.616266115,4.572022598,7.782885019,6.138979802000001,5.85502014,5.240553382,5.706342867999999,7.973275611,9.259936745,9.216038679,6.867657446,8.311252084,6.868651367000001,7.3593069710000005,7.3534335870000005,6.916516764,7.78015881,5.786803711,7.798265936,8.533321373,9.021019512,8.617996527999999,6.5855388989999994,4.661497348,4.601253648999999,5.132001679,7.545107729,9.352492796,7.670480082999999,6.036228106,6.857401229,6.393015501,7.4082506760000015,9.379424159,12.32992484,4.823402232,12.81585995,4.925324033,5.7320245089999995,5.561082711,4.526467321,6.296002155,8.241074441,4.423739797,4.341388545,6.784552929,9.769910333,7.593538708,7.525699899,8.787406464,8.983043647999999,5.6552837270000005,5.775140801,7.03544428,6.814657762,7.953558554,6.071206987,7.544465934,6.108396282999999,4.477864555,6.101232988,5.757462478,5.6018965010000015,8.145411332,7.8692976660000005,5.454809909,6.5911395729999995,5.542561347,4.607433326000001,4.697766051,5.043430254,4.36194964,4.786052767,4.716666741,4.810935013,4.916650177,8.926447154,8.624608300000002,5.061354205,6.11046741,5.687936016,4.832727126,4.7068470719999995,5.574318664,7.518359977999999,6.902908213,9.783735115,5.363832816,5.97688963,5.141545503,4.705465579,5.267913254,6.723613137999999,6.564454745,4.962264526,7.937933528999999,5.494424146,9.441531392,5.171516071,6.368912965,4.768977945,4.592269858,5.377686762000001,4.728898031,6.766877631,5.039417578,7.680947374,9.382871158,4.364108596,4.985862256,6.101112595,6.211260066,7.443231093,5.407194324,8.624577894,6.858240706,10.13089679,7.502348725,8.343720004,8.96259621,8.097994906,8.44714149,6.617412926,7.892730356,6.7924410810000015,7.215989645,5.965638642,4.562670778999999,6.515265858999999,7.490217031,4.890064016,5.50307157,5.418014192,5.9805856,4.739157045,5.11431957,7.890329705,8.855776118,7.694793318999999,6.633601893,6.8340253529999995,6.174919383,4.739932348,5.714116882999999,4.865162686000001,4.76342044,8.842475775,4.365342534,4.795490706,9.498292937,7.0478048960000015,6.10117245,4.403795579,6.893625925,4.4118517289999994,6.812062731,5.24057934,7.280950301,7.279883672,8.655320846,6.575390835,5.2931145939999995,4.655549527,7.637765495,7.313104768,6.995355601,4.9202716419999994,7.775431281,7.486675139,8.948615102,7.476625594,6.359928742,8.479946768,5.641710955,5.382061124,5.605229659,5.4266708679999995,9.268021422,9.233436613,6.296072915,4.665310839,4.769654473,7.741264094,7.295070475,8.694152005,4.703188514,4.73137228,8.302395982,9.589908413,5.02483017,7.8751290260000015,9.554254401,7.996915411,5.073759293999999,4.996063821,6.028797129,6.718370799,6.520389487,4.804730512,7.009454946,5.69158257,7.614257169,9.43343236,6.2694017460000016,5.685989747000001,5.189859342,4.318528115,6.205628982,6.864317047,4.977732468999999,6.801875676,6.379296404,7.465328396,10.68098878,10.20422249,11.03713673,8.575320878,7.2375769389999975,11.12521411,9.452257348,8.447606115,7.068338011,5.531425389,6.29291329,8.751102793,6.148215037999999,7.820360544,4.983576857,5.395988377,7.143778747000001,8.807778597,4.44578936,6.9422162279999995,8.046113507000001,8.185623235,4.479437112,5.429372829,5.225641677,5.40635653,9.904297866,4.760438996,13.21365963,14.04399296,6.179690399,7.317390355,7.654732461,9.276246399,9.927301976,9.095603859,6.906418691,6.636219003,5.777721504,8.03905262,5.199403117,7.1911385060000015,9.110071831,5.713084212,4.755315989,8.192638067,7.307062595,8.916503766,10.500537699999999,5.277852091000001,9.670309726000001,6.59853266,6.865779507,8.763052978,6.212970972999999,5.726540881,6.4830062029999995,9.188995015,7.024908383,4.444937755,6.8087699829999995,6.912405784,13.03482453,7.6772387029999996,6.523648737,7.318174152999999,5.559040573,6.5103868060000005,5.146776313999999,8.453039052000001,7.927180521,10.63755358,8.27583208,5.928761242999999,8.298536544,5.708766175,8.224036112,9.299234846000001,5.93555323,6.379356809,6.066986377,7.307184427999999,6.945203962999999,6.199280129,5.363093172,7.007375679,6.605539922,9.118548002,7.505895602000001,5.893262593999999,5.17024385,5.630679413999999,9.398298573,7.3857299770000004,5.560797935,4.731213039,5.066541125,9.228349003,9.309733629,5.019317625,7.716850031,6.519214325,12.83227933,4.870987565,6.790473669,7.168289328999999,4.845528261,6.578078577,7.015386017000001,7.529372865,9.203012141,5.484610617,9.473441216,5.324563533,5.732609931,8.336984847,4.924556245,5.916140738999999,7.322960307000001,5.076560008,8.909155152,9.148088334,6.845693193,8.585230357999999,5.064816158999999,11.93149863,5.624558396,6.566565825,4.471495029,6.3211837110000015,8.073890824,4.828403741,5.788047626,9.157879863,7.1412064179999994,8.603444676,4.372123707,5.9176570889999995,8.094267894,10.06853187,5.318289878,7.783592089,6.623214377,5.072958995,6.9369175310000015,7.467304247,7.628553847,12.04691509,6.407246455,5.984853556,4.769200289,9.24079399,8.643519688,8.393519035,5.723229633,5.536520601,6.126867283999999,7.336186783,5.053818764,4.853436576,5.123748687,5.627458017,7.2356939160000024,5.439165781,4.887526853,6.009773751,7.596793203,14.02962029,5.838318323999999,5.863296922999999,6.301831883999999,6.731944745,5.17387308,4.835868541,6.183070763,6.08954038,5.93455281,5.4458257439999995,6.74320556,5.611829361,7.418318977999999,8.165669609,5.714627999,12.50580816,5.603057636,5.294750402,8.520960934,6.8092225410000005,4.950667775,6.002745362000001,4.484269885,6.237674939,5.0761826480000005,6.018643624,5.978812415,7.604349087,7.111170129,7.87325726,7.658372657999999,5.0209045969999995,4.17489039,8.439847839,7.421242446,5.354989235,7.375963262999999,6.190145287999999,11.26120273,10.7500283,8.795989335,7.997413855,5.619281189,6.487996552,9.515781328,5.43954116,5.452216445,6.154555443,5.224540115,5.395071102999999,6.787386457,7.975265396,7.413251548,6.7197630660000005,6.443936817999999,6.031281456,6.498953908,6.593576112,6.675671212,7.841119326,5.419690623999999,9.362507968,7.161481741,6.429778861,9.347164662,5.6808227229999995,6.6371404689999975,6.931560366,6.551670495,6.257415394,5.162116518,9.980327603,6.874553822999999,4.837028045,7.127014,6.4717973639999995,8.435752102,4.613670225,5.345079833,6.733900498,8.161269613,7.7485334639999985,8.492169164,7.309976377000001,6.342043971,5.103586048,4.91406744,4.652400275,11.32268758,4.812456313999999,8.670946212,7.169802344,6.265072977000001,4.6556931939999995,11.01649095,5.880747653999999,7.45823126,7.209433763,5.761698047,5.894761114,6.492072221,4.626298574,4.7687151960000005,7.484842939,5.83456608,6.90915846,5.057366238,6.690069414,8.280477355,6.32452735,8.600904819,10.62871395,9.094848205,7.233059582,9.621776987,11.02367792,6.349988569,4.797932459,6.528808996,5.386894357999999,6.662483094,6.001574205,8.714568658,6.356030538,7.433460137000001,6.5352050120000005,5.618376026,4.624338012,5.153025703,7.233646498,8.161926882000001,7.181744817,7.236297828,5.42748054,5.2267540619999995,6.482587499,4.819385476,6.534103375,6.6107444310000005,10.22120325,10.68831166,4.385573681,4.83398048,6.5008605610000005,7.0902443239999995,4.7568136889999995,4.080157915,7.65801647,7.982765316,5.776629647999999,4.419595289,5.049290114,7.001724227,6.991261278,5.513399188999999,6.277013854,6.747357121,4.9347583760000004,6.409848909,5.546247567999999,6.046290567000001,7.235040406,5.320747449,5.331262357,5.855207900000001,6.069988502999999,5.63318545,6.142360981,7.582832517999999,4.179136109,9.187360894,4.544650561,6.877137817,6.455489012,6.777285158,5.595771653,5.071100004,4.684647518999999,5.081060894,5.683690829,6.200430451,7.556824983999999,5.8800395420000005,11.32584034,5.6736500360000015,7.232424162,4.549951302,5.8264697010000015,4.4195598480000005,5.662846947,5.574215952,6.079310808,7.626620827999999,4.472888028,5.523273652,4.559197562,7.744768485,6.476417975,7.580464434,11.72005118,5.039351295,6.888086932999999,10.16318109,9.015902407999999,8.369266742999999,5.502208249,7.1180161779999995,4.270002957,4.754453235,4.8120005919999995,4.833651855,5.011228498,6.846926064,9.430013621,5.882321717000001,6.203535717,9.670787504,5.991879869,8.920904725,6.156220374,8.401487833,8.498269192,5.944929012999999,9.169280378,6.6023793410000025,5.481843021,7.051380282,5.04308136,7.082828115,6.5834618670000005,8.331862875,7.37458871,7.1469545010000015,6.183583425,4.690889258,8.01294946,8.281929478,5.095416717,4.50007232,5.671099661,5.90459141,6.3566702070000005,6.40454729,6.232235652000001,10.34111891,6.996944587000001,6.357638661,6.8146911160000005,8.420214054,11.21232426,5.038693776000001,8.520566079,6.3728554860000015,8.411834942999999,6.621232572,9.15270772,7.500624264,7.808656487,6.979945505,10.85421122,7.455185822000001,9.439064287999999,4.78873767,5.801973345,4.400920199,7.389273997999999,7.127506704,5.89929377,5.278060003,8.816160423,6.948438218,6.554532152999999,6.9585323510000014,5.030501297,11.67444482,5.226900951,5.8356833539999995,6.727651132999999,6.566038467,9.261484087000001,7.0150715429999995,4.845426455,6.136494839,5.557294203,8.663802056,5.4197096610000015,4.889084421000001,7.148251639,5.5077537439999995,5.832792535,6.235935143,9.456177027,10.01793514,6.336572469,8.07882122,7.961308886,7.445081355,7.9544903310000015,8.159837179,6.985993102,8.131133944,6.660265159,6.244805363999999,6.354548382000001,4.772672957,7.851425495,9.542031465,5.2194299719999995,6.237651082,4.947507002,8.806589153,8.059403468,6.42034102,5.795186974,4.338912288,5.415177987000001,6.782258268,9.116970081,4.966776539,7.044816497,4.986509661,9.053853596,5.895589396,5.991793907999999,6.042977658,4.481059073,6.623644989,5.514584585,5.43472652,5.2427079569999995,6.480078224,4.68838615,7.205595849,5.608079851,5.503405017,10.75443658,6.7134948539999995,4.571875889,6.1686804429999995,9.26683013,5.296298232,8.590900357999999,8.23949559,4.409564135,6.310945727999999,5.8850238820000005,5.683750087000001,5.565222979,4.628767346,4.965162523,6.207749691,4.945533675,6.598754351,7.8599599829999995,6.585936969,7.152433292,10.02104073,5.258338339,5.101417553,7.036263138,5.6321632410000015,5.435419232,5.7670152360000015,4.453184329,4.39048111,8.678369352999999,6.330902846,8.496664682999999,12.42436045,4.649332288,8.949945537,6.066196428,7.659033513,5.015230177,4.473461808,5.934610738,11.75389531,10.28287406,8.241815195,7.642977228999999,5.384706785,4.800696805,5.6934121289999995,7.146392682999999,9.27825604,7.391407282,7.8515819539999985,5.352170056,7.666940941,5.925187386,5.234207103,6.070877384,7.223431729,7.430760542000001,6.292402474,6.868660067,7.4539144020000005,6.755660764,5.650305792999999,5.784142472,8.173094669,8.350628922,9.110551561,9.700618301,8.152270137,10.34390032,9.039385084,8.721870337999999,7.722797944,7.8940285060000015,6.160600095,10.1354179,4.5927438789999995,8.397391916,6.359273815,4.599267258999999,8.852459352999999,6.464309338,11.46950154,4.410319843,6.557592333,5.867686394,6.317478799,6.191466613999999,8.264289672,8.565379549,7.477648855,4.45900713,8.209666198999999,4.39694642,8.025518111,5.0258323030000005,5.745312825,5.788978329,5.9256659,9.738111053999999,4.965269097,5.671604637000001,6.849007643999999,5.075390683,7.025691972000001,7.63823544,8.794794605,7.757427957000001,4.25756135,8.001998958,8.4673428,5.545366771,5.430048861,5.081945056,6.7635388270000005,6.607678074,8.530615762,4.75945937,8.960919192,7.357237483,5.734780957999999,6.390436782,7.730890692000001,6.6322624029999995,6.064386344,7.828095789,6.915756332000001,9.561036247999999,7.214998262000001,4.213195995,6.976694424,7.3445813829999995,5.497170497000001,5.263750407,8.618324756,5.344809791,5.206727955,8.801316992,8.018918845,7.218036427,8.070646434,9.309106153,5.688104196,5.378473604,9.970358535,9.133457669,5.615039756,4.419277211,5.152739858,5.172570169,5.226703387,7.454058527999999,7.997499737999999,8.844225514,7.031468384,6.815699045,6.77050034,10.55605107,7.393180911,4.80839369,6.285792185,7.479713844,4.602375996,11.84205461,6.137253969,9.600338706,7.588042084,9.116003033,7.550573327,8.002077486000001,9.280823095,5.988699774,5.285961267,6.4497729889999995,4.353819967,7.988503121,7.475606252,7.731964558,5.589297771,11.59139887,7.75559663,8.042798067,8.914109391,5.869647109,5.68186873,5.316514767,7.148199475,5.303254587,5.4856167760000005,6.399044879,7.81640383,7.304098346,7.279991017,6.705962726,5.593935815,4.82543522,5.175130687,5.6743351539999995,6.341053401,5.521433131,4.40135156,4.069840226,5.123659151,5.204267627,5.20970514,4.5908152069999995,5.617032772000001,7.337480802999999,5.8054454060000005,6.587648637000001,5.86296469,6.939654831,4.679658979,11.06966639,9.449557636,4.738270834,5.947991742999999,7.146481735,5.309210537,8.583365642999999,4.503651921,5.319668359,9.549887353999999,6.449545218,8.202031538,5.657760306,5.495874954,6.685027737,5.846460757000001,4.202334414,4.487399872,6.972912332000001,5.34434333,7.880836211,4.74110038,6.654581385,6.494159302000001,6.809439555,4.5645960169999995,5.434073385,9.99087645,8.493274187,5.550620285,6.986556462,6.337767303,7.243800221,5.8081631960000015,5.993970751,6.648063336,6.334177057000001,9.70534655,9.489948803999999,9.636475916,7.16746605,7.852614847999999,5.111675853,7.095071462999999,4.714591915,7.9991337520000005,7.18985853,6.204063493,7.0865880039999976,8.557742637999999,7.589957711,5.140520334,5.269688013000001,4.894119305,6.1846715360000015,9.594429017000001,9.906965092,4.819320929,5.6991621939999995,5.950962264,7.938442961,5.928869547000001,6.4666592760000015,11.01853087,5.143335378,7.861375568,6.698545633999999,5.337513133,7.008840137000001,4.590784438,5.942874463,5.843490137000001,5.227557904,5.414295813,5.247775798,8.968411338,11.36114321,5.656069402999999,4.268572173,4.737791057,9.919117421000001,8.519279739,7.774070921,6.6662155510000005,4.490582871,4.272440233999999,7.4005141939999985,7.003357882,6.984655589,4.90135603,4.7369939169999995,6.596541002,4.617412683,4.918217567,5.086070095,8.586066801,9.074621302999999,5.068056102,5.84177145,6.811170721,7.975317255,5.964880421,4.592302228,6.352354602,5.329032928999999,5.504747561,5.522474956,8.867113832000001,6.5907528110000015,6.507133235,6.800523484,5.740095977999999,7.406185446,5.093645396,6.192189162999999,8.915259625,6.5996284260000015,4.876355611,7.700291826,4.729282883,8.10374402,7.900862525,4.798501035,9.502881643,6.3558193439999995,10.15703222,5.173785501,6.023775204,5.607057919,11.81260082,5.963688445,10.15811681,12.28566716,8.039109652,6.540099796,7.459396882999999,5.855647481,10.9414198,9.400767898,4.873090383,7.955180536,7.154021544,8.530785527,9.205398519,6.654334092999999,10.61573847,6.223807817999999,4.984079877,8.658302907000001,8.845010398,5.729027632,10.39317211,5.677960556,8.266654991000001,5.333644673,6.3911105820000005,6.9803231729999995,4.787486341,6.209491732,7.024333399,4.297395205,8.223825741,4.8478685619999995,8.571677907,8.593653518,5.715301015,5.068825034,4.633442227,10.61966661,7.453457812999999,7.140656149,6.97093445,7.260208615,7.546753394,7.272213428,9.927361487999999,5.915485515,6.7759616110000005,7.504203353999999,8.20723043,5.925663064,9.430460295,7.150118544,5.622391264,5.873933438,5.40321451,7.3663816739999985,8.24385629,5.963630869,5.230764403999999,8.815169656,4.554113387,5.234507476,5.853578272000001,4.905725708,6.652484977,5.6131911279999995,6.188277808,9.156976214,7.3393757389999985,9.217475988,9.521987889,8.068837683,8.961029249,5.137709112,7.827721282000001,6.595240702000001,8.701643792999999,7.6206493029999995,5.102454096000001,5.0503787319999995,7.352468977000001,7.31970796,4.497392296,6.380310828,6.968521363,8.342265422999999,5.849118722,5.111583486000001,6.047354365,7.142549653,8.056061785,7.985226346,7.561413009,7.932026229,6.841105353,5.739648572,6.579444341,7.790669164,10.05402075,6.708194617999999,6.707666897,12.88259284,8.896337691,6.735430067999999,8.506715011,11.38016106,10.85026511,4.186892799,4.195903265,5.425789765,6.865439907000001,8.460337557999999,10.02361073,6.972882956,7.600602477000001,7.956536483,5.430982928,4.7224355330000005,6.928363347,8.317453059,9.06905508,5.582457467999999,10.01035868,4.641124507,9.073730449,5.4000748970000005,5.108163072,5.191104289,6.490859531,4.535067358,4.799468658,5.21565277,7.705228121,8.008287232999999,4.631161186,9.352892368,6.767848834,6.751112943,9.467770991,6.6638833360000005,9.887227118,7.363871649,7.921348718,5.673398584,6.030125415,5.083153067,4.752281541,6.710226847,7.77326678,6.7878233020000005,4.937375753,7.959933958,7.2330774920000005,5.349483276,8.15944446,7.091445208,7.465665962,5.987053347000001,5.531227146,4.2803389,5.359874728,10.17560536,6.996796101,5.140682067,11.67054024,5.192275205,10.67891964,5.755719002,6.03052479,5.841208961,5.515385834,4.937422083,4.557994358,5.7312843739999995,5.351612752,4.823666762,5.26137527,6.09215335,4.814450005,6.934794887000001,5.302211618,7.262720718,12.18502645,5.57421987,4.757414936,5.674151859,6.046091121,4.945843374,6.954759475,9.42195583,6.801302777,5.905508697,10.20299823,5.71461562,4.927400405,4.247782337,5.611887126,4.993266098,7.940609151,7.586354696,5.302187857,7.720296323999999,5.9629088889999995,7.055667947000001,5.73662554,5.823461484,4.508680524,7.6951148510000005,8.669527214,10.2959632,5.044319557,4.721300907,7.213716954,5.179530234,11.03814307,5.883863419,8.87248415,6.495107656,6.195447511,5.738216027000001,8.310776005,8.599328468,6.200535062999999,6.258201307,6.950618443,5.741130724,7.76896529,5.717839239,4.5890915130000005,4.980905508999999,5.388798692000001,6.997118209,8.57921821,6.177082048,5.8620252729999995,5.873503082999999,5.24034217,7.008972907,6.192498165,4.577677017,4.252943801,4.1138991030000005,6.8320880000000015,8.703577382,4.874037112,6.760239058,6.533225848,5.6932358039999995,6.253744844,7.03706323,10.25983853,4.882737654,10.62084132,4.9517642969999995,6.021071915,4.826649762,11.28103155,4.41299449,7.685116308,5.15850098,5.825605362,5.430279998,8.698009196000001,5.75298744,8.242090961,7.972641287999999,4.470670375,5.340622309,8.590171955,7.133089469,7.318046402999999,4.488409834,6.785787826,5.779555611,9.195815831,7.154597721,8.098717158,6.654294362000001,7.495057774,4.80063513,8.972442735,5.260232998,5.310305444,7.364486787000001,8.395928992,5.067530411,9.175536486,10.90544646,7.083427358,6.667242398,4.905443562,11.11049275,4.652071871,9.124758647,4.71347533,6.194040526,5.243137512,5.031570643999999,4.876542082,6.322978377,8.373949073,11.59104828,6.632254382999999,4.884810507,8.023811734,8.207719212999999,5.792850527000001,4.455685926,8.112423698999999,7.711585931,8.931185117,6.373120472,5.2871060739999995,6.213943133,7.759552346,6.98281629,6.706640724,4.683255309,5.128560772,5.078741088,5.6765125339999996,6.509895185,7.126634075,7.837170634,6.927865216,5.221287127,6.960422137999999,7.612230017999999,5.543466821,5.626577758,8.871929026,4.795344986,6.6465029929999995,4.87434213,8.977907373999999,5.323429774,4.813148579,4.838174853,5.716323963,5.787499285,9.465791579,5.750666549,5.476872079,5.713769494,4.514437268,9.535887726,8.501953054,5.822959902000001,6.381529966,5.6072266420000005,6.789601998999999,5.8235111129999995,6.97422336,4.503711287,9.835429015,6.5616020760000024,7.832889845,4.2332485160000015,5.119632889,8.332854437,5.237814602,8.596736191,10.32646464,6.1380533370000006,10.38611246,7.532449217000001,4.957474314,6.559659318,6.601814528999999,4.279522167,4.848721739,7.304982884,5.038858142,5.335553956,5.093190122,5.042560684,5.608959337999999,6.2502972560000005,5.8382605629999995,6.859424926,6.074844286,4.534396895,6.357432686,7.664864323,4.73496446,7.191280326,5.661895839,5.558178476,5.545522365,4.667801517,8.02056185,9.145895032,5.371838755,5.081590361,5.126803048,7.157576884,7.009551339,11.14001777,7.892393179,4.140638471,5.440010028,8.157671673,5.308428534,4.311006707,4.727372046,6.716577111,5.160912776,4.27679354,7.928609363,6.1627449,10.81221292,6.486687099,6.068056843,6.254765592999999,5.94569125,7.258381999,6.70292213,5.477756756000002,5.499413515,5.649588,7.249431183,6.63796155,4.892994463,6.221081785,4.965516401,7.6045200920000005,4.718475051,8.339432943,7.1871287420000005,10.36844015,4.663687144,4.407191302,7.056908046,5.5073538960000015,6.031460017000001,4.805583382,10.05797048,6.9008613510000005,10.05910821,7.574598677999999,4.815793153,5.301472562,6.68201473,7.692046697,6.752206158,8.972293605,6.3126495039999995,6.349942712000001,6.0750923839999995,6.966118117000001,7.415323586,7.024747071,4.285155968,6.760142758,4.821927641,4.785199312,5.8342189410000005,7.364182135,5.253810328,4.396997726,7.296336416,5.976381085,5.495276401,6.054973671,5.290796108,5.08693913,7.603922464,4.3784606539999995,5.051759766,4.831896789,9.692998307,6.768773907000001,9.508883331,4.521718374,7.347211202,5.326506708,10.01020368,6.823421727,6.231044279,4.859600391,7.628803549,4.947387968999999,11.45027121,9.148471215,5.971752385,6.5824630410000005,9.648083657,9.861365311,7.693188782999999,6.530833951,7.711625109,5.714374072999999,10.71827971,5.712912604,6.111353546,6.540014322999999,8.098792661000001,8.498264133,5.838782386,8.104023067,9.342506803,10.22074953,4.512715407,5.175920681,5.500514335,4.807062952,8.399995563,4.811367662,9.834121631,8.325662407000001,5.604840514,5.278295156,5.483234293,5.675970883,4.332405501,5.860878832999999,7.844459756,9.000816807,7.049829536,4.990829651,5.809024854,11.48355736,12.35401926,6.222020729,5.078889428,6.2321421070000005,5.304596125,4.2921990889999995,8.024736401,7.169402265,10.38474224,8.514897955,6.287830682,7.741506375,7.109640095,5.437212227000001,4.8253376789999995,4.851641613,5.216800692,6.5891304129999995,6.864094562000001,6.041782744,5.882052375,5.812045366,5.5527202739999995,6.650373871,7.470223797,7.608076466,5.700181477999999,4.3990275919999995,7.936355835,4.275451973,5.165213631,5.688491459,5.681661752999999,6.385702035,6.531408421,5.512922275,8.954396877,4.941941474,5.365509239,5.909331356,4.817531218,6.858964384,4.801862073,10.42399767,9.842162624,5.627400777,5.577043447,5.312259499,5.564459314,7.470536748,8.420973423,4.43900202,4.515231899,7.1403222379999995,8.589988553,5.4375686089999995,6.372567413,8.634132506,7.601223363,4.773986976000001,5.6178517060000015,7.120718373,6.149979276,9.955179196,8.53805366,4.609920273,10.08646783,5.193069979,4.588730792,5.147286684,6.198822389,8.675167529,5.17229103,6.873159516,7.813429687,6.857944292000001,4.848598602,6.315250355,5.125391497,7.631319069,5.36570816,7.222083948,4.928690587,10.82668645,9.820610176,5.219223686,7.29752634,5.155191542,5.101041498,11.38191037,6.235892699,6.496898165,10.19181263,9.382263402000001,6.32172572,6.082549617000001,7.438267907999999,5.015892739,7.284459742999999,8.892904042,4.211289064,7.633417944,6.342581778,7.654326202000001,6.689176201,5.84468593,6.578128714,8.271265306,6.212092875,8.421615601000001,6.704475612,5.860053937000001,6.561846787,4.972138313,8.604386265,5.844510093999999,9.009004666000001,5.178707986,5.973607071,4.975535109,5.199770684,5.023458651,4.834247421000001,4.891177633,5.211937287,6.517828827000001,5.26293959,5.031573542,5.610948098,5.868620394,7.252327216,7.403621621,7.238603104,6.461756502,5.810767909,12.35276978,5.541408504,6.3151550489999995,7.880332049,5.539360137,4.202739674,7.490742278,5.418804495,8.900451896,5.191263496,5.176126593999999,4.440214975,7.426499954,5.835226627000001,6.596074354,7.158037525,5.784657009,5.59810468,12.76021273,6.804429207,4.2592464460000015,12.39878294,7.585810342,5.7252742539999995,4.470577629,5.652147126,6.197222312999999,8.647697435,6.0737942,4.9110382260000005,4.5980900689999995,7.671799339,5.687957872,7.7308845370000006,6.74978863,8.006336713,6.149099541,7.359855382999999,5.455484014,4.87814304,5.938572289,5.743834044,4.834769106,4.557775423,4.680579175,9.466082992,8.209556335,10.00564449,6.370786819,5.830102612,5.653628932,6.847887657999999,7.697493763,4.881147619,5.837840278,5.576284575,5.868408596,4.826802302,7.933755199,13.05510314,4.278280672,5.369699128,7.0904988410000005,4.275852642,8.029749146,9.35610749,10.079569699999999,11.45646043,7.271362661,7.370130876,8.277469422000001,7.266049093999999,5.32130751,6.056291794,7.24792798,4.923133366,6.628814042,6.1657842610000015,9.629544141,7.086143927,5.010085012,5.586225555,4.88632824,5.709199571,4.422834368999999,5.795759549,8.213208682000001,8.294670227000001,5.571625386,5.6521837029999995,8.916332622999999,10.35584199,11.125259300000002,6.390296383,5.8114102370000005,5.88460234,7.238646072000001,9.465921572000001,7.34722503,7.668714232,7.128726914,5.0640574019999995,7.688814953,5.277136076000001,4.619413641,5.621694767,5.307178223,5.1404617969999995,6.576974882000001,8.565427297000001,5.256683442,4.0826850630000004,5.38090456,4.438996714,4.5969684719999995,6.405913684,4.939438255,4.979449106000001,4.535800171,6.843735307999999,5.441062313,8.308413974,5.8186167860000015,7.518170329,5.968909244,6.169793219,5.855428193,9.499262603,6.863795426,4.631623964,8.131341217000001,4.543148683,6.600211423999999,7.940435898,5.775556532,7.683529092000001,8.394134635,7.927514029,8.179972781,8.252602484,4.949076819,5.381786311,4.4054862,8.404972416,10.65424759,6.032857118,7.793597411,7.096681707,7.198454586,5.9265166979999995,4.858502952,6.7988088289999995,4.853091723,5.055310307,6.2023289429999995,6.6449502910000025,6.143696992000001,5.746118878,5.697682746,4.9143639839999995,7.6743544739999985,4.683900817,7.151313805,6.4285475660000015,8.57354933,5.305415473,7.666779149,7.645395255,5.3293203060000005,5.050000743,10.0070238,5.811253557000001,5.39905649,8.469443028999999,4.323826736,6.168958797999999,7.99515265,5.788081802000001,6.086926442999999,7.315467331,8.766183448,6.374714177,7.38735023,4.987772403,4.245595263,5.054827811,4.759431271,9.782397203,5.314878556,6.257479752999999,5.98644646,5.024519273,8.211301548,7.37038097,5.5842546220000004,5.477215084,4.983673433,5.625431721,9.191475785,6.973511866,9.320379373,6.185119498,6.4070175260000015,7.736794887,5.521666217000001,6.14265812,4.912750681,12.87599743,6.124280385,4.3657508310000015,6.954423695,5.335084075,7.160117249,6.743471832999999,7.623071702000001,4.766359205,9.315124804,5.866954666,10.04481733,4.403326458,5.521424777000001,5.165366562,4.955054217,5.010975727,6.7798810739999995,6.3923917260000005,7.658391802000001,11.538755,5.803622219,6.773826484,5.697444031,4.928899152,7.419501222999999,5.41863183,5.944988717999999,5.65174313,7.762742458,6.149573837999999,5.124597249,4.584760145,4.911744961,8.433100021,5.4188866639999995,5.110328629,6.018308311,4.816406419,4.847874492,5.088904298,6.565916818,8.41548011,8.456004228,4.842011724,6.944010124,6.234963235,8.604137573,7.524863048999999,6.283564048,6.284855061,6.3581648479999995,5.207788876,6.325751341,5.8544084629999995,5.081878951,8.99295251,6.2536003220000005,4.344864329,7.730312822999999,7.352574122,4.532647492,6.156972885,7.543682578999999,7.789972931,10.66208289,4.8523660710000005,4.712408478,7.584432427,7.995651153,7.345436302,4.796851636,7.928450939,5.677195959,6.802804748,5.724543411,6.084690129,4.984439514,6.9800262910000015,6.7102230579999995,5.6365190620000005,7.8651558060000015,8.085540952999999,6.025241049,9.798498666,6.34890528,4.870817016,7.362216011,7.7347171,7.518898106,4.642666965,8.067501349,4.330973335,8.98540391,5.891958058999999,7.702395049,7.033504656,7.200616274,4.2692458910000015,6.5417837410000015,7.2424325970000005,6.5839342510000005,4.667454029,4.1742223869999995,5.999786114,9.552568522,5.069357025,6.460936165,7.784144078,5.64260659,6.0284018060000015,7.771164757,5.281442949,5.622487099,6.4775839170000005,5.42652021,8.65060331,10.31984221,7.518429717999999,4.192223376,5.405079023,7.886115697,5.9155244960000015,9.597075588,6.797433361,4.571960206,5.376108602,6.343462242999999,5.169848198,4.585138801,5.954461692000001,4.468619562,7.039031886,5.059485491,5.306888557,6.530313437999999,8.970179099,8.40128126,6.941573633,7.18563397,4.6662562439999995,5.307407773,6.922085605,5.539523419,5.678584312000001,9.190532314,4.923942923999999,6.28655911,8.360531457999999,5.49817788,7.601112818,4.633401208,8.180211106,8.242063225,7.559007382000001,10.02631712,4.8239853319999995,11.33634973,4.450757277,7.184730603999999,6.99373388,4.679198101,4.501435431,10.53835797,7.265492068999999,6.593941015,6.3313409279999995,7.22608955,4.936646214,7.0047182810000015,8.882186738,7.8934109810000015,8.017301045,5.141659801,5.897616827,7.913486685,8.190354427,4.488443072,5.205242128,5.396280399,5.287651477,4.836460961,5.648314506,6.8968971660000005,4.607267712,8.00079713,4.779591492,4.904712153999999,7.964692886,8.161402246,6.595518124,5.565924232,7.757681132,7.152648869,4.800244351,7.59824377,8.04463157,7.329484575,7.4236680339999985,4.683754223999999,4.718589892,8.452718091,7.644813721,5.936192514,8.701875255,9.283387527999999,4.930191703999999,8.714245834,5.329192239,5.070290544,7.395709844,6.641953689,6.782357779,6.449977256,4.806631843,5.131607726,6.57473457,5.112893315,9.337176964,4.38490655,5.092693882,10.36079501,7.117967899,7.3488042,7.635913648,5.795569479,8.193731534,4.147231913,8.469623848,7.0229672039999995,5.1389728880000005,6.0147054760000005,4.951420359,6.2675931579999995,5.696047502000001,6.020162685,5.699590762000001,6.529281532000001,5.895880644,6.522037856,4.4427456780000005,8.34563347,5.116780556,7.401170549,4.336038745,7.174277035,8.896475251,8.005752569,7.893253425,8.954704223,5.6775230310000016,7.656457487000001,4.492467714,8.237502476,6.134863289,9.728680949,11.48644165,6.134233313999999,7.3621297110000015,5.410768462,7.617290661,4.302193157,8.693381453999999,6.074549635,8.198138703,6.799051812,7.734161665,4.832197468,6.32543462,6.005859244,4.398422353,6.133934603999999,5.240999013,5.033590611,5.690621095,13.21519503,6.636512139,6.474432928,10.16680595,7.810163524,6.143929368999999,8.299873426,8.040707043,8.255200519,9.353140243,8.927150166,7.058539013,7.047682204,5.205493788,5.5682692660000015,6.460864554,8.264836079,4.288779562,6.107659462000001,11.48764651,5.390830547999999,8.408040405,5.832637895,5.540725651,5.240529895,6.874343634,6.322936014,9.420483377,9.485606133,7.841871135,7.297705203,6.50380241,4.28136699,5.430531403,7.6011847470000005,8.448449787000001,5.553807837000001,4.486248524,6.587320581,5.575636821,7.285205811,7.465486012,5.211896324,6.242011682,6.35443021,6.1289234839999995,5.491547862999999,7.342542777999999,6.371680875,5.966730962000001,4.770058592,7.152138937999999,5.422649312000001,5.1757379839999995,4.19535706,4.804373988,8.571980762,6.621381307999999,8.517078198,5.910716633,7.6113028310000015,5.7223830389999994,7.893967779,5.995898897000001,7.084932134,5.810774747999999,5.218355911000001,6.3601408410000015,7.75778555,5.932526967,8.719652252000001,4.450349227,6.209337256,4.416661284,5.71741423,7.640525692000001,11.69144448,4.741305551,8.506718457,11.84503583,6.8393669379999995,6.219102542999999,7.119473361,7.035659764,7.004844301,6.078677806,6.698111063,8.330097076,6.3266592379999995,5.847321872,8.920093853,6.497406655,5.784921174,5.325248325,7.015486192999999,4.600195398,7.752756064,12.30377488,5.2564592910000005,6.688457372999999,5.898365605,7.893858312000001,6.299768877999999,6.900171877000001,5.690494581,8.833992531,5.007070488,6.092589244,7.319127707000001,5.694647454,6.715125147999999,6.865285199,4.825225678,8.133291946,7.2264088179999995,5.653849927,5.1934420160000005,5.24112367,5.191392,6.6625348970000005,4.668452234,5.499004612,6.864835848999999,6.703293658,6.575767615,10.16497967,5.435517582,4.736889706,5.692774534,6.650815691,6.2689737,8.366943793999999,6.842782091,6.093950456,7.326577202999999,7.587387647000001,6.035303884,7.03743974,8.233534762,4.929969021000001,5.815729784,8.089148518,9.083728987999999,4.1138491460000015,5.7627681289999995,5.247282166000001,6.063512652000001,6.458983722999999,6.756001165,4.536724746,9.571385101,5.752374457,5.9589224839999995,8.205160591,6.382084084,7.197837034,6.308477826,8.78656277,8.136140703999999,7.22704546,8.615329722,6.005084779,7.428361207999999,7.213394619,8.087155274,5.900203457999999,7.799691507,11.66666354,7.365168177999999,4.76936833,10.15358217,7.063338077999999,8.081797212,6.906332065,7.047562135,6.28002381,5.147766644,5.484111381,5.65396883,7.745063036,7.342799648,5.9723376770000005,6.885963843,4.665853313,5.0109085669999995,10.10485917,5.1298824739999995,8.904445849,5.3188425960000005,4.404855803999999,11.18103516,5.217128536000001,10.32676981,5.348217072,6.59021405,6.230802075,9.633212854,5.721713144,8.091207426,9.10953854,6.460757822000001,7.289850922,7.453560112999999,7.5038059729999995,6.776102196,6.019892845,6.162266186,4.4890272000000015,6.926629985,6.03029751,9.142829082,5.43258978,9.602174247,7.69847601,7.965507016,7.159339827999999,5.993937186,8.089516925,8.627100402,7.4233527289999985,8.09860849,8.707538287,5.363525321,7.752427467,5.02621269,6.257825344,8.035348707,9.513199108,8.186701669,4.433710243999999,5.620776547999999,8.316650183,7.77303898,5.463007336,7.344189419,7.926615512000001,10.0754038,7.283537442999999,5.470395902000001,6.032278985,5.888442341,8.004729328,8.392281495,8.593489672999999,8.216847739,6.05579883,7.595710866,6.064408504,10.5772583,6.687164787,6.8219786870000005,8.126296349,6.075140721,7.469309053,5.49352102,4.221410695,9.994911404,6.779465184,6.5305765,7.575736846,5.296437269,6.793282972,5.41690303,6.429978221,7.18274498,5.4500639920000005,5.7773296610000004,5.235925451,6.463125558,8.044009997,9.750831665,3.813668525,5.327194585,5.677607148,5.80295889,7.957001859,4.774286378999999,5.4176195310000015,4.3989192919999995,7.778565703,5.285286816,5.115507438,6.724929241,8.940066879,4.688644738,7.499636897999999,8.209415577,9.721185902,7.346088615,4.963900962,4.729272601,8.753383232000001,9.064467547000001,8.672297665,10.43141862,9.787400051,6.312865771,4.531141262,4.817968844,6.839937736,7.513470055,5.60518454,7.866808363,7.409916731,7.886421745,8.955224539,5.76346925,6.355621263,5.003200316,7.2236140120000005,4.782486976,6.2495644860000015,4.8486409010000004,4.774844794,6.9150158489999995,6.2033253560000015,6.402384574,5.501861623,7.437465426,8.759435643,6.04335492,5.746477499,5.499408868,5.799347125,10.31266984,9.13979267,8.18821052,8.436744212,6.83506759,6.9717947239999996,7.560502358,5.99506491,6.847714548,7.083516286,5.459077159,4.729058641,5.939721603,7.215446384,6.584527552999999,4.356994459,5.7626992910000014,6.935082446,5.181558036,8.310216543,5.508183667999999,5.8691007520000005,5.003966134,7.363536346,5.343355765,4.658136302,5.161605051,5.595191802,7.9473019,5.265506307,4.601905567,8.190828783999999,4.877626537,8.875576397,10.52609055,5.184767863,6.907940505,11.64608635,6.561937403,6.152277638999999,4.85318027,5.124996586,6.295701276,6.841436067999999,4.628303282,8.490143993,7.136495048,7.41859968,7.461105762000001,5.652620422999999,5.787895391,5.26722979,5.933354487999999,5.2419101139999995,7.063351535,6.364804797000001,6.314391317,11.77763182,4.96730631,4.657118700000002,7.654941459,5.5976801960000016,5.163443879,7.092090568,6.501921224,8.762242937,6.040906531,6.148298317,5.022076135,6.486405897000001,4.837954374,4.747680992,5.94576049,8.723648962,5.362681499,7.245327728999999,4.896304487,4.8379760460000005,5.673755063,4.8143722780000004,6.3137430660000025,5.4014908870000005,4.671976857,7.445772688,5.562936702999999,6.4548756360000015,11.97958911,5.125806347,8.791130653,6.9454689929999995,10.41241936,4.567506245,5.979013052999999,7.627129196,5.661762837,4.091060499,7.650081809,4.403617362,7.259935033,5.658276663,5.95378337,5.486300489,11.7157117,9.660190077000001,8.26458148,4.814227064,5.066078824,4.695779097,7.621553221,7.332826594,5.244256871,5.808171912000001,5.472628328,5.55935224,7.065792626,7.277646752000001,7.910727972999999,7.799284366,5.868750981,4.533591041,4.972952801,7.1970055529999994,10.98580626,4.858129371,10.85395359,6.062675536,8.663069079,9.584510104,4.902074686000001,4.456365186,5.814802365,10.8241601,6.876624085,7.188207679,9.382954968,6.612529229,10.06041324,8.736623981000001,7.081773909,4.615108329,5.995807523,5.883411578,5.381985082999999,6.474756826,7.677903896,7.665033519,8.065169476,4.759017781,6.095671727,7.656070817000001,7.493033617,6.335237327000001,4.545925874,5.686782148,8.643203192,4.9845795310000005,6.811395724,6.5397068439999995,7.226026192000001,6.220683206,7.851845742,7.052497671,4.484326248,7.3682477870000005,6.187343987999999,6.309843666,7.58426668,4.861834428,8.492099995,6.088702645,7.388763235,6.084548912000001,6.123415672,9.372983955,5.43351962,8.123205061,11.02594967,11.39404578,5.6874612010000005,8.41435956,4.620039026000001,10.23183988,5.479793428,6.997814099,5.779665499,5.7198054339999995,5.98121755,7.7109069020000005,11.26316763,6.413175829,5.64978486,4.620610299,7.52267597,9.490254764,7.936595588999999,6.521325813,6.568856212000001,4.978258853,7.895731396,5.5931899210000005,7.174714974,5.7967458610000016,6.665669554,6.195678035,8.857582969,10.42372451,6.191813123999999,4.890693303,4.0
17,11.50149206,6.442371492,10.06803335,6.963142909,6.355185272000001,4.505605357,8.708670106,5.215859324,4.516068508,6.00094258,4.570771944,10.72197403,5.686403123,11.15289902,6.80146911,7.280425217,9.264126575,6.315970509,4.7461321960000005,8.968372459,4.4031022580000005,7.055727082000001,8.201784479,8.276174758,6.6878140010000005,5.099945352,6.4025454029999995,6.8619766910000015,5.327775238,5.086924109,9.169905676,6.332520677000001,7.255834097,5.15407988,7.7251166960000015,7.1945858560000016,6.3680700660000005,4.852083966,6.030109086,5.0859527060000005,9.090945526,6.182953304,6.46408533,7.3724780339999985,7.443572777999999,7.562455722,5.632205614,9.458288917,6.107286892,7.180064599,4.70077951,6.180118491,6.342723522000001,9.207647722,4.3220868260000005,5.5820590060000015,4.638904575,9.564482411,4.479225634,5.486773769,6.080817861,5.36516649,8.492506169,6.912919058,6.338581211,8.250269444,6.463140937,7.087047044,7.3940686960000015,7.831392153999999,6.335388312999999,13.5181696,8.005862952000001,4.417853148,6.8746792889999995,4.738113684,5.035287448,6.635549515,4.650025679,6.81094212,7.3732038310000005,6.413856415,8.638084422,9.042507137000001,5.273553656,5.664064442999999,7.488676497999999,4.9273997419999995,5.407971438,8.560319865,5.330746971,6.998517367000001,5.24807257,8.531623349,7.795500189,6.114101886,10.23013373,4.389235505,4.317163208,7.0484042879999995,5.454337732000001,6.0064216020000005,6.4053457210000015,8.564987106,7.452004938,9.153700446,9.57436994,4.767665404,5.0284764000000015,7.1580560470000005,4.9751590939999994,5.126707822,4.796996409,6.735165042999999,5.935333825,9.052949647,4.32670593,5.290257243,5.880046843,6.875871997000001,10.854647199999999,8.629766072,5.741546848,8.742215148,7.780149285,5.2821427739999995,4.973961296000001,5.456137135,4.676784881000001,7.379573947999999,5.443773075,10.96838826,6.546830569,6.58209914,5.835749924,8.040748607000001,6.532607877,4.731770722,6.287236872,5.3135597510000006,4.372232695,4.589372707,9.914731286,9.148258279,5.644284422999999,6.348863904,4.936908325,6.065469641,10.26790921,4.728262443,6.9791131360000005,4.731528248,7.200273342999999,5.525224796,8.73827955,6.63257591,5.736863747999999,6.193571929,7.708140667,5.346744183999999,9.101556646,4.770013274,6.886826602,6.292550022,6.777024409,4.7640755619999995,8.893178767,6.802069413,8.907980371,4.965191657,4.35156473,5.958083646,7.25387529,9.170295199,8.207702661,8.34902625,8.033019292999999,9.792479002,7.6076755060000005,4.580852244,5.576925352999999,4.432778325,5.21360975,4.557041882,4.396621081,9.955099639,9.25701749,7.689693802000001,7.15825626,6.037861945,5.155064684,6.463150015,7.0963414160000005,7.4351252510000005,6.205401942000001,6.486973405,7.81797012,8.750490682,6.242774596,5.575816372999999,8.151872376,8.859764105,7.5742523760000005,9.452456485,6.214428539,6.935434267000001,5.637472746,8.262827551,4.736596797,5.449053957,5.088603815,9.873359407,5.9408638210000015,5.816516943,6.2151221670000005,9.254887091,6.333001498,5.873113525,6.279914262,5.8423294110000015,7.321422592999999,8.551113701,6.497064924,6.941721338,4.502733147,11.15365941,5.6392328,7.131342328,5.480434799999999,5.870379436,6.156483795,10.03350703,5.0859636969999995,5.353907635,11.35395009,5.3847811839999995,6.161352357999999,4.850398866,5.281831766,7.98134041,5.848019184,4.254925335,8.836448303,7.383963457,5.531576804,6.8135084610000005,5.430313792000001,4.652612597,6.2297097820000005,4.926018202,5.735378008,4.925996222,6.71879443,4.73094431,9.879670747,7.67250849,10.36222301,5.799352482000001,6.3073298829999995,9.14176897,5.646238632,6.867631255,5.066943491,5.269260018,4.656442299999998,7.515971531,5.3691125689999994,6.873610404,6.212164821,6.918278269,7.1180385510000015,4.668945893,7.053280387999999,6.95825291,7.809522096,6.511460258,8.429819001,7.0283960999999975,4.482832818,8.180887468,11.56632956,8.401735942,8.617592396000001,7.52255705,4.381808875,7.4321755629999995,5.779905319,4.91761119,5.50538799,5.851914086,6.664978773,6.666931131,9.28747002,10.63615461,4.965512438999999,7.38189164,6.971159806,5.0145074119999995,6.285051645,8.891757899,5.930476106,5.6066843429999995,9.721787048,5.862713192,7.796469302999999,6.919588462999999,7.455708127,4.7159481219999995,6.921718477000001,4.920637311,4.43064762,5.77188515,6.41641135,6.7577459410000005,4.677197275,7.604141019,7.015955397000001,9.768861845,6.822428426,7.3812923779999995,6.175912899,5.272539419,5.972877177999999,4.628634701,7.85747222,4.677607076,6.731795485,10.385073,8.393103538,5.046282286,6.899490806,5.764388783999999,4.830382449,6.131059483,11.62638356,6.986157612,6.201104777,7.840455771,8.595916075,8.1596453,4.320360882,7.539984349,7.735142194,5.405552861,6.64350281,7.077242565,4.702353014,7.499452923,5.5716171160000005,8.167678421,5.09188012,6.280016149,4.673708582,6.040137232999999,7.7412463670000005,7.398333918,8.760252202,5.736360539,7.722674279,8.952642838,5.054043426000001,10.27555551,8.508830226,4.594475587,4.959274703999999,5.419809435,8.130212756,5.424384506,8.207199825,5.159400717,6.0044885279999995,4.9844395630000005,6.602749149,5.725360734,5.392266001,9.639912936,8.518327482,6.034278314,8.479845527,8.505095942,7.3506679,5.654903653,6.3100328889999995,4.517108428999999,4.862970081,8.765548638,6.239062075,7.874146979,5.206580257,7.698496987,5.923440667,6.262111708,8.554487137999999,8.978221469,6.516017941,6.992607146,8.038289322999999,6.511164832,6.820190116,6.199315937000001,5.264528017,9.226419169,6.873461868,5.724435119,6.196317231,6.1732865110000015,4.685959639,6.89612314,5.5803443470000005,8.029406892999999,10.82099309,4.26431945,7.753742904,4.842169406,5.886866531,5.529670061,6.314380907,5.518627996,5.337513745,8.730809927000001,6.606106575,4.66008699,5.664551311,10.439303500000001,6.021911433,7.941893792,6.420154256,5.092464181,8.090246118,5.415750967,10.39802045,7.6181913,4.316782454,5.7515813179999995,11.63373314,8.098534772,6.424526056,7.0022076160000015,6.2180518739999995,8.946694328,5.549040442000001,4.785903966,6.468842968,5.647339016,8.773264314,6.089321832,5.1168363889999995,7.991553841,7.494752684,5.121722231000001,4.81519485,6.52027907,5.118722662,5.994238788,4.630387717,4.911844295,7.759447618999999,6.876955646,4.917988200000001,7.200370982999999,8.15957021,7.996568055,5.034626225,8.847838932,6.4970241060000005,5.37073751,6.402874167999999,5.052630738,7.390427669,5.598747313,8.114011657,5.511852782,4.897979253,5.507905119,4.536293378,4.875413443,4.290743096,6.461321272999999,6.715975808,7.2153369760000015,5.755598452999999,7.47280029,11.02730793,5.443701507999999,4.6127299289999995,6.861131134,7.583613467999999,4.652456265,6.9293406210000015,4.732947578,6.958004777,8.29403347,4.90748459,7.481996745,9.091452775,8.204906614,5.741285284,8.802906869,6.428653317,8.368052882999999,8.492165179,5.248801922,5.863990518,5.639136412,5.862467633,4.882989067,7.114008457000001,8.082603092000001,4.690814377,7.285857315,7.320758047000001,5.4627725929999995,5.00460421,6.180513027999999,6.954288654,6.06538784,8.113059577000001,7.730653266,7.4893468410000015,5.74437226,5.208793355,7.245645597,9.412565927000001,6.130252785,6.471244032,8.316313206,5.687845633999999,6.9516435770000005,6.159203784,5.51544592,5.319563626,8.432106688,7.07083247,7.640022632999999,6.784477229,6.128621085,6.728392949,8.112246432000001,5.449545027,6.7326107639999995,4.926277385,7.443092495,7.377849677,8.045419546,5.769309223,9.266944661,6.4884140860000015,5.212826134,6.035814003,7.7146268870000005,7.195582722,6.680828914,8.43331268,6.8359341910000015,6.872657203999999,6.185372178,6.020043544,7.048924332,6.439546226,8.900956033,6.317324022999999,10.20504472,5.381582572999999,5.393992398,5.566302514,10.06964081,7.507132493999999,6.301476125,6.616266115,4.572022598,7.782885019,6.138979802000001,5.85502014,5.240553382,5.706342867999999,7.973275611,9.259936745,9.216038679,6.867657446,8.311252084,6.868651367000001,7.3593069710000005,7.3534335870000005,6.916516764,7.78015881,5.786803711,7.798265936,8.533321373,9.021019512,8.617996527999999,6.5855388989999994,4.661497348,4.601253648999999,5.132001679,7.545107729,9.352492796,7.670480082999999,6.036228106,6.857401229,6.393015501,7.4082506760000015,9.379424159,12.32992484,4.823402232,12.81585995,4.925324033,5.7320245089999995,5.561082711,4.526467321,6.296002155,8.241074441,4.423739797,4.341388545,6.784552929,9.769910333,7.593538708,7.525699899,8.787406464,8.983043647999999,5.6552837270000005,5.775140801,7.03544428,6.814657762,7.953558554,6.071206987,7.544465934,6.108396282999999,4.477864555,6.101232988,5.757462478,5.6018965010000015,8.145411332,7.8692976660000005,5.454809909,6.5911395729999995,5.542561347,4.607433326000001,4.697766051,5.043430254,4.36194964,4.786052767,4.716666741,4.810935013,4.916650177,8.926447154,8.624608300000002,5.061354205,6.11046741,5.687936016,4.832727126,4.7068470719999995,5.574318664,7.518359977999999,6.902908213,9.783735115,5.363832816,5.97688963,5.141545503,4.705465579,5.267913254,6.723613137999999,6.564454745,4.962264526,7.937933528999999,5.494424146,9.441531392,5.171516071,6.368912965,4.768977945,4.592269858,5.377686762000001,4.728898031,6.766877631,5.039417578,7.680947374,9.382871158,4.364108596,4.985862256,6.101112595,6.211260066,7.443231093,5.407194324,8.624577894,6.858240706,10.13089679,7.502348725,8.343720004,8.96259621,8.097994906,8.44714149,6.617412926,7.892730356,6.7924410810000015,7.215989645,5.965638642,4.562670778999999,6.515265858999999,7.490217031,4.890064016,5.50307157,5.418014192,5.9805856,4.739157045,5.11431957,7.890329705,8.855776118,7.694793318999999,6.633601893,6.8340253529999995,6.174919383,4.739932348,5.714116882999999,4.865162686000001,4.76342044,8.842475775,4.365342534,4.795490706,9.498292937,7.0478048960000015,6.10117245,4.403795579,6.893625925,4.4118517289999994,6.812062731,5.24057934,7.280950301,7.279883672,8.655320846,6.575390835,5.2931145939999995,4.655549527,7.637765495,7.313104768,6.995355601,4.9202716419999994,7.775431281,7.486675139,8.948615102,7.476625594,6.359928742,8.479946768,5.641710955,5.382061124,5.605229659,5.4266708679999995,9.268021422,9.233436613,6.296072915,4.665310839,4.769654473,7.741264094,7.295070475,8.694152005,4.703188514,4.73137228,8.302395982,9.589908413,5.02483017,7.8751290260000015,9.554254401,7.996915411,5.073759293999999,4.996063821,6.028797129,6.718370799,6.520389487,4.804730512,7.009454946,5.69158257,7.614257169,9.43343236,6.2694017460000016,5.685989747000001,5.189859342,4.318528115,6.205628982,6.864317047,4.977732468999999,6.801875676,6.379296404,7.465328396,10.68098878,10.20422249,11.03713673,8.575320878,7.2375769389999975,11.12521411,9.452257348,8.447606115,7.068338011,5.531425389,6.29291329,8.751102793,6.148215037999999,7.820360544,4.983576857,5.395988377,7.143778747000001,8.807778597,4.44578936,6.9422162279999995,8.046113507000001,8.185623235,4.479437112,5.429372829,5.225641677,5.40635653,9.904297866,4.760438996,13.21365963,14.04399296,6.179690399,7.317390355,7.654732461,9.276246399,9.927301976,9.095603859,6.906418691,6.636219003,5.777721504,8.03905262,5.199403117,7.1911385060000015,9.110071831,5.713084212,4.755315989,8.192638067,7.307062595,8.916503766,10.500537699999999,5.277852091000001,9.670309726000001,6.59853266,6.865779507,8.763052978,6.212970972999999,5.726540881,6.4830062029999995,9.188995015,7.024908383,4.444937755,6.8087699829999995,6.912405784,13.03482453,7.6772387029999996,6.523648737,7.318174152999999,5.559040573,6.5103868060000005,5.146776313999999,8.453039052000001,7.927180521,10.63755358,8.27583208,5.928761242999999,8.298536544,5.708766175,8.224036112,9.299234846000001,5.93555323,6.379356809,6.066986377,7.307184427999999,6.945203962999999,6.199280129,5.363093172,7.007375679,6.605539922,9.118548002,7.505895602000001,5.893262593999999,5.17024385,5.630679413999999,9.398298573,7.3857299770000004,5.560797935,4.731213039,5.066541125,9.228349003,9.309733629,5.019317625,7.716850031,6.519214325,12.83227933,4.870987565,6.790473669,7.168289328999999,4.845528261,6.578078577,7.015386017000001,7.529372865,9.203012141,5.484610617,9.473441216,5.324563533,5.732609931,8.336984847,4.924556245,5.916140738999999,7.322960307000001,5.076560008,8.909155152,9.148088334,6.845693193,8.585230357999999,5.064816158999999,11.93149863,5.624558396,6.566565825,4.471495029,6.3211837110000015,8.073890824,4.828403741,5.788047626,9.157879863,7.1412064179999994,8.603444676,4.372123707,5.9176570889999995,8.094267894,10.06853187,5.318289878,7.783592089,6.623214377,5.072958995,6.9369175310000015,7.467304247,7.628553847,12.04691509,6.407246455,5.984853556,4.769200289,9.24079399,8.643519688,8.393519035,5.723229633,5.536520601,6.126867283999999,7.336186783,5.053818764,4.853436576,5.123748687,5.627458017,7.2356939160000024,5.439165781,4.887526853,6.009773751,7.596793203,14.02962029,5.838318323999999,5.863296922999999,6.301831883999999,6.731944745,5.17387308,4.835868541,6.183070763,6.08954038,5.93455281,5.4458257439999995,6.74320556,5.611829361,7.418318977999999,8.165669609,5.714627999,12.50580816,5.603057636,5.294750402,8.520960934,6.8092225410000005,4.950667775,6.002745362000001,4.484269885,6.237674939,5.0761826480000005,6.018643624,5.978812415,7.604349087,7.111170129,7.87325726,7.658372657999999,5.0209045969999995,4.17489039,8.439847839,7.421242446,5.354989235,7.375963262999999,6.190145287999999,11.26120273,10.7500283,8.795989335,7.997413855,5.619281189,6.487996552,9.515781328,5.43954116,5.452216445,6.154555443,5.224540115,5.395071102999999,6.787386457,7.975265396,7.413251548,6.7197630660000005,6.443936817999999,6.031281456,6.498953908,6.593576112,6.675671212,7.841119326,5.419690623999999,9.362507968,7.161481741,6.429778861,9.347164662,5.6808227229999995,6.6371404689999975,6.931560366,6.551670495,6.257415394,5.162116518,9.980327603,6.874553822999999,4.837028045,7.127014,6.4717973639999995,8.435752102,4.613670225,5.345079833,6.733900498,8.161269613,7.7485334639999985,8.492169164,7.309976377000001,6.342043971,5.103586048,4.91406744,4.652400275,11.32268758,4.812456313999999,8.670946212,7.169802344,6.265072977000001,4.6556931939999995,11.01649095,5.880747653999999,7.45823126,7.209433763,5.761698047,5.894761114,6.492072221,4.626298574,4.7687151960000005,7.484842939,5.83456608,6.90915846,5.057366238,6.690069414,8.280477355,6.32452735,8.600904819,10.62871395,9.094848205,7.233059582,9.621776987,11.02367792,6.349988569,4.797932459,6.528808996,5.386894357999999,6.662483094,6.001574205,8.714568658,6.356030538,7.433460137000001,6.5352050120000005,5.618376026,4.624338012,5.153025703,7.233646498,8.161926882000001,7.181744817,7.236297828,5.42748054,5.2267540619999995,6.482587499,4.819385476,6.534103375,6.6107444310000005,10.22120325,10.68831166,4.385573681,4.83398048,6.5008605610000005,7.0902443239999995,4.7568136889999995,4.080157915,7.65801647,7.982765316,5.776629647999999,4.419595289,5.049290114,7.001724227,6.991261278,5.513399188999999,6.277013854,6.747357121,4.9347583760000004,6.409848909,5.546247567999999,6.046290567000001,7.235040406,5.320747449,5.331262357,5.855207900000001,6.069988502999999,5.63318545,6.142360981,7.582832517999999,4.179136109,9.187360894,4.544650561,6.877137817,6.455489012,6.777285158,5.595771653,5.071100004,4.684647518999999,5.081060894,5.683690829,6.200430451,7.556824983999999,5.8800395420000005,11.32584034,5.6736500360000015,7.232424162,4.549951302,5.8264697010000015,4.4195598480000005,5.662846947,5.574215952,6.079310808,7.626620827999999,4.472888028,5.523273652,4.559197562,7.744768485,6.476417975,7.580464434,11.72005118,5.039351295,6.888086932999999,10.16318109,9.015902407999999,8.369266742999999,5.502208249,7.1180161779999995,4.270002957,4.754453235,4.8120005919999995,4.833651855,5.011228498,6.846926064,9.430013621,5.882321717000001,6.203535717,9.670787504,5.991879869,8.920904725,6.156220374,8.401487833,8.498269192,5.944929012999999,9.169280378,6.6023793410000025,5.481843021,7.051380282,5.04308136,7.082828115,6.5834618670000005,8.331862875,7.37458871,7.1469545010000015,6.183583425,4.690889258,8.01294946,8.281929478,5.095416717,4.50007232,5.671099661,5.90459141,6.3566702070000005,6.40454729,6.232235652000001,10.34111891,6.996944587000001,6.357638661,6.8146911160000005,8.420214054,11.21232426,5.038693776000001,8.520566079,6.3728554860000015,8.411834942999999,6.621232572,9.15270772,7.500624264,7.808656487,6.979945505,10.85421122,7.455185822000001,9.439064287999999,4.78873767,5.801973345,4.400920199,7.389273997999999,7.127506704,5.89929377,5.278060003,8.816160423,6.948438218,6.554532152999999,6.9585323510000014,5.030501297,11.67444482,5.226900951,5.8356833539999995,6.727651132999999,6.566038467,9.261484087000001,7.0150715429999995,4.845426455,6.136494839,5.557294203,8.663802056,5.4197096610000015,4.889084421000001,7.148251639,5.5077537439999995,5.832792535,6.235935143,9.456177027,10.01793514,6.336572469,8.07882122,7.961308886,7.445081355,7.9544903310000015,8.159837179,6.985993102,8.131133944,6.660265159,6.244805363999999,6.354548382000001,4.772672957,7.851425495,9.542031465,5.2194299719999995,6.237651082,4.947507002,8.806589153,8.059403468,6.42034102,5.795186974,4.338912288,5.415177987000001,6.782258268,9.116970081,4.966776539,7.044816497,4.986509661,9.053853596,5.895589396,5.991793907999999,6.042977658,4.481059073,6.623644989,5.514584585,5.43472652,5.2427079569999995,6.480078224,4.68838615,7.205595849,5.608079851,5.503405017,10.75443658,6.7134948539999995,4.571875889,6.1686804429999995,9.26683013,5.296298232,8.590900357999999,8.23949559,4.409564135,6.310945727999999,5.8850238820000005,5.683750087000001,5.565222979,4.628767346,4.965162523,6.207749691,4.945533675,6.598754351,7.8599599829999995,6.585936969,7.152433292,10.02104073,5.258338339,5.101417553,7.036263138,5.6321632410000015,5.435419232,5.7670152360000015,4.453184329,4.39048111,8.678369352999999,6.330902846,8.496664682999999,12.42436045,4.649332288,8.949945537,6.066196428,7.659033513,5.015230177,4.473461808,5.934610738,11.75389531,10.28287406,8.241815195,7.642977228999999,5.384706785,4.800696805,5.6934121289999995,7.146392682999999,9.27825604,7.391407282,7.8515819539999985,5.352170056,7.666940941,5.925187386,5.234207103,6.070877384,7.223431729,7.430760542000001,6.292402474,6.868660067,7.4539144020000005,6.755660764,5.650305792999999,5.784142472,8.173094669,8.350628922,9.110551561,9.700618301,8.152270137,10.34390032,9.039385084,8.721870337999999,7.722797944,7.8940285060000015,6.160600095,10.1354179,4.5927438789999995,8.397391916,6.359273815,4.599267258999999,8.852459352999999,6.464309338,11.46950154,4.410319843,6.557592333,5.867686394,6.317478799,6.191466613999999,8.264289672,8.565379549,7.477648855,4.45900713,8.209666198999999,4.39694642,8.025518111,5.0258323030000005,5.745312825,5.788978329,5.9256659,9.738111053999999,4.965269097,5.671604637000001,6.849007643999999,5.075390683,7.025691972000001,7.63823544,8.794794605,7.757427957000001,4.25756135,8.001998958,8.4673428,5.545366771,5.430048861,5.081945056,6.7635388270000005,6.607678074,8.530615762,4.75945937,8.960919192,7.357237483,5.734780957999999,6.390436782,7.730890692000001,6.6322624029999995,6.064386344,7.828095789,6.915756332000001,9.561036247999999,7.214998262000001,4.213195995,6.976694424,7.3445813829999995,5.497170497000001,5.263750407,8.618324756,5.344809791,5.206727955,8.801316992,8.018918845,7.218036427,8.070646434,9.309106153,5.688104196,5.378473604,9.970358535,9.133457669,5.615039756,4.419277211,5.152739858,5.172570169,5.226703387,7.454058527999999,7.997499737999999,8.844225514,7.031468384,6.815699045,6.77050034,10.55605107,7.393180911,4.80839369,6.285792185,7.479713844,4.602375996,11.84205461,6.137253969,9.600338706,7.588042084,9.116003033,7.550573327,8.002077486000001,9.280823095,5.988699774,5.285961267,6.4497729889999995,4.353819967,7.988503121,7.475606252,7.731964558,5.589297771,11.59139887,7.75559663,8.042798067,8.914109391,5.869647109,5.68186873,5.316514767,7.148199475,5.303254587,5.4856167760000005,6.399044879,7.81640383,7.304098346,7.279991017,6.705962726,5.593935815,4.82543522,5.175130687,5.6743351539999995,6.341053401,5.521433131,4.40135156,4.069840226,5.123659151,5.204267627,5.20970514,4.5908152069999995,5.617032772000001,7.337480802999999,5.8054454060000005,6.587648637000001,5.86296469,6.939654831,4.679658979,11.06966639,9.449557636,4.738270834,5.947991742999999,7.146481735,5.309210537,8.583365642999999,4.503651921,5.319668359,9.549887353999999,6.449545218,8.202031538,5.657760306,5.495874954,6.685027737,5.846460757000001,4.202334414,4.487399872,6.972912332000001,5.34434333,7.880836211,4.74110038,6.654581385,6.494159302000001,6.809439555,4.5645960169999995,5.434073385,9.99087645,8.493274187,5.550620285,6.986556462,6.337767303,7.243800221,5.8081631960000015,5.993970751,6.648063336,6.334177057000001,9.70534655,9.489948803999999,9.636475916,7.16746605,7.852614847999999,5.111675853,7.095071462999999,4.714591915,7.9991337520000005,7.18985853,6.204063493,7.0865880039999976,8.557742637999999,7.589957711,5.140520334,5.269688013000001,4.894119305,6.1846715360000015,9.594429017000001,9.906965092,4.819320929,5.6991621939999995,5.950962264,7.938442961,5.928869547000001,6.4666592760000015,11.01853087,5.143335378,7.861375568,6.698545633999999,5.337513133,7.008840137000001,4.590784438,5.942874463,5.843490137000001,5.227557904,5.414295813,5.247775798,8.968411338,11.36114321,5.656069402999999,4.268572173,4.737791057,9.919117421000001,8.519279739,7.774070921,6.6662155510000005,4.490582871,4.272440233999999,7.4005141939999985,7.003357882,6.984655589,4.90135603,4.7369939169999995,6.596541002,4.617412683,4.918217567,5.086070095,8.586066801,9.074621302999999,5.068056102,5.84177145,6.811170721,7.975317255,5.964880421,4.592302228,6.352354602,5.329032928999999,5.504747561,5.522474956,8.867113832000001,6.5907528110000015,6.507133235,6.800523484,5.740095977999999,7.406185446,5.093645396,6.192189162999999,8.915259625,6.5996284260000015,4.876355611,7.700291826,4.729282883,8.10374402,7.900862525,4.798501035,9.502881643,6.3558193439999995,10.15703222,5.173785501,6.023775204,5.607057919,11.81260082,5.963688445,10.15811681,12.28566716,8.039109652,6.540099796,7.459396882999999,5.855647481,10.9414198,9.400767898,4.873090383,7.955180536,7.154021544,8.530785527,9.205398519,6.654334092999999,10.61573847,6.223807817999999,4.984079877,8.658302907000001,8.845010398,5.729027632,10.39317211,5.677960556,8.266654991000001,5.333644673,6.3911105820000005,6.9803231729999995,4.787486341,6.209491732,7.024333399,4.297395205,8.223825741,4.8478685619999995,8.571677907,8.593653518,5.715301015,5.068825034,4.633442227,10.61966661,7.453457812999999,7.140656149,6.97093445,7.260208615,7.546753394,7.272213428,9.927361487999999,5.915485515,6.7759616110000005,7.504203353999999,8.20723043,5.925663064,9.430460295,7.150118544,5.622391264,5.873933438,5.40321451,7.3663816739999985,8.24385629,5.963630869,5.230764403999999,8.815169656,4.554113387,5.234507476,5.853578272000001,4.905725708,6.652484977,5.6131911279999995,6.188277808,9.156976214,7.3393757389999985,9.217475988,9.521987889,8.068837683,8.961029249,5.137709112,7.827721282000001,6.595240702000001,8.701643792999999,7.6206493029999995,5.102454096000001,5.0503787319999995,7.352468977000001,7.31970796,4.497392296,6.380310828,6.968521363,8.342265422999999,5.849118722,5.111583486000001,6.047354365,7.142549653,8.056061785,7.985226346,7.561413009,7.932026229,6.841105353,5.739648572,6.579444341,7.790669164,10.05402075,6.708194617999999,6.707666897,12.88259284,8.896337691,6.735430067999999,8.506715011,11.38016106,10.85026511,4.186892799,4.195903265,5.425789765,6.865439907000001,8.460337557999999,10.02361073,6.972882956,7.600602477000001,7.956536483,5.430982928,4.7224355330000005,6.928363347,8.317453059,9.06905508,5.582457467999999,10.01035868,4.641124507,9.073730449,5.4000748970000005,5.108163072,5.191104289,6.490859531,4.535067358,4.799468658,5.21565277,7.705228121,8.008287232999999,4.631161186,9.352892368,6.767848834,6.751112943,9.467770991,6.6638833360000005,9.887227118,7.363871649,7.921348718,5.673398584,6.030125415,5.083153067,4.752281541,6.710226847,7.77326678,6.7878233020000005,4.937375753,7.959933958,7.2330774920000005,5.349483276,8.15944446,7.091445208,7.465665962,5.987053347000001,5.531227146,4.2803389,5.359874728,10.17560536,6.996796101,5.140682067,11.67054024,5.192275205,10.67891964,5.755719002,6.03052479,5.841208961,5.515385834,4.937422083,4.557994358,5.7312843739999995,5.351612752,4.823666762,5.26137527,6.09215335,4.814450005,6.934794887000001,5.302211618,7.262720718,12.18502645,5.57421987,4.757414936,5.674151859,6.046091121,4.945843374,6.954759475,9.42195583,6.801302777,5.905508697,10.20299823,5.71461562,4.927400405,4.247782337,5.611887126,4.993266098,7.940609151,7.586354696,5.302187857,7.720296323999999,5.9629088889999995,7.055667947000001,5.73662554,5.823461484,4.508680524,7.6951148510000005,8.669527214,10.2959632,5.044319557,4.721300907,7.213716954,5.179530234,11.03814307,5.883863419,8.87248415,6.495107656,6.195447511,5.738216027000001,8.310776005,8.599328468,6.200535062999999,6.258201307,6.950618443,5.741130724,7.76896529,5.717839239,4.5890915130000005,4.980905508999999,5.388798692000001,6.997118209,8.57921821,6.177082048,5.8620252729999995,5.873503082999999,5.24034217,7.008972907,6.192498165,4.577677017,4.252943801,4.1138991030000005,6.8320880000000015,8.703577382,4.874037112,6.760239058,6.533225848,5.6932358039999995,6.253744844,7.03706323,10.25983853,4.882737654,10.62084132,4.9517642969999995,6.021071915,4.826649762,11.28103155,4.41299449,7.685116308,5.15850098,5.825605362,5.430279998,8.698009196000001,5.75298744,8.242090961,7.972641287999999,4.470670375,5.340622309,8.590171955,7.133089469,7.318046402999999,4.488409834,6.785787826,5.779555611,9.195815831,7.154597721,8.098717158,6.654294362000001,7.495057774,4.80063513,8.972442735,5.260232998,5.310305444,7.364486787000001,8.395928992,5.067530411,9.175536486,10.90544646,7.083427358,6.667242398,4.905443562,11.11049275,4.652071871,9.124758647,4.71347533,6.194040526,5.243137512,5.031570643999999,4.876542082,6.322978377,8.373949073,11.59104828,6.632254382999999,4.884810507,8.023811734,8.207719212999999,5.792850527000001,4.455685926,8.112423698999999,7.711585931,8.931185117,6.373120472,5.2871060739999995,6.213943133,7.759552346,6.98281629,6.706640724,4.683255309,5.128560772,5.078741088,5.6765125339999996,6.509895185,7.126634075,7.837170634,6.927865216,5.221287127,6.960422137999999,7.612230017999999,5.543466821,5.626577758,8.871929026,4.795344986,6.6465029929999995,4.87434213,8.977907373999999,5.323429774,4.813148579,4.838174853,5.716323963,5.787499285,9.465791579,5.750666549,5.476872079,5.713769494,4.514437268,9.535887726,8.501953054,5.822959902000001,6.381529966,5.6072266420000005,6.789601998999999,5.8235111129999995,6.97422336,4.503711287,9.835429015,6.5616020760000024,7.832889845,4.2332485160000015,5.119632889,8.332854437,5.237814602,8.596736191,10.32646464,6.1380533370000006,10.38611246,7.532449217000001,4.957474314,6.559659318,6.601814528999999,4.279522167,4.848721739,7.304982884,5.038858142,5.335553956,5.093190122,5.042560684,5.608959337999999,6.2502972560000005,5.8382605629999995,6.859424926,6.074844286,4.534396895,6.357432686,7.664864323,4.73496446,7.191280326,5.661895839,5.558178476,5.545522365,4.667801517,8.02056185,9.145895032,5.371838755,5.081590361,5.126803048,7.157576884,7.009551339,11.14001777,7.892393179,4.140638471,5.440010028,8.157671673,5.308428534,4.311006707,4.727372046,6.716577111,5.160912776,4.27679354,7.928609363,6.1627449,10.81221292,6.486687099,6.068056843,6.254765592999999,5.94569125,7.258381999,6.70292213,5.477756756000002,5.499413515,5.649588,7.249431183,6.63796155,4.892994463,6.221081785,4.965516401,7.6045200920000005,4.718475051,8.339432943,7.1871287420000005,10.36844015,4.663687144,4.407191302,7.056908046,5.5073538960000015,6.031460017000001,4.805583382,10.05797048,6.9008613510000005,10.05910821,7.574598677999999,4.815793153,5.301472562,6.68201473,7.692046697,6.752206158,8.972293605,6.3126495039999995,6.349942712000001,6.0750923839999995,6.966118117000001,7.415323586,7.024747071,4.285155968,6.760142758,4.821927641,4.785199312,5.8342189410000005,7.364182135,5.253810328,4.396997726,7.296336416,5.976381085,5.495276401,6.054973671,5.290796108,5.08693913,7.603922464,4.3784606539999995,5.051759766,4.831896789,9.692998307,6.768773907000001,9.508883331,4.521718374,7.347211202,5.326506708,10.01020368,6.823421727,6.231044279,4.859600391,7.628803549,4.947387968999999,11.45027121,9.148471215,5.971752385,6.5824630410000005,9.648083657,9.861365311,7.693188782999999,6.530833951,7.711625109,5.714374072999999,10.71827971,5.712912604,6.111353546,6.540014322999999,8.098792661000001,8.498264133,5.838782386,8.104023067,9.342506803,10.22074953,4.512715407,5.175920681,5.500514335,4.807062952,8.399995563,4.811367662,9.834121631,8.325662407000001,5.604840514,5.278295156,5.483234293,5.675970883,4.332405501,5.860878832999999,7.844459756,9.000816807,7.049829536,4.990829651,5.809024854,11.48355736,12.35401926,6.222020729,5.078889428,6.2321421070000005,5.304596125,4.2921990889999995,8.024736401,7.169402265,10.38474224,8.514897955,6.287830682,7.741506375,7.109640095,5.437212227000001,4.8253376789999995,4.851641613,5.216800692,6.5891304129999995,6.864094562000001,6.041782744,5.882052375,5.812045366,5.5527202739999995,6.650373871,7.470223797,7.608076466,5.700181477999999,4.3990275919999995,7.936355835,4.275451973,5.165213631,5.688491459,5.681661752999999,6.385702035,6.531408421,5.512922275,8.954396877,4.941941474,5.365509239,5.909331356,4.817531218,6.858964384,4.801862073,10.42399767,9.842162624,5.627400777,5.577043447,5.312259499,5.564459314,7.470536748,8.420973423,4.43900202,4.515231899,7.1403222379999995,8.589988553,5.4375686089999995,6.372567413,8.634132506,7.601223363,4.773986976000001,5.6178517060000015,7.120718373,6.149979276,9.955179196,8.53805366,4.609920273,10.08646783,5.193069979,4.588730792,5.147286684,6.198822389,8.675167529,5.17229103,6.873159516,7.813429687,6.857944292000001,4.848598602,6.315250355,5.125391497,7.631319069,5.36570816,7.222083948,4.928690587,10.82668645,9.820610176,5.219223686,7.29752634,5.155191542,5.101041498,11.38191037,6.235892699,6.496898165,10.19181263,9.382263402000001,6.32172572,6.082549617000001,7.438267907999999,5.015892739,7.284459742999999,8.892904042,4.211289064,7.633417944,6.342581778,7.654326202000001,6.689176201,5.84468593,6.578128714,8.271265306,6.212092875,8.421615601000001,6.704475612,5.860053937000001,6.561846787,4.972138313,8.604386265,5.844510093999999,9.009004666000001,5.178707986,5.973607071,4.975535109,5.199770684,5.023458651,4.834247421000001,4.891177633,5.211937287,6.517828827000001,5.26293959,5.031573542,5.610948098,5.868620394,7.252327216,7.403621621,7.238603104,6.461756502,5.810767909,12.35276978,5.541408504,6.3151550489999995,7.880332049,5.539360137,4.202739674,7.490742278,5.418804495,8.900451896,5.191263496,5.176126593999999,4.440214975,7.426499954,5.835226627000001,6.596074354,7.158037525,5.784657009,5.59810468,12.76021273,6.804429207,4.2592464460000015,12.39878294,7.585810342,5.7252742539999995,4.470577629,5.652147126,6.197222312999999,8.647697435,6.0737942,4.9110382260000005,4.5980900689999995,7.671799339,5.687957872,7.7308845370000006,6.74978863,8.006336713,6.149099541,7.359855382999999,5.455484014,4.87814304,5.938572289,5.743834044,4.834769106,4.557775423,4.680579175,9.466082992,8.209556335,10.00564449,6.370786819,5.830102612,5.653628932,6.847887657999999,7.697493763,4.881147619,5.837840278,5.576284575,5.868408596,4.826802302,7.933755199,13.05510314,4.278280672,5.369699128,7.0904988410000005,4.275852642,8.029749146,9.35610749,10.079569699999999,11.45646043,7.271362661,7.370130876,8.277469422000001,7.266049093999999,5.32130751,6.056291794,7.24792798,4.923133366,6.628814042,6.1657842610000015,9.629544141,7.086143927,5.010085012,5.586225555,4.88632824,5.709199571,4.422834368999999,5.795759549,8.213208682000001,8.294670227000001,5.571625386,5.6521837029999995,8.916332622999999,10.35584199,11.125259300000002,6.390296383,5.8114102370000005,5.88460234,7.238646072000001,9.465921572000001,7.34722503,7.668714232,7.128726914,5.0640574019999995,7.688814953,5.277136076000001,4.619413641,5.621694767,5.307178223,5.1404617969999995,6.576974882000001,8.565427297000001,5.256683442,4.0826850630000004,5.38090456,4.438996714,4.5969684719999995,6.405913684,4.939438255,4.979449106000001,4.535800171,6.843735307999999,5.441062313,8.308413974,5.8186167860000015,7.518170329,5.968909244,6.169793219,5.855428193,9.499262603,6.863795426,4.631623964,8.131341217000001,4.543148683,6.600211423999999,7.940435898,5.775556532,7.683529092000001,8.394134635,7.927514029,8.179972781,8.252602484,4.949076819,5.381786311,4.4054862,8.404972416,10.65424759,6.032857118,7.793597411,7.096681707,7.198454586,5.9265166979999995,4.858502952,6.7988088289999995,4.853091723,5.055310307,6.2023289429999995,6.6449502910000025,6.143696992000001,5.746118878,5.697682746,4.9143639839999995,7.6743544739999985,4.683900817,7.151313805,6.4285475660000015,8.57354933,5.305415473,7.666779149,7.645395255,5.3293203060000005,5.050000743,10.0070238,5.811253557000001,5.39905649,8.469443028999999,4.323826736,6.168958797999999,7.99515265,5.788081802000001,6.086926442999999,7.315467331,8.766183448,6.374714177,7.38735023,4.987772403,4.245595263,5.054827811,4.759431271,9.782397203,5.314878556,6.257479752999999,5.98644646,5.024519273,8.211301548,7.37038097,5.5842546220000004,5.477215084,4.983673433,5.625431721,9.191475785,6.973511866,9.320379373,6.185119498,6.4070175260000015,7.736794887,5.521666217000001,6.14265812,4.912750681,12.87599743,6.124280385,4.3657508310000015,6.954423695,5.335084075,7.160117249,6.743471832999999,7.623071702000001,4.766359205,9.315124804,5.866954666,10.04481733,4.403326458,5.521424777000001,5.165366562,4.955054217,5.010975727,6.7798810739999995,6.3923917260000005,7.658391802000001,11.538755,5.803622219,6.773826484,5.697444031,4.928899152,7.419501222999999,5.41863183,5.944988717999999,5.65174313,7.762742458,6.149573837999999,5.124597249,4.584760145,4.911744961,8.433100021,5.4188866639999995,5.110328629,6.018308311,4.816406419,4.847874492,5.088904298,6.565916818,8.41548011,8.456004228,4.842011724,6.944010124,6.234963235,8.604137573,7.524863048999999,6.283564048,6.284855061,6.3581648479999995,5.207788876,6.325751341,5.8544084629999995,5.081878951,8.99295251,6.2536003220000005,4.344864329,7.730312822999999,7.352574122,4.532647492,6.156972885,7.543682578999999,7.789972931,10.66208289,4.8523660710000005,4.712408478,7.584432427,7.995651153,7.345436302,4.796851636,7.928450939,5.677195959,6.802804748,5.724543411,6.084690129,4.984439514,6.9800262910000015,6.7102230579999995,5.6365190620000005,7.8651558060000015,8.085540952999999,6.025241049,9.798498666,6.34890528,4.870817016,7.362216011,7.7347171,7.518898106,4.642666965,8.067501349,4.330973335,8.98540391,5.891958058999999,7.702395049,7.033504656,7.200616274,4.2692458910000015,6.5417837410000015,7.2424325970000005,6.5839342510000005,4.667454029,4.1742223869999995,5.999786114,9.552568522,5.069357025,6.460936165,7.784144078,5.64260659,6.0284018060000015,7.771164757,5.281442949,5.622487099,6.4775839170000005,5.42652021,8.65060331,10.31984221,7.518429717999999,4.192223376,5.405079023,7.886115697,5.9155244960000015,9.597075588,6.797433361,4.571960206,5.376108602,6.343462242999999,5.169848198,4.585138801,5.954461692000001,4.468619562,7.039031886,5.059485491,5.306888557,6.530313437999999,8.970179099,8.40128126,6.941573633,7.18563397,4.6662562439999995,5.307407773,6.922085605,5.539523419,5.678584312000001,9.190532314,4.923942923999999,6.28655911,8.360531457999999,5.49817788,7.601112818,4.633401208,8.180211106,8.242063225,7.559007382000001,10.02631712,4.8239853319999995,11.33634973,4.450757277,7.184730603999999,6.99373388,4.679198101,4.501435431,10.53835797,7.265492068999999,6.593941015,6.3313409279999995,7.22608955,4.936646214,7.0047182810000015,8.882186738,7.8934109810000015,8.017301045,5.141659801,5.897616827,7.913486685,8.190354427,4.488443072,5.205242128,5.396280399,5.287651477,4.836460961,5.648314506,6.8968971660000005,4.607267712,8.00079713,4.779591492,4.904712153999999,7.964692886,8.161402246,6.595518124,5.565924232,7.757681132,7.152648869,4.800244351,7.59824377,8.04463157,7.329484575,7.4236680339999985,4.683754223999999,4.718589892,8.452718091,7.644813721,5.936192514,8.701875255,9.283387527999999,4.930191703999999,8.714245834,5.329192239,5.070290544,7.395709844,6.641953689,6.782357779,6.449977256,4.806631843,5.131607726,6.57473457,5.112893315,9.337176964,4.38490655,5.092693882,10.36079501,7.117967899,7.3488042,7.635913648,5.795569479,8.193731534,4.147231913,8.469623848,7.0229672039999995,5.1389728880000005,6.0147054760000005,4.951420359,6.2675931579999995,5.696047502000001,6.020162685,5.699590762000001,6.529281532000001,5.895880644,6.522037856,4.4427456780000005,8.34563347,5.116780556,7.401170549,4.336038745,7.174277035,8.896475251,8.005752569,7.893253425,8.954704223,5.6775230310000016,7.656457487000001,4.492467714,8.237502476,6.134863289,9.728680949,11.48644165,6.134233313999999,7.3621297110000015,5.410768462,7.617290661,4.302193157,8.693381453999999,6.074549635,8.198138703,6.799051812,7.734161665,4.832197468,6.32543462,6.005859244,4.398422353,6.133934603999999,5.240999013,5.033590611,5.690621095,13.21519503,6.636512139,6.474432928,10.16680595,7.810163524,6.143929368999999,8.299873426,8.040707043,8.255200519,9.353140243,8.927150166,7.058539013,7.047682204,5.205493788,5.5682692660000015,6.460864554,8.264836079,4.288779562,6.107659462000001,11.48764651,5.390830547999999,8.408040405,5.832637895,5.540725651,5.240529895,6.874343634,6.322936014,9.420483377,9.485606133,7.841871135,7.297705203,6.50380241,4.28136699,5.430531403,7.6011847470000005,8.448449787000001,5.553807837000001,4.486248524,6.587320581,5.575636821,7.285205811,7.465486012,5.211896324,6.242011682,6.35443021,6.1289234839999995,5.491547862999999,7.342542777999999,6.371680875,5.966730962000001,4.770058592,7.152138937999999,5.422649312000001,5.1757379839999995,4.19535706,4.804373988,8.571980762,6.621381307999999,8.517078198,5.910716633,7.6113028310000015,5.7223830389999994,7.893967779,5.995898897000001,7.084932134,5.810774747999999,5.218355911000001,6.3601408410000015,7.75778555,5.932526967,8.719652252000001,4.450349227,6.209337256,4.416661284,5.71741423,7.640525692000001,11.69144448,4.741305551,8.506718457,11.84503583,6.8393669379999995,6.219102542999999,7.119473361,7.035659764,7.004844301,6.078677806,6.698111063,8.330097076,6.3266592379999995,5.847321872,8.920093853,6.497406655,5.784921174,5.325248325,7.015486192999999,4.600195398,7.752756064,12.30377488,5.2564592910000005,6.688457372999999,5.898365605,7.893858312000001,6.299768877999999,6.900171877000001,5.690494581,8.833992531,5.007070488,6.092589244,7.319127707000001,5.694647454,6.715125147999999,6.865285199,4.825225678,8.133291946,7.2264088179999995,5.653849927,5.1934420160000005,5.24112367,5.191392,6.6625348970000005,4.668452234,5.499004612,6.864835848999999,6.703293658,6.575767615,10.16497967,5.435517582,4.736889706,5.692774534,6.650815691,6.2689737,8.366943793999999,6.842782091,6.093950456,7.326577202999999,7.587387647000001,6.035303884,7.03743974,8.233534762,4.929969021000001,5.815729784,8.089148518,9.083728987999999,4.1138491460000015,5.7627681289999995,5.247282166000001,6.063512652000001,6.458983722999999,6.756001165,4.536724746,9.571385101,5.752374457,5.9589224839999995,8.205160591,6.382084084,7.197837034,6.308477826,8.78656277,8.136140703999999,7.22704546,8.615329722,6.005084779,7.428361207999999,7.213394619,8.087155274,5.900203457999999,7.799691507,11.66666354,7.365168177999999,4.76936833,10.15358217,7.063338077999999,8.081797212,6.906332065,7.047562135,6.28002381,5.147766644,5.484111381,5.65396883,7.745063036,7.342799648,5.9723376770000005,6.885963843,4.665853313,5.0109085669999995,10.10485917,5.1298824739999995,8.904445849,5.3188425960000005,4.404855803999999,11.18103516,5.217128536000001,10.32676981,5.348217072,6.59021405,6.230802075,9.633212854,5.721713144,8.091207426,9.10953854,6.460757822000001,7.289850922,7.453560112999999,7.5038059729999995,6.776102196,6.019892845,6.162266186,4.4890272000000015,6.926629985,6.03029751,9.142829082,5.43258978,9.602174247,7.69847601,7.965507016,7.159339827999999,5.993937186,8.089516925,8.627100402,7.4233527289999985,8.09860849,8.707538287,5.363525321,7.752427467,5.02621269,6.257825344,8.035348707,9.513199108,8.186701669,4.433710243999999,5.620776547999999,8.316650183,7.77303898,5.463007336,7.344189419,7.926615512000001,10.0754038,7.283537442999999,5.470395902000001,6.032278985,5.888442341,8.004729328,8.392281495,8.593489672999999,8.216847739,6.05579883,7.595710866,6.064408504,10.5772583,6.687164787,6.8219786870000005,8.126296349,6.075140721,7.469309053,5.49352102,4.221410695,9.994911404,6.779465184,6.5305765,7.575736846,5.296437269,6.793282972,5.41690303,6.429978221,7.18274498,5.4500639920000005,5.7773296610000004,5.235925451,6.463125558,8.044009997,9.750831665,3.813668525,5.327194585,5.677607148,5.80295889,7.957001859,4.774286378999999,5.4176195310000015,4.3989192919999995,7.778565703,5.285286816,5.115507438,6.724929241,8.940066879,4.688644738,7.499636897999999,8.209415577,9.721185902,7.346088615,4.963900962,4.729272601,8.753383232000001,9.064467547000001,8.672297665,10.43141862,9.787400051,6.312865771,4.531141262,4.817968844,6.839937736,7.513470055,5.60518454,7.866808363,7.409916731,7.886421745,8.955224539,5.76346925,6.355621263,5.003200316,7.2236140120000005,4.782486976,6.2495644860000015,4.8486409010000004,4.774844794,6.9150158489999995,6.2033253560000015,6.402384574,5.501861623,7.437465426,8.759435643,6.04335492,5.746477499,5.499408868,5.799347125,10.31266984,9.13979267,8.18821052,8.436744212,6.83506759,6.9717947239999996,7.560502358,5.99506491,6.847714548,7.083516286,5.459077159,4.729058641,5.939721603,7.215446384,6.584527552999999,4.356994459,5.7626992910000014,6.935082446,5.181558036,8.310216543,5.508183667999999,5.8691007520000005,5.003966134,7.363536346,5.343355765,4.658136302,5.161605051,5.595191802,7.9473019,5.265506307,4.601905567,8.190828783999999,4.877626537,8.875576397,10.52609055,5.184767863,6.907940505,11.64608635,6.561937403,6.152277638999999,4.85318027,5.124996586,6.295701276,6.841436067999999,4.628303282,8.490143993,7.136495048,7.41859968,7.461105762000001,5.652620422999999,5.787895391,5.26722979,5.933354487999999,5.2419101139999995,7.063351535,6.364804797000001,6.314391317,11.77763182,4.96730631,4.657118700000002,7.654941459,5.5976801960000016,5.163443879,7.092090568,6.501921224,8.762242937,6.040906531,6.148298317,5.022076135,6.486405897000001,4.837954374,4.747680992,5.94576049,8.723648962,5.362681499,7.245327728999999,4.896304487,4.8379760460000005,5.673755063,4.8143722780000004,6.3137430660000025,5.4014908870000005,4.671976857,7.445772688,5.562936702999999,6.4548756360000015,11.97958911,5.125806347,8.791130653,6.9454689929999995,10.41241936,4.567506245,5.979013052999999,7.627129196,5.661762837,4.091060499,7.650081809,4.403617362,7.259935033,5.658276663,5.95378337,5.486300489,11.7157117,9.660190077000001,8.26458148,4.814227064,5.066078824,4.695779097,7.621553221,7.332826594,5.244256871,5.808171912000001,5.472628328,5.55935224,7.065792626,7.277646752000001,7.910727972999999,7.799284366,5.868750981,4.533591041,4.972952801,7.1970055529999994,10.98580626,4.858129371,10.85395359,6.062675536,8.663069079,9.584510104,4.902074686000001,4.456365186,5.814802365,10.8241601,6.876624085,7.188207679,9.382954968,6.612529229,10.06041324,8.736623981000001,7.081773909,4.615108329,5.995807523,5.883411578,5.381985082999999,6.474756826,7.677903896,7.665033519,8.065169476,4.759017781,6.095671727,7.656070817000001,7.493033617,6.335237327000001,4.545925874,5.686782148,8.643203192,4.9845795310000005,6.811395724,6.5397068439999995,7.226026192000001,6.220683206,7.851845742,7.052497671,4.484326248,7.3682477870000005,6.187343987999999,6.309843666,7.58426668,4.861834428,8.492099995,6.088702645,7.388763235,6.084548912000001,6.123415672,9.372983955,5.43351962,8.123205061,11.02594967,11.39404578,5.6874612010000005,8.41435956,4.620039026000001,10.23183988,5.479793428,6.997814099,5.779665499,5.7198054339999995,5.98121755,7.7109069020000005,11.26316763,6.413175829,5.64978486,4.620610299,7.52267597,9.490254764,7.936595588999999,6.521325813,6.568856212000001,4.978258853,7.895731396,5.5931899210000005,7.174714974,5.7967458610000016,6.665669554,6.195678035,8.857582969,10.42372451,6.191813123999999,4.890693303,4.0
18,11.50149206,6.442371492,10.06803335,6.963142909,6.355185272000001,4.505605357,8.708670106,5.215859324,4.516068508,6.00094258,4.570771944,10.72197403,5.686403123,11.15289902,6.80146911,7.280425217,9.264126575,6.315970509,4.7461321960000005,8.968372459,4.4031022580000005,7.055727082000001,8.201784479,8.276174758,6.6878140010000005,5.099945352,6.4025454029999995,6.8619766910000015,5.327775238,5.086924109,9.169905676,6.332520677000001,7.255834097,5.15407988,7.7251166960000015,7.1945858560000016,6.3680700660000005,4.852083966,6.030109086,5.0859527060000005,9.090945526,6.182953304,6.46408533,7.3724780339999985,7.443572777999999,7.562455722,5.632205614,9.458288917,6.107286892,7.180064599,4.70077951,6.180118491,6.342723522000001,9.207647722,4.3220868260000005,5.5820590060000015,4.638904575,9.564482411,4.479225634,5.486773769,6.080817861,5.36516649,8.492506169,6.912919058,6.338581211,8.250269444,6.463140937,7.087047044,7.3940686960000015,7.831392153999999,6.335388312999999,13.5181696,8.005862952000001,4.417853148,6.8746792889999995,4.738113684,5.035287448,6.635549515,4.650025679,6.81094212,7.3732038310000005,6.413856415,8.638084422,9.042507137000001,5.273553656,5.664064442999999,7.488676497999999,4.9273997419999995,5.407971438,8.560319865,5.330746971,6.998517367000001,5.24807257,8.531623349,7.795500189,6.114101886,10.23013373,4.389235505,4.317163208,7.0484042879999995,5.454337732000001,6.0064216020000005,6.4053457210000015,8.564987106,7.452004938,9.153700446,9.57436994,4.767665404,5.0284764000000015,7.1580560470000005,4.9751590939999994,5.126707822,4.796996409,6.735165042999999,5.935333825,9.052949647,4.32670593,5.290257243,5.880046843,6.875871997000001,10.854647199999999,8.629766072,5.741546848,8.742215148,7.780149285,5.2821427739999995,4.973961296000001,5.456137135,4.676784881000001,7.379573947999999,5.443773075,10.96838826,6.546830569,6.58209914,5.835749924,8.040748607000001,6.532607877,4.731770722,6.287236872,5.3135597510000006,4.372232695,4.589372707,9.914731286,9.148258279,5.644284422999999,6.348863904,4.936908325,6.065469641,10.26790921,4.728262443,6.9791131360000005,4.731528248,7.200273342999999,5.525224796,8.73827955,6.63257591,5.736863747999999,6.193571929,7.708140667,5.346744183999999,9.101556646,4.770013274,6.886826602,6.292550022,6.777024409,4.7640755619999995,8.893178767,6.802069413,8.907980371,4.965191657,4.35156473,5.958083646,7.25387529,9.170295199,8.207702661,8.34902625,8.033019292999999,9.792479002,7.6076755060000005,4.580852244,5.576925352999999,4.432778325,5.21360975,4.557041882,4.396621081,9.955099639,9.25701749,7.689693802000001,7.15825626,6.037861945,5.155064684,6.463150015,7.0963414160000005,7.4351252510000005,6.205401942000001,6.486973405,7.81797012,8.750490682,6.242774596,5.575816372999999,8.151872376,8.859764105,7.5742523760000005,9.452456485,6.214428539,6.935434267000001,5.637472746,8.262827551,4.736596797,5.449053957,5.088603815,9.873359407,5.9408638210000015,5.816516943,6.2151221670000005,9.254887091,6.333001498,5.873113525,6.279914262,5.8423294110000015,7.321422592999999,8.551113701,6.497064924,6.941721338,4.502733147,11.15365941,5.6392328,7.131342328,5.480434799999999,5.870379436,6.156483795,10.03350703,5.0859636969999995,5.353907635,11.35395009,5.3847811839999995,6.161352357999999,4.850398866,5.281831766,7.98134041,5.848019184,4.254925335,8.836448303,7.383963457,5.531576804,6.8135084610000005,5.430313792000001,4.652612597,6.2297097820000005,4.926018202,5.735378008,4.925996222,6.71879443,4.73094431,9.879670747,7.67250849,10.36222301,5.799352482000001,6.3073298829999995,9.14176897,5.646238632,6.867631255,5.066943491,5.269260018,4.656442299999998,7.515971531,5.3691125689999994,6.873610404,6.212164821,6.918278269,7.1180385510000015,4.668945893,7.053280387999999,6.95825291,7.809522096,6.511460258,8.429819001,7.0283960999999975,4.482832818,8.180887468,11.56632956,8.401735942,8.617592396000001,7.52255705,4.381808875,7.4321755629999995,5.779905319,4.91761119,5.50538799,5.851914086,6.664978773,6.666931131,9.28747002,10.63615461,4.965512438999999,7.38189164,6.971159806,5.0145074119999995,6.285051645,8.891757899,5.930476106,5.6066843429999995,9.721787048,5.862713192,7.796469302999999,6.919588462999999,7.455708127,4.7159481219999995,6.921718477000001,4.920637311,4.43064762,5.77188515,6.41641135,6.7577459410000005,4.677197275,7.604141019,7.015955397000001,9.768861845,6.822428426,7.3812923779999995,6.175912899,5.272539419,5.972877177999999,4.628634701,7.85747222,4.677607076,6.731795485,10.385073,8.393103538,5.046282286,6.899490806,5.764388783999999,4.830382449,6.131059483,11.62638356,6.986157612,6.201104777,7.840455771,8.595916075,8.1596453,4.320360882,7.539984349,7.735142194,5.405552861,6.64350281,7.077242565,4.702353014,7.499452923,5.5716171160000005,8.167678421,5.09188012,6.280016149,4.673708582,6.040137232999999,7.7412463670000005,7.398333918,8.760252202,5.736360539,7.722674279,8.952642838,5.054043426000001,10.27555551,8.508830226,4.594475587,4.959274703999999,5.419809435,8.130212756,5.424384506,8.207199825,5.159400717,6.0044885279999995,4.9844395630000005,6.602749149,5.725360734,5.392266001,9.639912936,8.518327482,6.034278314,8.479845527,8.505095942,7.3506679,5.654903653,6.3100328889999995,4.517108428999999,4.862970081,8.765548638,6.239062075,7.874146979,5.206580257,7.698496987,5.923440667,6.262111708,8.554487137999999,8.978221469,6.516017941,6.992607146,8.038289322999999,6.511164832,6.820190116,6.199315937000001,5.264528017,9.226419169,6.873461868,5.724435119,6.196317231,6.1732865110000015,4.685959639,6.89612314,5.5803443470000005,8.029406892999999,10.82099309,4.26431945,7.753742904,4.842169406,5.886866531,5.529670061,6.314380907,5.518627996,5.337513745,8.730809927000001,6.606106575,4.66008699,5.664551311,10.439303500000001,6.021911433,7.941893792,6.420154256,5.092464181,8.090246118,5.415750967,10.39802045,7.6181913,4.316782454,5.7515813179999995,11.63373314,8.098534772,6.424526056,7.0022076160000015,6.2180518739999995,8.946694328,5.549040442000001,4.785903966,6.468842968,5.647339016,8.773264314,6.089321832,5.1168363889999995,7.991553841,7.494752684,5.121722231000001,4.81519485,6.52027907,5.118722662,5.994238788,4.630387717,4.911844295,7.759447618999999,6.876955646,4.917988200000001,7.200370982999999,8.15957021,7.996568055,5.034626225,8.847838932,6.4970241060000005,5.37073751,6.402874167999999,5.052630738,7.390427669,5.598747313,8.114011657,5.511852782,4.897979253,5.507905119,4.536293378,4.875413443,4.290743096,6.461321272999999,6.715975808,7.2153369760000015,5.755598452999999,7.47280029,11.02730793,5.443701507999999,4.6127299289999995,6.861131134,7.583613467999999,4.652456265,6.9293406210000015,4.732947578,6.958004777,8.29403347,4.90748459,7.481996745,9.091452775,8.204906614,5.741285284,8.802906869,6.428653317,8.368052882999999,8.492165179,5.248801922,5.863990518,5.639136412,5.862467633,4.882989067,7.114008457000001,8.082603092000001,4.690814377,7.285857315,7.320758047000001,5.4627725929999995,5.00460421,6.180513027999999,6.954288654,6.06538784,8.113059577000001,7.730653266,7.4893468410000015,5.74437226,5.208793355,7.245645597,9.412565927000001,6.130252785,6.471244032,8.316313206,5.687845633999999,6.9516435770000005,6.159203784,5.51544592,5.319563626,8.432106688,7.07083247,7.640022632999999,6.784477229,6.128621085,6.728392949,8.112246432000001,5.449545027,6.7326107639999995,4.926277385,7.443092495,7.377849677,8.045419546,5.769309223,9.266944661,6.4884140860000015,5.212826134,6.035814003,7.7146268870000005,7.195582722,6.680828914,8.43331268,6.8359341910000015,6.872657203999999,6.185372178,6.020043544,7.048924332,6.439546226,8.900956033,6.317324022999999,10.20504472,5.381582572999999,5.393992398,5.566302514,10.06964081,7.507132493999999,6.301476125,6.616266115,4.572022598,7.782885019,6.138979802000001,5.85502014,5.240553382,5.706342867999999,7.973275611,9.259936745,9.216038679,6.867657446,8.311252084,6.868651367000001,7.3593069710000005,7.3534335870000005,6.916516764,7.78015881,5.786803711,7.798265936,8.533321373,9.021019512,8.617996527999999,6.5855388989999994,4.661497348,4.601253648999999,5.132001679,7.545107729,9.352492796,7.670480082999999,6.036228106,6.857401229,6.393015501,7.4082506760000015,9.379424159,12.32992484,4.823402232,12.81585995,4.925324033,5.7320245089999995,5.561082711,4.526467321,6.296002155,8.241074441,4.423739797,4.341388545,6.784552929,9.769910333,7.593538708,7.525699899,8.787406464,8.983043647999999,5.6552837270000005,5.775140801,7.03544428,6.814657762,7.953558554,6.071206987,7.544465934,6.108396282999999,4.477864555,6.101232988,5.757462478,5.6018965010000015,8.145411332,7.8692976660000005,5.454809909,6.5911395729999995,5.542561347,4.607433326000001,4.697766051,5.043430254,4.36194964,4.786052767,4.716666741,4.810935013,4.916650177,8.926447154,8.624608300000002,5.061354205,6.11046741,5.687936016,4.832727126,4.7068470719999995,5.574318664,7.518359977999999,6.902908213,9.783735115,5.363832816,5.97688963,5.141545503,4.705465579,5.267913254,6.723613137999999,6.564454745,4.962264526,7.937933528999999,5.494424146,9.441531392,5.171516071,6.368912965,4.768977945,4.592269858,5.377686762000001,4.728898031,6.766877631,5.039417578,7.680947374,9.382871158,4.364108596,4.985862256,6.101112595,6.211260066,7.443231093,5.407194324,8.624577894,6.858240706,10.13089679,7.502348725,8.343720004,8.96259621,8.097994906,8.44714149,6.617412926,7.892730356,6.7924410810000015,7.215989645,5.965638642,4.562670778999999,6.515265858999999,7.490217031,4.890064016,5.50307157,5.418014192,5.9805856,4.739157045,5.11431957,7.890329705,8.855776118,7.694793318999999,6.633601893,6.8340253529999995,6.174919383,4.739932348,5.714116882999999,4.865162686000001,4.76342044,8.842475775,4.365342534,4.795490706,9.498292937,7.0478048960000015,6.10117245,4.403795579,6.893625925,4.4118517289999994,6.812062731,5.24057934,7.280950301,7.279883672,8.655320846,6.575390835,5.2931145939999995,4.655549527,7.637765495,7.313104768,6.995355601,4.9202716419999994,7.775431281,7.486675139,8.948615102,7.476625594,6.359928742,8.479946768,5.641710955,5.382061124,5.605229659,5.4266708679999995,9.268021422,9.233436613,6.296072915,4.665310839,4.769654473,7.741264094,7.295070475,8.694152005,4.703188514,4.73137228,8.302395982,9.589908413,5.02483017,7.8751290260000015,9.554254401,7.996915411,5.073759293999999,4.996063821,6.028797129,6.718370799,6.520389487,4.804730512,7.009454946,5.69158257,7.614257169,9.43343236,6.2694017460000016,5.685989747000001,5.189859342,4.318528115,6.205628982,6.864317047,4.977732468999999,6.801875676,6.379296404,7.465328396,10.68098878,10.20422249,11.03713673,8.575320878,7.2375769389999975,11.12521411,9.452257348,8.447606115,7.068338011,5.531425389,6.29291329,8.751102793,6.148215037999999,7.820360544,4.983576857,5.395988377,7.143778747000001,8.807778597,4.44578936,6.9422162279999995,8.046113507000001,8.185623235,4.479437112,5.429372829,5.225641677,5.40635653,9.904297866,4.760438996,13.21365963,14.04399296,6.179690399,7.317390355,7.654732461,9.276246399,9.927301976,9.095603859,6.906418691,6.636219003,5.777721504,8.03905262,5.199403117,7.1911385060000015,9.110071831,5.713084212,4.755315989,8.192638067,7.307062595,8.916503766,10.500537699999999,5.277852091000001,9.670309726000001,6.59853266,6.865779507,8.763052978,6.212970972999999,5.726540881,6.4830062029999995,9.188995015,7.024908383,4.444937755,6.8087699829999995,6.912405784,13.03482453,7.6772387029999996,6.523648737,7.318174152999999,5.559040573,6.5103868060000005,5.146776313999999,8.453039052000001,7.927180521,10.63755358,8.27583208,5.928761242999999,8.298536544,5.708766175,8.224036112,9.299234846000001,5.93555323,6.379356809,6.066986377,7.307184427999999,6.945203962999999,6.199280129,5.363093172,7.007375679,6.605539922,9.118548002,7.505895602000001,5.893262593999999,5.17024385,5.630679413999999,9.398298573,7.3857299770000004,5.560797935,4.731213039,5.066541125,9.228349003,9.309733629,5.019317625,7.716850031,6.519214325,12.83227933,4.870987565,6.790473669,7.168289328999999,4.845528261,6.578078577,7.015386017000001,7.529372865,9.203012141,5.484610617,9.473441216,5.324563533,5.732609931,8.336984847,4.924556245,5.916140738999999,7.322960307000001,5.076560008,8.909155152,9.148088334,6.845693193,8.585230357999999,5.064816158999999,11.93149863,5.624558396,6.566565825,4.471495029,6.3211837110000015,8.073890824,4.828403741,5.788047626,9.157879863,7.1412064179999994,8.603444676,4.372123707,5.9176570889999995,8.094267894,10.06853187,5.318289878,7.783592089,6.623214377,5.072958995,6.9369175310000015,7.467304247,7.628553847,12.04691509,6.407246455,5.984853556,4.769200289,9.24079399,8.643519688,8.393519035,5.723229633,5.536520601,6.126867283999999,7.336186783,5.053818764,4.853436576,5.123748687,5.627458017,7.2356939160000024,5.439165781,4.887526853,6.009773751,7.596793203,14.02962029,5.838318323999999,5.863296922999999,6.301831883999999,6.731944745,5.17387308,4.835868541,6.183070763,6.08954038,5.93455281,5.4458257439999995,6.74320556,5.611829361,7.418318977999999,8.165669609,5.714627999,12.50580816,5.603057636,5.294750402,8.520960934,6.8092225410000005,4.950667775,6.002745362000001,4.484269885,6.237674939,5.0761826480000005,6.018643624,5.978812415,7.604349087,7.111170129,7.87325726,7.658372657999999,5.0209045969999995,4.17489039,8.439847839,7.421242446,5.354989235,7.375963262999999,6.190145287999999,11.26120273,10.7500283,8.795989335,7.997413855,5.619281189,6.487996552,9.515781328,5.43954116,5.452216445,6.154555443,5.224540115,5.395071102999999,6.787386457,7.975265396,7.413251548,6.7197630660000005,6.443936817999999,6.031281456,6.498953908,6.593576112,6.675671212,7.841119326,5.419690623999999,9.362507968,7.161481741,6.429778861,9.347164662,5.6808227229999995,6.6371404689999975,6.931560366,6.551670495,6.257415394,5.162116518,9.980327603,6.874553822999999,4.837028045,7.127014,6.4717973639999995,8.435752102,4.613670225,5.345079833,6.733900498,8.161269613,7.7485334639999985,8.492169164,7.309976377000001,6.342043971,5.103586048,4.91406744,4.652400275,11.32268758,4.812456313999999,8.670946212,7.169802344,6.265072977000001,4.6556931939999995,11.01649095,5.880747653999999,7.45823126,7.209433763,5.761698047,5.894761114,6.492072221,4.626298574,4.7687151960000005,7.484842939,5.83456608,6.90915846,5.057366238,6.690069414,8.280477355,6.32452735,8.600904819,10.62871395,9.094848205,7.233059582,9.621776987,11.02367792,6.349988569,4.797932459,6.528808996,5.386894357999999,6.662483094,6.001574205,8.714568658,6.356030538,7.433460137000001,6.5352050120000005,5.618376026,4.624338012,5.153025703,7.233646498,8.161926882000001,7.181744817,7.236297828,5.42748054,5.2267540619999995,6.482587499,4.819385476,6.534103375,6.6107444310000005,10.22120325,10.68831166,4.385573681,4.83398048,6.5008605610000005,7.0902443239999995,4.7568136889999995,4.080157915,7.65801647,7.982765316,5.776629647999999,4.419595289,5.049290114,7.001724227,6.991261278,5.513399188999999,6.277013854,6.747357121,4.9347583760000004,6.409848909,5.546247567999999,6.046290567000001,7.235040406,5.320747449,5.331262357,5.855207900000001,6.069988502999999,5.63318545,6.142360981,7.582832517999999,4.179136109,9.187360894,4.544650561,6.877137817,6.455489012,6.777285158,5.595771653,5.071100004,4.684647518999999,5.081060894,5.683690829,6.200430451,7.556824983999999,5.8800395420000005,11.32584034,5.6736500360000015,7.232424162,4.549951302,5.8264697010000015,4.4195598480000005,5.662846947,5.574215952,6.079310808,7.626620827999999,4.472888028,5.523273652,4.559197562,7.744768485,6.476417975,7.580464434,11.72005118,5.039351295,6.888086932999999,10.16318109,9.015902407999999,8.369266742999999,5.502208249,7.1180161779999995,4.270002957,4.754453235,4.8120005919999995,4.833651855,5.011228498,6.846926064,9.430013621,5.882321717000001,6.203535717,9.670787504,5.991879869,8.920904725,6.156220374,8.401487833,8.498269192,5.944929012999999,9.169280378,6.6023793410000025,5.481843021,7.051380282,5.04308136,7.082828115,6.5834618670000005,8.331862875,7.37458871,7.1469545010000015,6.183583425,4.690889258,8.01294946,8.281929478,5.095416717,4.50007232,5.671099661,5.90459141,6.3566702070000005,6.40454729,6.232235652000001,10.34111891,6.996944587000001,6.357638661,6.8146911160000005,8.420214054,11.21232426,5.038693776000001,8.520566079,6.3728554860000015,8.411834942999999,6.621232572,9.15270772,7.500624264,7.808656487,6.979945505,10.85421122,7.455185822000001,9.439064287999999,4.78873767,5.801973345,4.400920199,7.389273997999999,7.127506704,5.89929377,5.278060003,8.816160423,6.948438218,6.554532152999999,6.9585323510000014,5.030501297,11.67444482,5.226900951,5.8356833539999995,6.727651132999999,6.566038467,9.261484087000001,7.0150715429999995,4.845426455,6.136494839,5.557294203,8.663802056,5.4197096610000015,4.889084421000001,7.148251639,5.5077537439999995,5.832792535,6.235935143,9.456177027,10.01793514,6.336572469,8.07882122,7.961308886,7.445081355,7.9544903310000015,8.159837179,6.985993102,8.131133944,6.660265159,6.244805363999999,6.354548382000001,4.772672957,7.851425495,9.542031465,5.2194299719999995,6.237651082,4.947507002,8.806589153,8.059403468,6.42034102,5.795186974,4.338912288,5.415177987000001,6.782258268,9.116970081,4.966776539,7.044816497,4.986509661,9.053853596,5.895589396,5.991793907999999,6.042977658,4.481059073,6.623644989,5.514584585,5.43472652,5.2427079569999995,6.480078224,4.68838615,7.205595849,5.608079851,5.503405017,10.75443658,6.7134948539999995,4.571875889,6.1686804429999995,9.26683013,5.296298232,8.590900357999999,8.23949559,4.409564135,6.310945727999999,5.8850238820000005,5.683750087000001,5.565222979,4.628767346,4.965162523,6.207749691,4.945533675,6.598754351,7.8599599829999995,6.585936969,7.152433292,10.02104073,5.258338339,5.101417553,7.036263138,5.6321632410000015,5.435419232,5.7670152360000015,4.453184329,4.39048111,8.678369352999999,6.330902846,8.496664682999999,12.42436045,4.649332288,8.949945537,6.066196428,7.659033513,5.015230177,4.473461808,5.934610738,11.75389531,10.28287406,8.241815195,7.642977228999999,5.384706785,4.800696805,5.6934121289999995,7.146392682999999,9.27825604,7.391407282,7.8515819539999985,5.352170056,7.666940941,5.925187386,5.234207103,6.070877384,7.223431729,7.430760542000001,6.292402474,6.868660067,7.4539144020000005,6.755660764,5.650305792999999,5.784142472,8.173094669,8.350628922,9.110551561,9.700618301,8.152270137,10.34390032,9.039385084,8.721870337999999,7.722797944,7.8940285060000015,6.160600095,10.1354179,4.5927438789999995,8.397391916,6.359273815,4.599267258999999,8.852459352999999,6.464309338,11.46950154,4.410319843,6.557592333,5.867686394,6.317478799,6.191466613999999,8.264289672,8.565379549,7.477648855,4.45900713,8.209666198999999,4.39694642,8.025518111,5.0258323030000005,5.745312825,5.788978329,5.9256659,9.738111053999999,4.965269097,5.671604637000001,6.849007643999999,5.075390683,7.025691972000001,7.63823544,8.794794605,7.757427957000001,4.25756135,8.001998958,8.4673428,5.545366771,5.430048861,5.081945056,6.7635388270000005,6.607678074,8.530615762,4.75945937,8.960919192,7.357237483,5.734780957999999,6.390436782,7.730890692000001,6.6322624029999995,6.064386344,7.828095789,6.915756332000001,9.561036247999999,7.214998262000001,4.213195995,6.976694424,7.3445813829999995,5.497170497000001,5.263750407,8.618324756,5.344809791,5.206727955,8.801316992,8.018918845,7.218036427,8.070646434,9.309106153,5.688104196,5.378473604,9.970358535,9.133457669,5.615039756,4.419277211,5.152739858,5.172570169,5.226703387,7.454058527999999,7.997499737999999,8.844225514,7.031468384,6.815699045,6.77050034,10.55605107,7.393180911,4.80839369,6.285792185,7.479713844,4.602375996,11.84205461,6.137253969,9.600338706,7.588042084,9.116003033,7.550573327,8.002077486000001,9.280823095,5.988699774,5.285961267,6.4497729889999995,4.353819967,7.988503121,7.475606252,7.731964558,5.589297771,11.59139887,7.75559663,8.042798067,8.914109391,5.869647109,5.68186873,5.316514767,7.148199475,5.303254587,5.4856167760000005,6.399044879,7.81640383,7.304098346,7.279991017,6.705962726,5.593935815,4.82543522,5.175130687,5.6743351539999995,6.341053401,5.521433131,4.40135156,4.069840226,5.123659151,5.204267627,5.20970514,4.5908152069999995,5.617032772000001,7.337480802999999,5.8054454060000005,6.587648637000001,5.86296469,6.939654831,4.679658979,11.06966639,9.449557636,4.738270834,5.947991742999999,7.146481735,5.309210537,8.583365642999999,4.503651921,5.319668359,9.549887353999999,6.449545218,8.202031538,5.657760306,5.495874954,6.685027737,5.846460757000001,4.202334414,4.487399872,6.972912332000001,5.34434333,7.880836211,4.74110038,6.654581385,6.494159302000001,6.809439555,4.5645960169999995,5.434073385,9.99087645,8.493274187,5.550620285,6.986556462,6.337767303,7.243800221,5.8081631960000015,5.993970751,6.648063336,6.334177057000001,9.70534655,9.489948803999999,9.636475916,7.16746605,7.852614847999999,5.111675853,7.095071462999999,4.714591915,7.9991337520000005,7.18985853,6.204063493,7.0865880039999976,8.557742637999999,7.589957711,5.140520334,5.269688013000001,4.894119305,6.1846715360000015,9.594429017000001,9.906965092,4.819320929,5.6991621939999995,5.950962264,7.938442961,5.928869547000001,6.4666592760000015,11.01853087,5.143335378,7.861375568,6.698545633999999,5.337513133,7.008840137000001,4.590784438,5.942874463,5.843490137000001,5.227557904,5.414295813,5.247775798,8.968411338,11.36114321,5.656069402999999,4.268572173,4.737791057,9.919117421000001,8.519279739,7.774070921,6.6662155510000005,4.490582871,4.272440233999999,7.4005141939999985,7.003357882,6.984655589,4.90135603,4.7369939169999995,6.596541002,4.617412683,4.918217567,5.086070095,8.586066801,9.074621302999999,5.068056102,5.84177145,6.811170721,7.975317255,5.964880421,4.592302228,6.352354602,5.329032928999999,5.504747561,5.522474956,8.867113832000001,6.5907528110000015,6.507133235,6.800523484,5.740095977999999,7.406185446,5.093645396,6.192189162999999,8.915259625,6.5996284260000015,4.876355611,7.700291826,4.729282883,8.10374402,7.900862525,4.798501035,9.502881643,6.3558193439999995,10.15703222,5.173785501,6.023775204,5.607057919,11.81260082,5.963688445,10.15811681,12.28566716,8.039109652,6.540099796,7.459396882999999,5.855647481,10.9414198,9.400767898,4.873090383,7.955180536,7.154021544,8.530785527,9.205398519,6.654334092999999,10.61573847,6.223807817999999,4.984079877,8.658302907000001,8.845010398,5.729027632,10.39317211,5.677960556,8.266654991000001,5.333644673,6.3911105820000005,6.9803231729999995,4.787486341,6.209491732,7.024333399,4.297395205,8.223825741,4.8478685619999995,8.571677907,8.593653518,5.715301015,5.068825034,4.633442227,10.61966661,7.453457812999999,7.140656149,6.97093445,7.260208615,7.546753394,7.272213428,9.927361487999999,5.915485515,6.7759616110000005,7.504203353999999,8.20723043,5.925663064,9.430460295,7.150118544,5.622391264,5.873933438,5.40321451,7.3663816739999985,8.24385629,5.963630869,5.230764403999999,8.815169656,4.554113387,5.234507476,5.853578272000001,4.905725708,6.652484977,5.6131911279999995,6.188277808,9.156976214,7.3393757389999985,9.217475988,9.521987889,8.068837683,8.961029249,5.137709112,7.827721282000001,6.595240702000001,8.701643792999999,7.6206493029999995,5.102454096000001,5.0503787319999995,7.352468977000001,7.31970796,4.497392296,6.380310828,6.968521363,8.342265422999999,5.849118722,5.111583486000001,6.047354365,7.142549653,8.056061785,7.985226346,7.561413009,7.932026229,6.841105353,5.739648572,6.579444341,7.790669164,10.05402075,6.708194617999999,6.707666897,12.88259284,8.896337691,6.735430067999999,8.506715011,11.38016106,10.85026511,4.186892799,4.195903265,5.425789765,6.865439907000001,8.460337557999999,10.02361073,6.972882956,7.600602477000001,7.956536483,5.430982928,4.7224355330000005,6.928363347,8.317453059,9.06905508,5.582457467999999,10.01035868,4.641124507,9.073730449,5.4000748970000005,5.108163072,5.191104289,6.490859531,4.535067358,4.799468658,5.21565277,7.705228121,8.008287232999999,4.631161186,9.352892368,6.767848834,6.751112943,9.467770991,6.6638833360000005,9.887227118,7.363871649,7.921348718,5.673398584,6.030125415,5.083153067,4.752281541,6.710226847,7.77326678,6.7878233020000005,4.937375753,7.959933958,7.2330774920000005,5.349483276,8.15944446,7.091445208,7.465665962,5.987053347000001,5.531227146,4.2803389,5.359874728,10.17560536,6.996796101,5.140682067,11.67054024,5.192275205,10.67891964,5.755719002,6.03052479,5.841208961,5.515385834,4.937422083,4.557994358,5.7312843739999995,5.351612752,4.823666762,5.26137527,6.09215335,4.814450005,6.934794887000001,5.302211618,7.262720718,12.18502645,5.57421987,4.757414936,5.674151859,6.046091121,4.945843374,6.954759475,9.42195583,6.801302777,5.905508697,10.20299823,5.71461562,4.927400405,4.247782337,5.611887126,4.993266098,7.940609151,7.586354696,5.302187857,7.720296323999999,5.9629088889999995,7.055667947000001,5.73662554,5.823461484,4.508680524,7.6951148510000005,8.669527214,10.2959632,5.044319557,4.721300907,7.213716954,5.179530234,11.03814307,5.883863419,8.87248415,6.495107656,6.195447511,5.738216027000001,8.310776005,8.599328468,6.200535062999999,6.258201307,6.950618443,5.741130724,7.76896529,5.717839239,4.5890915130000005,4.980905508999999,5.388798692000001,6.997118209,8.57921821,6.177082048,5.8620252729999995,5.873503082999999,5.24034217,7.008972907,6.192498165,4.577677017,4.252943801,4.1138991030000005,6.8320880000000015,8.703577382,4.874037112,6.760239058,6.533225848,5.6932358039999995,6.253744844,7.03706323,10.25983853,4.882737654,10.62084132,4.9517642969999995,6.021071915,4.826649762,11.28103155,4.41299449,7.685116308,5.15850098,5.825605362,5.430279998,8.698009196000001,5.75298744,8.242090961,7.972641287999999,4.470670375,5.340622309,8.590171955,7.133089469,7.318046402999999,4.488409834,6.785787826,5.779555611,9.195815831,7.154597721,8.098717158,6.654294362000001,7.495057774,4.80063513,8.972442735,5.260232998,5.310305444,7.364486787000001,8.395928992,5.067530411,9.175536486,10.90544646,7.083427358,6.667242398,4.905443562,11.11049275,4.652071871,9.124758647,4.71347533,6.194040526,5.243137512,5.031570643999999,4.876542082,6.322978377,8.373949073,11.59104828,6.632254382999999,4.884810507,8.023811734,8.207719212999999,5.792850527000001,4.455685926,8.112423698999999,7.711585931,8.931185117,6.373120472,5.2871060739999995,6.213943133,7.759552346,6.98281629,6.706640724,4.683255309,5.128560772,5.078741088,5.6765125339999996,6.509895185,7.126634075,7.837170634,6.927865216,5.221287127,6.960422137999999,7.612230017999999,5.543466821,5.626577758,8.871929026,4.795344986,6.6465029929999995,4.87434213,8.977907373999999,5.323429774,4.813148579,4.838174853,5.716323963,5.787499285,9.465791579,5.750666549,5.476872079,5.713769494,4.514437268,9.535887726,8.501953054,5.822959902000001,6.381529966,5.6072266420000005,6.789601998999999,5.8235111129999995,6.97422336,4.503711287,9.835429015,6.5616020760000024,7.832889845,4.2332485160000015,5.119632889,8.332854437,5.237814602,8.596736191,10.32646464,6.1380533370000006,10.38611246,7.532449217000001,4.957474314,6.559659318,6.601814528999999,4.279522167,4.848721739,7.304982884,5.038858142,5.335553956,5.093190122,5.042560684,5.608959337999999,6.2502972560000005,5.8382605629999995,6.859424926,6.074844286,4.534396895,6.357432686,7.664864323,4.73496446,7.191280326,5.661895839,5.558178476,5.545522365,4.667801517,8.02056185,9.145895032,5.371838755,5.081590361,5.126803048,7.157576884,7.009551339,11.14001777,7.892393179,4.140638471,5.440010028,8.157671673,5.308428534,4.311006707,4.727372046,6.716577111,5.160912776,4.27679354,7.928609363,6.1627449,10.81221292,6.486687099,6.068056843,6.254765592999999,5.94569125,7.258381999,6.70292213,5.477756756000002,5.499413515,5.649588,7.249431183,6.63796155,4.892994463,6.221081785,4.965516401,7.6045200920000005,4.718475051,8.339432943,7.1871287420000005,10.36844015,4.663687144,4.407191302,7.056908046,5.5073538960000015,6.031460017000001,4.805583382,10.05797048,6.9008613510000005,10.05910821,7.574598677999999,4.815793153,5.301472562,6.68201473,7.692046697,6.752206158,8.972293605,6.3126495039999995,6.349942712000001,6.0750923839999995,6.966118117000001,7.415323586,7.024747071,4.285155968,6.760142758,4.821927641,4.785199312,5.8342189410000005,7.364182135,5.253810328,4.396997726,7.296336416,5.976381085,5.495276401,6.054973671,5.290796108,5.08693913,7.603922464,4.3784606539999995,5.051759766,4.831896789,9.692998307,6.768773907000001,9.508883331,4.521718374,7.347211202,5.326506708,10.01020368,6.823421727,6.231044279,4.859600391,7.628803549,4.947387968999999,11.45027121,9.148471215,5.971752385,6.5824630410000005,9.648083657,9.861365311,7.693188782999999,6.530833951,7.711625109,5.714374072999999,10.71827971,5.712912604,6.111353546,6.540014322999999,8.098792661000001,8.498264133,5.838782386,8.104023067,9.342506803,10.22074953,4.512715407,5.175920681,5.500514335,4.807062952,8.399995563,4.811367662,9.834121631,8.325662407000001,5.604840514,5.278295156,5.483234293,5.675970883,4.332405501,5.860878832999999,7.844459756,9.000816807,7.049829536,4.990829651,5.809024854,11.48355736,12.35401926,6.222020729,5.078889428,6.2321421070000005,5.304596125,4.2921990889999995,8.024736401,7.169402265,10.38474224,8.514897955,6.287830682,7.741506375,7.109640095,5.437212227000001,4.8253376789999995,4.851641613,5.216800692,6.5891304129999995,6.864094562000001,6.041782744,5.882052375,5.812045366,5.5527202739999995,6.650373871,7.470223797,7.608076466,5.700181477999999,4.3990275919999995,7.936355835,4.275451973,5.165213631,5.688491459,5.681661752999999,6.385702035,6.531408421,5.512922275,8.954396877,4.941941474,5.365509239,5.909331356,4.817531218,6.858964384,4.801862073,10.42399767,9.842162624,5.627400777,5.577043447,5.312259499,5.564459314,7.470536748,8.420973423,4.43900202,4.515231899,7.1403222379999995,8.589988553,5.4375686089999995,6.372567413,8.634132506,7.601223363,4.773986976000001,5.6178517060000015,7.120718373,6.149979276,9.955179196,8.53805366,4.609920273,10.08646783,5.193069979,4.588730792,5.147286684,6.198822389,8.675167529,5.17229103,6.873159516,7.813429687,6.857944292000001,4.848598602,6.315250355,5.125391497,7.631319069,5.36570816,7.222083948,4.928690587,10.82668645,9.820610176,5.219223686,7.29752634,5.155191542,5.101041498,11.38191037,6.235892699,6.496898165,10.19181263,9.382263402000001,6.32172572,6.082549617000001,7.438267907999999,5.015892739,7.284459742999999,8.892904042,4.211289064,7.633417944,6.342581778,7.654326202000001,6.689176201,5.84468593,6.578128714,8.271265306,6.212092875,8.421615601000001,6.704475612,5.860053937000001,6.561846787,4.972138313,8.604386265,5.844510093999999,9.009004666000001,5.178707986,5.973607071,4.975535109,5.199770684,5.023458651,4.834247421000001,4.891177633,5.211937287,6.517828827000001,5.26293959,5.031573542,5.610948098,5.868620394,7.252327216,7.403621621,7.238603104,6.461756502,5.810767909,12.35276978,5.541408504,6.3151550489999995,7.880332049,5.539360137,4.202739674,7.490742278,5.418804495,8.900451896,5.191263496,5.176126593999999,4.440214975,7.426499954,5.835226627000001,6.596074354,7.158037525,5.784657009,5.59810468,12.76021273,6.804429207,4.2592464460000015,12.39878294,7.585810342,5.7252742539999995,4.470577629,5.652147126,6.197222312999999,8.647697435,6.0737942,4.9110382260000005,4.5980900689999995,7.671799339,5.687957872,7.7308845370000006,6.74978863,8.006336713,6.149099541,7.359855382999999,5.455484014,4.87814304,5.938572289,5.743834044,4.834769106,4.557775423,4.680579175,9.466082992,8.209556335,10.00564449,6.370786819,5.830102612,5.653628932,6.847887657999999,7.697493763,4.881147619,5.837840278,5.576284575,5.868408596,4.826802302,7.933755199,13.05510314,4.278280672,5.369699128,7.0904988410000005,4.275852642,8.029749146,9.35610749,10.079569699999999,11.45646043,7.271362661,7.370130876,8.277469422000001,7.266049093999999,5.32130751,6.056291794,7.24792798,4.923133366,6.628814042,6.1657842610000015,9.629544141,7.086143927,5.010085012,5.586225555,4.88632824,5.709199571,4.422834368999999,5.795759549,8.213208682000001,8.294670227000001,5.571625386,5.6521837029999995,8.916332622999999,10.35584199,11.125259300000002,6.390296383,5.8114102370000005,5.88460234,7.238646072000001,9.465921572000001,7.34722503,7.668714232,7.128726914,5.0640574019999995,7.688814953,5.277136076000001,4.619413641,5.621694767,5.307178223,5.1404617969999995,6.576974882000001,8.565427297000001,5.256683442,4.0826850630000004,5.38090456,4.438996714,4.5969684719999995,6.405913684,4.939438255,4.979449106000001,4.535800171,6.843735307999999,5.441062313,8.308413974,5.8186167860000015,7.518170329,5.968909244,6.169793219,5.855428193,9.499262603,6.863795426,4.631623964,8.131341217000001,4.543148683,6.600211423999999,7.940435898,5.775556532,7.683529092000001,8.394134635,7.927514029,8.179972781,8.252602484,4.949076819,5.381786311,4.4054862,8.404972416,10.65424759,6.032857118,7.793597411,7.096681707,7.198454586,5.9265166979999995,4.858502952,6.7988088289999995,4.853091723,5.055310307,6.2023289429999995,6.6449502910000025,6.143696992000001,5.746118878,5.697682746,4.9143639839999995,7.6743544739999985,4.683900817,7.151313805,6.4285475660000015,8.57354933,5.305415473,7.666779149,7.645395255,5.3293203060000005,5.050000743,10.0070238,5.811253557000001,5.39905649,8.469443028999999,4.323826736,6.168958797999999,7.99515265,5.788081802000001,6.086926442999999,7.315467331,8.766183448,6.374714177,7.38735023,4.987772403,4.245595263,5.054827811,4.759431271,9.782397203,5.314878556,6.257479752999999,5.98644646,5.024519273,8.211301548,7.37038097,5.5842546220000004,5.477215084,4.983673433,5.625431721,9.191475785,6.973511866,9.320379373,6.185119498,6.4070175260000015,7.736794887,5.521666217000001,6.14265812,4.912750681,12.87599743,6.124280385,4.3657508310000015,6.954423695,5.335084075,7.160117249,6.743471832999999,7.623071702000001,4.766359205,9.315124804,5.866954666,10.04481733,4.403326458,5.521424777000001,5.165366562,4.955054217,5.010975727,6.7798810739999995,6.3923917260000005,7.658391802000001,11.538755,5.803622219,6.773826484,5.697444031,4.928899152,7.419501222999999,5.41863183,5.944988717999999,5.65174313,7.762742458,6.149573837999999,5.124597249,4.584760145,4.911744961,8.433100021,5.4188866639999995,5.110328629,6.018308311,4.816406419,4.847874492,5.088904298,6.565916818,8.41548011,8.456004228,4.842011724,6.944010124,6.234963235,8.604137573,7.524863048999999,6.283564048,6.284855061,6.3581648479999995,5.207788876,6.325751341,5.8544084629999995,5.081878951,8.99295251,6.2536003220000005,4.344864329,7.730312822999999,7.352574122,4.532647492,6.156972885,7.543682578999999,7.789972931,10.66208289,4.8523660710000005,4.712408478,7.584432427,7.995651153,7.345436302,4.796851636,7.928450939,5.677195959,6.802804748,5.724543411,6.084690129,4.984439514,6.9800262910000015,6.7102230579999995,5.6365190620000005,7.8651558060000015,8.085540952999999,6.025241049,9.798498666,6.34890528,4.870817016,7.362216011,7.7347171,7.518898106,4.642666965,8.067501349,4.330973335,8.98540391,5.891958058999999,7.702395049,7.033504656,7.200616274,4.2692458910000015,6.5417837410000015,7.2424325970000005,6.5839342510000005,4.667454029,4.1742223869999995,5.999786114,9.552568522,5.069357025,6.460936165,7.784144078,5.64260659,6.0284018060000015,7.771164757,5.281442949,5.622487099,6.4775839170000005,5.42652021,8.65060331,10.31984221,7.518429717999999,4.192223376,5.405079023,7.886115697,5.9155244960000015,9.597075588,6.797433361,4.571960206,5.376108602,6.343462242999999,5.169848198,4.585138801,5.954461692000001,4.468619562,7.039031886,5.059485491,5.306888557,6.530313437999999,8.970179099,8.40128126,6.941573633,7.18563397,4.6662562439999995,5.307407773,6.922085605,5.539523419,5.678584312000001,9.190532314,4.923942923999999,6.28655911,8.360531457999999,5.49817788,7.601112818,4.633401208,8.180211106,8.242063225,7.559007382000001,10.02631712,4.8239853319999995,11.33634973,4.450757277,7.184730603999999,6.99373388,4.679198101,4.501435431,10.53835797,7.265492068999999,6.593941015,6.3313409279999995,7.22608955,4.936646214,7.0047182810000015,8.882186738,7.8934109810000015,8.017301045,5.141659801,5.897616827,7.913486685,8.190354427,4.488443072,5.205242128,5.396280399,5.287651477,4.836460961,5.648314506,6.8968971660000005,4.607267712,8.00079713,4.779591492,4.904712153999999,7.964692886,8.161402246,6.595518124,5.565924232,7.757681132,7.152648869,4.800244351,7.59824377,8.04463157,7.329484575,7.4236680339999985,4.683754223999999,4.718589892,8.452718091,7.644813721,5.936192514,8.701875255,9.283387527999999,4.930191703999999,8.714245834,5.329192239,5.070290544,7.395709844,6.641953689,6.782357779,6.449977256,4.806631843,5.131607726,6.57473457,5.112893315,9.337176964,4.38490655,5.092693882,10.36079501,7.117967899,7.3488042,7.635913648,5.795569479,8.193731534,4.147231913,8.469623848,7.0229672039999995,5.1389728880000005,6.0147054760000005,4.951420359,6.2675931579999995,5.696047502000001,6.020162685,5.699590762000001,6.529281532000001,5.895880644,6.522037856,4.4427456780000005,8.34563347,5.116780556,7.401170549,4.336038745,7.174277035,8.896475251,8.005752569,7.893253425,8.954704223,5.6775230310000016,7.656457487000001,4.492467714,8.237502476,6.134863289,9.728680949,11.48644165,6.134233313999999,7.3621297110000015,5.410768462,7.617290661,4.302193157,8.693381453999999,6.074549635,8.198138703,6.799051812,7.734161665,4.832197468,6.32543462,6.005859244,4.398422353,6.133934603999999,5.240999013,5.033590611,5.690621095,13.21519503,6.636512139,6.474432928,10.16680595,7.810163524,6.143929368999999,8.299873426,8.040707043,8.255200519,9.353140243,8.927150166,7.058539013,7.047682204,5.205493788,5.5682692660000015,6.460864554,8.264836079,4.288779562,6.107659462000001,11.48764651,5.390830547999999,8.408040405,5.832637895,5.540725651,5.240529895,6.874343634,6.322936014,9.420483377,9.485606133,7.841871135,7.297705203,6.50380241,4.28136699,5.430531403,7.6011847470000005,8.448449787000001,5.553807837000001,4.486248524,6.587320581,5.575636821,7.285205811,7.465486012,5.211896324,6.242011682,6.35443021,6.1289234839999995,5.491547862999999,7.342542777999999,6.371680875,5.966730962000001,4.770058592,7.152138937999999,5.422649312000001,5.1757379839999995,4.19535706,4.804373988,8.571980762,6.621381307999999,8.517078198,5.910716633,7.6113028310000015,5.7223830389999994,7.893967779,5.995898897000001,7.084932134,5.810774747999999,5.218355911000001,6.3601408410000015,7.75778555,5.932526967,8.719652252000001,4.450349227,6.209337256,4.416661284,5.71741423,7.640525692000001,11.69144448,4.741305551,8.506718457,11.84503583,6.8393669379999995,6.219102542999999,7.119473361,7.035659764,7.004844301,6.078677806,6.698111063,8.330097076,6.3266592379999995,5.847321872,8.920093853,6.497406655,5.784921174,5.325248325,7.015486192999999,4.600195398,7.752756064,12.30377488,5.2564592910000005,6.688457372999999,5.898365605,7.893858312000001,6.299768877999999,6.900171877000001,5.690494581,8.833992531,5.007070488,6.092589244,7.319127707000001,5.694647454,6.715125147999999,6.865285199,4.825225678,8.133291946,7.2264088179999995,5.653849927,5.1934420160000005,5.24112367,5.191392,6.6625348970000005,4.668452234,5.499004612,6.864835848999999,6.703293658,6.575767615,10.16497967,5.435517582,4.736889706,5.692774534,6.650815691,6.2689737,8.366943793999999,6.842782091,6.093950456,7.326577202999999,7.587387647000001,6.035303884,7.03743974,8.233534762,4.929969021000001,5.815729784,8.089148518,9.083728987999999,4.1138491460000015,5.7627681289999995,5.247282166000001,6.063512652000001,6.458983722999999,6.756001165,4.536724746,9.571385101,5.752374457,5.9589224839999995,8.205160591,6.382084084,7.197837034,6.308477826,8.78656277,8.136140703999999,7.22704546,8.615329722,6.005084779,7.428361207999999,7.213394619,8.087155274,5.900203457999999,7.799691507,11.66666354,7.365168177999999,4.76936833,10.15358217,7.063338077999999,8.081797212,6.906332065,7.047562135,6.28002381,5.147766644,5.484111381,5.65396883,7.745063036,7.342799648,5.9723376770000005,6.885963843,4.665853313,5.0109085669999995,10.10485917,5.1298824739999995,8.904445849,5.3188425960000005,4.404855803999999,11.18103516,5.217128536000001,10.32676981,5.348217072,6.59021405,6.230802075,9.633212854,5.721713144,8.091207426,9.10953854,6.460757822000001,7.289850922,7.453560112999999,7.5038059729999995,6.776102196,6.019892845,6.162266186,4.4890272000000015,6.926629985,6.03029751,9.142829082,5.43258978,9.602174247,7.69847601,7.965507016,7.159339827999999,5.993937186,8.089516925,8.627100402,7.4233527289999985,8.09860849,8.707538287,5.363525321,7.752427467,5.02621269,6.257825344,8.035348707,9.513199108,8.186701669,4.433710243999999,5.620776547999999,8.316650183,7.77303898,5.463007336,7.344189419,7.926615512000001,10.0754038,7.283537442999999,5.470395902000001,6.032278985,5.888442341,8.004729328,8.392281495,8.593489672999999,8.216847739,6.05579883,7.595710866,6.064408504,10.5772583,6.687164787,6.8219786870000005,8.126296349,6.075140721,7.469309053,5.49352102,4.221410695,9.994911404,6.779465184,6.5305765,7.575736846,5.296437269,6.793282972,5.41690303,6.429978221,7.18274498,5.4500639920000005,5.7773296610000004,5.235925451,6.463125558,8.044009997,9.750831665,3.813668525,5.327194585,5.677607148,5.80295889,7.957001859,4.774286378999999,5.4176195310000015,4.3989192919999995,7.778565703,5.285286816,5.115507438,6.724929241,8.940066879,4.688644738,7.499636897999999,8.209415577,9.721185902,7.346088615,4.963900962,4.729272601,8.753383232000001,9.064467547000001,8.672297665,10.43141862,9.787400051,6.312865771,4.531141262,4.817968844,6.839937736,7.513470055,5.60518454,7.866808363,7.409916731,7.886421745,8.955224539,5.76346925,6.355621263,5.003200316,7.2236140120000005,4.782486976,6.2495644860000015,4.8486409010000004,4.774844794,6.9150158489999995,6.2033253560000015,6.402384574,5.501861623,7.437465426,8.759435643,6.04335492,5.746477499,5.499408868,5.799347125,10.31266984,9.13979267,8.18821052,8.436744212,6.83506759,6.9717947239999996,7.560502358,5.99506491,6.847714548,7.083516286,5.459077159,4.729058641,5.939721603,7.215446384,6.584527552999999,4.356994459,5.7626992910000014,6.935082446,5.181558036,8.310216543,5.508183667999999,5.8691007520000005,5.003966134,7.363536346,5.343355765,4.658136302,5.161605051,5.595191802,7.9473019,5.265506307,4.601905567,8.190828783999999,4.877626537,8.875576397,10.52609055,5.184767863,6.907940505,11.64608635,6.561937403,6.152277638999999,4.85318027,5.124996586,6.295701276,6.841436067999999,4.628303282,8.490143993,7.136495048,7.41859968,7.461105762000001,5.652620422999999,5.787895391,5.26722979,5.933354487999999,5.2419101139999995,7.063351535,6.364804797000001,6.314391317,11.77763182,4.96730631,4.657118700000002,7.654941459,5.5976801960000016,5.163443879,7.092090568,6.501921224,8.762242937,6.040906531,6.148298317,5.022076135,6.486405897000001,4.837954374,4.747680992,5.94576049,8.723648962,5.362681499,7.245327728999999,4.896304487,4.8379760460000005,5.673755063,4.8143722780000004,6.3137430660000025,5.4014908870000005,4.671976857,7.445772688,5.562936702999999,6.4548756360000015,11.97958911,5.125806347,8.791130653,6.9454689929999995,10.41241936,4.567506245,5.979013052999999,7.627129196,5.661762837,4.091060499,7.650081809,4.403617362,7.259935033,5.658276663,5.95378337,5.486300489,11.7157117,9.660190077000001,8.26458148,4.814227064,5.066078824,4.695779097,7.621553221,7.332826594,5.244256871,5.808171912000001,5.472628328,5.55935224,7.065792626,7.277646752000001,7.910727972999999,7.799284366,5.868750981,4.533591041,4.972952801,7.1970055529999994,10.98580626,4.858129371,10.85395359,6.062675536,8.663069079,9.584510104,4.902074686000001,4.456365186,5.814802365,10.8241601,6.876624085,7.188207679,9.382954968,6.612529229,10.06041324,8.736623981000001,7.081773909,4.615108329,5.995807523,5.883411578,5.381985082999999,6.474756826,7.677903896,7.665033519,8.065169476,4.759017781,6.095671727,7.656070817000001,7.493033617,6.335237327000001,4.545925874,5.686782148,8.643203192,4.9845795310000005,6.811395724,6.5397068439999995,7.226026192000001,6.220683206,7.851845742,7.052497671,4.484326248,7.3682477870000005,6.187343987999999,6.309843666,7.58426668,4.861834428,8.492099995,6.088702645,7.388763235,6.084548912000001,6.123415672,9.372983955,5.43351962,8.123205061,11.02594967,11.39404578,5.6874612010000005,8.41435956,4.620039026000001,10.23183988,5.479793428,6.997814099,5.779665499,5.7198054339999995,5.98121755,7.7109069020000005,11.26316763,6.413175829,5.64978486,4.620610299,7.52267597,9.490254764,7.936595588999999,6.521325813,6.568856212000001,4.978258853,7.895731396,5.5931899210000005,7.174714974,5.7967458610000016,6.665669554,6.195678035,8.857582969,10.42372451,6.191813123999999,4.890693303,4.0
19,11.50149206,6.442371492,10.06803335,6.963142909,6.355185272000001,4.505605357,8.708670106,5.215859324,4.516068508,6.00094258,4.570771944,10.72197403,5.686403123,11.15289902,6.80146911,7.280425217,9.264126575,6.315970509,4.7461321960000005,8.968372459,4.4031022580000005,7.055727082000001,8.201784479,8.276174758,6.6878140010000005,5.099945352,6.4025454029999995,6.8619766910000015,5.327775238,5.086924109,9.169905676,6.332520677000001,7.255834097,5.15407988,7.7251166960000015,7.1945858560000016,6.3680700660000005,4.852083966,6.030109086,5.0859527060000005,9.090945526,6.182953304,6.46408533,7.3724780339999985,7.443572777999999,7.562455722,5.632205614,9.458288917,6.107286892,7.180064599,4.70077951,6.180118491,6.342723522000001,9.207647722,4.3220868260000005,5.5820590060000015,4.638904575,9.564482411,4.479225634,5.486773769,6.080817861,5.36516649,8.492506169,6.912919058,6.338581211,8.250269444,6.463140937,7.087047044,7.3940686960000015,7.831392153999999,6.335388312999999,13.5181696,8.005862952000001,4.417853148,6.8746792889999995,4.738113684,5.035287448,6.635549515,4.650025679,6.81094212,7.3732038310000005,6.413856415,8.638084422,9.042507137000001,5.273553656,5.664064442999999,7.488676497999999,4.9273997419999995,5.407971438,8.560319865,5.330746971,6.998517367000001,5.24807257,8.531623349,7.795500189,6.114101886,10.23013373,4.389235505,4.317163208,7.0484042879999995,5.454337732000001,6.0064216020000005,6.4053457210000015,8.564987106,7.452004938,9.153700446,9.57436994,4.767665404,5.0284764000000015,7.1580560470000005,4.9751590939999994,5.126707822,4.796996409,6.735165042999999,5.935333825,9.052949647,4.32670593,5.290257243,5.880046843,6.875871997000001,10.854647199999999,8.629766072,5.741546848,8.742215148,7.780149285,5.2821427739999995,4.973961296000001,5.456137135,4.676784881000001,7.379573947999999,5.443773075,10.96838826,6.546830569,6.58209914,5.835749924,8.040748607000001,6.532607877,4.731770722,6.287236872,5.3135597510000006,4.372232695,4.589372707,9.914731286,9.148258279,5.644284422999999,6.348863904,4.936908325,6.065469641,10.26790921,4.728262443,6.9791131360000005,4.731528248,7.200273342999999,5.525224796,8.73827955,6.63257591,5.736863747999999,6.193571929,7.708140667,5.346744183999999,9.101556646,4.770013274,6.886826602,6.292550022,6.777024409,4.7640755619999995,8.893178767,6.802069413,8.907980371,4.965191657,4.35156473,5.958083646,7.25387529,9.170295199,8.207702661,8.34902625,8.033019292999999,9.792479002,7.6076755060000005,4.580852244,5.576925352999999,4.432778325,5.21360975,4.557041882,4.396621081,9.955099639,9.25701749,7.689693802000001,7.15825626,6.037861945,5.155064684,6.463150015,7.0963414160000005,7.4351252510000005,6.205401942000001,6.486973405,7.81797012,8.750490682,6.242774596,5.575816372999999,8.151872376,8.859764105,7.5742523760000005,9.452456485,6.214428539,6.935434267000001,5.637472746,8.262827551,4.736596797,5.449053957,5.088603815,9.873359407,5.9408638210000015,5.816516943,6.2151221670000005,9.254887091,6.333001498,5.873113525,6.279914262,5.8423294110000015,7.321422592999999,8.551113701,6.497064924,6.941721338,4.502733147,11.15365941,5.6392328,7.131342328,5.480434799999999,5.870379436,6.156483795,10.03350703,5.0859636969999995,5.353907635,11.35395009,5.3847811839999995,6.161352357999999,4.850398866,5.281831766,7.98134041,5.848019184,4.254925335,8.836448303,7.383963457,5.531576804,6.8135084610000005,5.430313792000001,4.652612597,6.2297097820000005,4.926018202,5.735378008,4.925996222,6.71879443,4.73094431,9.879670747,7.67250849,10.36222301,5.799352482000001,6.3073298829999995,9.14176897,5.646238632,6.867631255,5.066943491,5.269260018,4.656442299999998,7.515971531,5.3691125689999994,6.873610404,6.212164821,6.918278269,7.1180385510000015,4.668945893,7.053280387999999,6.95825291,7.809522096,6.511460258,8.429819001,7.0283960999999975,4.482832818,8.180887468,11.56632956,8.401735942,8.617592396000001,7.52255705,4.381808875,7.4321755629999995,5.779905319,4.91761119,5.50538799,5.851914086,6.664978773,6.666931131,9.28747002,10.63615461,4.965512438999999,7.38189164,6.971159806,5.0145074119999995,6.285051645,8.891757899,5.930476106,5.6066843429999995,9.721787048,5.862713192,7.796469302999999,6.919588462999999,7.455708127,4.7159481219999995,6.921718477000001,4.920637311,4.43064762,5.77188515,6.41641135,6.7577459410000005,4.677197275,7.604141019,7.015955397000001,9.768861845,6.822428426,7.3812923779999995,6.175912899,5.272539419,5.972877177999999,4.628634701,7.85747222,4.677607076,6.731795485,10.385073,8.393103538,5.046282286,6.899490806,5.764388783999999,4.830382449,6.131059483,11.62638356,6.986157612,6.201104777,7.840455771,8.595916075,8.1596453,4.320360882,7.539984349,7.735142194,5.405552861,6.64350281,7.077242565,4.702353014,7.499452923,5.5716171160000005,8.167678421,5.09188012,6.280016149,4.673708582,6.040137232999999,7.7412463670000005,7.398333918,8.760252202,5.736360539,7.722674279,8.952642838,5.054043426000001,10.27555551,8.508830226,4.594475587,4.959274703999999,5.419809435,8.130212756,5.424384506,8.207199825,5.159400717,6.0044885279999995,4.9844395630000005,6.602749149,5.725360734,5.392266001,9.639912936,8.518327482,6.034278314,8.479845527,8.505095942,7.3506679,5.654903653,6.3100328889999995,4.517108428999999,4.862970081,8.765548638,6.239062075,7.874146979,5.206580257,7.698496987,5.923440667,6.262111708,8.554487137999999,8.978221469,6.516017941,6.992607146,8.038289322999999,6.511164832,6.820190116,6.199315937000001,5.264528017,9.226419169,6.873461868,5.724435119,6.196317231,6.1732865110000015,4.685959639,6.89612314,5.5803443470000005,8.029406892999999,10.82099309,4.26431945,7.753742904,4.842169406,5.886866531,5.529670061,6.314380907,5.518627996,5.337513745,8.730809927000001,6.606106575,4.66008699,5.664551311,10.439303500000001,6.021911433,7.941893792,6.420154256,5.092464181,8.090246118,5.415750967,10.39802045,7.6181913,4.316782454,5.7515813179999995,11.63373314,8.098534772,6.424526056,7.0022076160000015,6.2180518739999995,8.946694328,5.549040442000001,4.785903966,6.468842968,5.647339016,8.773264314,6.089321832,5.1168363889999995,7.991553841,7.494752684,5.121722231000001,4.81519485,6.52027907,5.118722662,5.994238788,4.630387717,4.911844295,7.759447618999999,6.876955646,4.917988200000001,7.200370982999999,8.15957021,7.996568055,5.034626225,8.847838932,6.4970241060000005,5.37073751,6.402874167999999,5.052630738,7.390427669,5.598747313,8.114011657,5.511852782,4.897979253,5.507905119,4.536293378,4.875413443,4.290743096,6.461321272999999,6.715975808,7.2153369760000015,5.755598452999999,7.47280029,11.02730793,5.443701507999999,4.6127299289999995,6.861131134,7.583613467999999,4.652456265,6.9293406210000015,4.732947578,6.958004777,8.29403347,4.90748459,7.481996745,9.091452775,8.204906614,5.741285284,8.802906869,6.428653317,8.368052882999999,8.492165179,5.248801922,5.863990518,5.639136412,5.862467633,4.882989067,7.114008457000001,8.082603092000001,4.690814377,7.285857315,7.320758047000001,5.4627725929999995,5.00460421,6.180513027999999,6.954288654,6.06538784,8.113059577000001,7.730653266,7.4893468410000015,5.74437226,5.208793355,7.245645597,9.412565927000001,6.130252785,6.471244032,8.316313206,5.687845633999999,6.9516435770000005,6.159203784,5.51544592,5.319563626,8.432106688,7.07083247,7.640022632999999,6.784477229,6.128621085,6.728392949,8.112246432000001,5.449545027,6.7326107639999995,4.926277385,7.443092495,7.377849677,8.045419546,5.769309223,9.266944661,6.4884140860000015,5.212826134,6.035814003,7.7146268870000005,7.195582722,6.680828914,8.43331268,6.8359341910000015,6.872657203999999,6.185372178,6.020043544,7.048924332,6.439546226,8.900956033,6.317324022999999,10.20504472,5.381582572999999,5.393992398,5.566302514,10.06964081,7.507132493999999,6.301476125,6.616266115,4.572022598,7.782885019,6.138979802000001,5.85502014,5.240553382,5.706342867999999,7.973275611,9.259936745,9.216038679,6.867657446,8.311252084,6.868651367000001,7.3593069710000005,7.3534335870000005,6.916516764,7.78015881,5.786803711,7.798265936,8.533321373,9.021019512,8.617996527999999,6.5855388989999994,4.661497348,4.601253648999999,5.132001679,7.545107729,9.352492796,7.670480082999999,6.036228106,6.857401229,6.393015501,7.4082506760000015,9.379424159,12.32992484,4.823402232,12.81585995,4.925324033,5.7320245089999995,5.561082711,4.526467321,6.296002155,8.241074441,4.423739797,4.341388545,6.784552929,9.769910333,7.593538708,7.525699899,8.787406464,8.983043647999999,5.6552837270000005,5.775140801,7.03544428,6.814657762,7.953558554,6.071206987,7.544465934,6.108396282999999,4.477864555,6.101232988,5.757462478,5.6018965010000015,8.145411332,7.8692976660000005,5.454809909,6.5911395729999995,5.542561347,4.607433326000001,4.697766051,5.043430254,4.36194964,4.786052767,4.716666741,4.810935013,4.916650177,8.926447154,8.624608300000002,5.061354205,6.11046741,5.687936016,4.832727126,4.7068470719999995,5.574318664,7.518359977999999,6.902908213,9.783735115,5.363832816,5.97688963,5.141545503,4.705465579,5.267913254,6.723613137999999,6.564454745,4.962264526,7.937933528999999,5.494424146,9.441531392,5.171516071,6.368912965,4.768977945,4.592269858,5.377686762000001,4.728898031,6.766877631,5.039417578,7.680947374,9.382871158,4.364108596,4.985862256,6.101112595,6.211260066,7.443231093,5.407194324,8.624577894,6.858240706,10.13089679,7.502348725,8.343720004,8.96259621,8.097994906,8.44714149,6.617412926,7.892730356,6.7924410810000015,7.215989645,5.965638642,4.562670778999999,6.515265858999999,7.490217031,4.890064016,5.50307157,5.418014192,5.9805856,4.739157045,5.11431957,7.890329705,8.855776118,7.694793318999999,6.633601893,6.8340253529999995,6.174919383,4.739932348,5.714116882999999,4.865162686000001,4.76342044,8.842475775,4.365342534,4.795490706,9.498292937,7.0478048960000015,6.10117245,4.403795579,6.893625925,4.4118517289999994,6.812062731,5.24057934,7.280950301,7.279883672,8.655320846,6.575390835,5.2931145939999995,4.655549527,7.637765495,7.313104768,6.995355601,4.9202716419999994,7.775431281,7.486675139,8.948615102,7.476625594,6.359928742,8.479946768,5.641710955,5.382061124,5.605229659,5.4266708679999995,9.268021422,9.233436613,6.296072915,4.665310839,4.769654473,7.741264094,7.295070475,8.694152005,4.703188514,4.73137228,8.302395982,9.589908413,5.02483017,7.8751290260000015,9.554254401,7.996915411,5.073759293999999,4.996063821,6.028797129,6.718370799,6.520389487,4.804730512,7.009454946,5.69158257,7.614257169,9.43343236,6.2694017460000016,5.685989747000001,5.189859342,4.318528115,6.205628982,6.864317047,4.977732468999999,6.801875676,6.379296404,7.465328396,10.68098878,10.20422249,11.03713673,8.575320878,7.2375769389999975,11.12521411,9.452257348,8.447606115,7.068338011,5.531425389,6.29291329,8.751102793,6.148215037999999,7.820360544,4.983576857,5.395988377,7.143778747000001,8.807778597,4.44578936,6.9422162279999995,8.046113507000001,8.185623235,4.479437112,5.429372829,5.225641677,5.40635653,9.904297866,4.760438996,13.21365963,14.04399296,6.179690399,7.317390355,7.654732461,9.276246399,9.927301976,9.095603859,6.906418691,6.636219003,5.777721504,8.03905262,5.199403117,7.1911385060000015,9.110071831,5.713084212,4.755315989,8.192638067,7.307062595,8.916503766,10.500537699999999,5.277852091000001,9.670309726000001,6.59853266,6.865779507,8.763052978,6.212970972999999,5.726540881,6.4830062029999995,9.188995015,7.024908383,4.444937755,6.8087699829999995,6.912405784,13.03482453,7.6772387029999996,6.523648737,7.318174152999999,5.559040573,6.5103868060000005,5.146776313999999,8.453039052000001,7.927180521,10.63755358,8.27583208,5.928761242999999,8.298536544,5.708766175,8.224036112,9.299234846000001,5.93555323,6.379356809,6.066986377,7.307184427999999,6.945203962999999,6.199280129,5.363093172,7.007375679,6.605539922,9.118548002,7.505895602000001,5.893262593999999,5.17024385,5.630679413999999,9.398298573,7.3857299770000004,5.560797935,4.731213039,5.066541125,9.228349003,9.309733629,5.019317625,7.716850031,6.519214325,12.83227933,4.870987565,6.790473669,7.168289328999999,4.845528261,6.578078577,7.015386017000001,7.529372865,9.203012141,5.484610617,9.473441216,5.324563533,5.732609931,8.336984847,4.924556245,5.916140738999999,7.322960307000001,5.076560008,8.909155152,9.148088334,6.845693193,8.585230357999999,5.064816158999999,11.93149863,5.624558396,6.566565825,4.471495029,6.3211837110000015,8.073890824,4.828403741,5.788047626,9.157879863,7.1412064179999994,8.603444676,4.372123707,5.9176570889999995,8.094267894,10.06853187,5.318289878,7.783592089,6.623214377,5.072958995,6.9369175310000015,7.467304247,7.628553847,12.04691509,6.407246455,5.984853556,4.769200289,9.24079399,8.643519688,8.393519035,5.723229633,5.536520601,6.126867283999999,7.336186783,5.053818764,4.853436576,5.123748687,5.627458017,7.2356939160000024,5.439165781,4.887526853,6.009773751,7.596793203,14.02962029,5.838318323999999,5.863296922999999,6.301831883999999,6.731944745,5.17387308,4.835868541,6.183070763,6.08954038,5.93455281,5.4458257439999995,6.74320556,5.611829361,7.418318977999999,8.165669609,5.714627999,12.50580816,5.603057636,5.294750402,8.520960934,6.8092225410000005,4.950667775,6.002745362000001,4.484269885,6.237674939,5.0761826480000005,6.018643624,5.978812415,7.604349087,7.111170129,7.87325726,7.658372657999999,5.0209045969999995,4.17489039,8.439847839,7.421242446,5.354989235,7.375963262999999,6.190145287999999,11.26120273,10.7500283,8.795989335,7.997413855,5.619281189,6.487996552,9.515781328,5.43954116,5.452216445,6.154555443,5.224540115,5.395071102999999,6.787386457,7.975265396,7.413251548,6.7197630660000005,6.443936817999999,6.031281456,6.498953908,6.593576112,6.675671212,7.841119326,5.419690623999999,9.362507968,7.161481741,6.429778861,9.347164662,5.6808227229999995,6.6371404689999975,6.931560366,6.551670495,6.257415394,5.162116518,9.980327603,6.874553822999999,4.837028045,7.127014,6.4717973639999995,8.435752102,4.613670225,5.345079833,6.733900498,8.161269613,7.7485334639999985,8.492169164,7.309976377000001,6.342043971,5.103586048,4.91406744,4.652400275,11.32268758,4.812456313999999,8.670946212,7.169802344,6.265072977000001,4.6556931939999995,11.01649095,5.880747653999999,7.45823126,7.209433763,5.761698047,5.894761114,6.492072221,4.626298574,4.7687151960000005,7.484842939,5.83456608,6.90915846,5.057366238,6.690069414,8.280477355,6.32452735,8.600904819,10.62871395,9.094848205,7.233059582,9.621776987,11.02367792,6.349988569,4.797932459,6.528808996,5.386894357999999,6.662483094,6.001574205,8.714568658,6.356030538,7.433460137000001,6.5352050120000005,5.618376026,4.624338012,5.153025703,7.233646498,8.161926882000001,7.181744817,7.236297828,5.42748054,5.2267540619999995,6.482587499,4.819385476,6.534103375,6.6107444310000005,10.22120325,10.68831166,4.385573681,4.83398048,6.5008605610000005,7.0902443239999995,4.7568136889999995,4.080157915,7.65801647,7.982765316,5.776629647999999,4.419595289,5.049290114,7.001724227,6.991261278,5.513399188999999,6.277013854,6.747357121,4.9347583760000004,6.409848909,5.546247567999999,6.046290567000001,7.235040406,5.320747449,5.331262357,5.855207900000001,6.069988502999999,5.63318545,6.142360981,7.582832517999999,4.179136109,9.187360894,4.544650561,6.877137817,6.455489012,6.777285158,5.595771653,5.071100004,4.684647518999999,5.081060894,5.683690829,6.200430451,7.556824983999999,5.8800395420000005,11.32584034,5.6736500360000015,7.232424162,4.549951302,5.8264697010000015,4.4195598480000005,5.662846947,5.574215952,6.079310808,7.626620827999999,4.472888028,5.523273652,4.559197562,7.744768485,6.476417975,7.580464434,11.72005118,5.039351295,6.888086932999999,10.16318109,9.015902407999999,8.369266742999999,5.502208249,7.1180161779999995,4.270002957,4.754453235,4.8120005919999995,4.833651855,5.011228498,6.846926064,9.430013621,5.882321717000001,6.203535717,9.670787504,5.991879869,8.920904725,6.156220374,8.401487833,8.498269192,5.944929012999999,9.169280378,6.6023793410000025,5.481843021,7.051380282,5.04308136,7.082828115,6.5834618670000005,8.331862875,7.37458871,7.1469545010000015,6.183583425,4.690889258,8.01294946,8.281929478,5.095416717,4.50007232,5.671099661,5.90459141,6.3566702070000005,6.40454729,6.232235652000001,10.34111891,6.996944587000001,6.357638661,6.8146911160000005,8.420214054,11.21232426,5.038693776000001,8.520566079,6.3728554860000015,8.411834942999999,6.621232572,9.15270772,7.500624264,7.808656487,6.979945505,10.85421122,7.455185822000001,9.439064287999999,4.78873767,5.801973345,4.400920199,7.389273997999999,7.127506704,5.89929377,5.278060003,8.816160423,6.948438218,6.554532152999999,6.9585323510000014,5.030501297,11.67444482,5.226900951,5.8356833539999995,6.727651132999999,6.566038467,9.261484087000001,7.0150715429999995,4.845426455,6.136494839,5.557294203,8.663802056,5.4197096610000015,4.889084421000001,7.148251639,5.5077537439999995,5.832792535,6.235935143,9.456177027,10.01793514,6.336572469,8.07882122,7.961308886,7.445081355,7.9544903310000015,8.159837179,6.985993102,8.131133944,6.660265159,6.244805363999999,6.354548382000001,4.772672957,7.851425495,9.542031465,5.2194299719999995,6.237651082,4.947507002,8.806589153,8.059403468,6.42034102,5.795186974,4.338912288,5.415177987000001,6.782258268,9.116970081,4.966776539,7.044816497,4.986509661,9.053853596,5.895589396,5.991793907999999,6.042977658,4.481059073,6.623644989,5.514584585,5.43472652,5.2427079569999995,6.480078224,4.68838615,7.205595849,5.608079851,5.503405017,10.75443658,6.7134948539999995,4.571875889,6.1686804429999995,9.26683013,5.296298232,8.590900357999999,8.23949559,4.409564135,6.310945727999999,5.8850238820000005,5.683750087000001,5.565222979,4.628767346,4.965162523,6.207749691,4.945533675,6.598754351,7.8599599829999995,6.585936969,7.152433292,10.02104073,5.258338339,5.101417553,7.036263138,5.6321632410000015,5.435419232,5.7670152360000015,4.453184329,4.39048111,8.678369352999999,6.330902846,8.496664682999999,12.42436045,4.649332288,8.949945537,6.066196428,7.659033513,5.015230177,4.473461808,5.934610738,11.75389531,10.28287406,8.241815195,7.642977228999999,5.384706785,4.800696805,5.6934121289999995,7.146392682999999,9.27825604,7.391407282,7.8515819539999985,5.352170056,7.666940941,5.925187386,5.234207103,6.070877384,7.223431729,7.430760542000001,6.292402474,6.868660067,7.4539144020000005,6.755660764,5.650305792999999,5.784142472,8.173094669,8.350628922,9.110551561,9.700618301,8.152270137,10.34390032,9.039385084,8.721870337999999,7.722797944,7.8940285060000015,6.160600095,10.1354179,4.5927438789999995,8.397391916,6.359273815,4.599267258999999,8.852459352999999,6.464309338,11.46950154,4.410319843,6.557592333,5.867686394,6.317478799,6.191466613999999,8.264289672,8.565379549,7.477648855,4.45900713,8.209666198999999,4.39694642,8.025518111,5.0258323030000005,5.745312825,5.788978329,5.9256659,9.738111053999999,4.965269097,5.671604637000001,6.849007643999999,5.075390683,7.025691972000001,7.63823544,8.794794605,7.757427957000001,4.25756135,8.001998958,8.4673428,5.545366771,5.430048861,5.081945056,6.7635388270000005,6.607678074,8.530615762,4.75945937,8.960919192,7.357237483,5.734780957999999,6.390436782,7.730890692000001,6.6322624029999995,6.064386344,7.828095789,6.915756332000001,9.561036247999999,7.214998262000001,4.213195995,6.976694424,7.3445813829999995,5.497170497000001,5.263750407,8.618324756,5.344809791,5.206727955,8.801316992,8.018918845,7.218036427,8.070646434,9.309106153,5.688104196,5.378473604,9.970358535,9.133457669,5.615039756,4.419277211,5.152739858,5.172570169,5.226703387,7.454058527999999,7.997499737999999,8.844225514,7.031468384,6.815699045,6.77050034,10.55605107,7.393180911,4.80839369,6.285792185,7.479713844,4.602375996,11.84205461,6.137253969,9.600338706,7.588042084,9.116003033,7.550573327,8.002077486000001,9.280823095,5.988699774,5.285961267,6.4497729889999995,4.353819967,7.988503121,7.475606252,7.731964558,5.589297771,11.59139887,7.75559663,8.042798067,8.914109391,5.869647109,5.68186873,5.316514767,7.148199475,5.303254587,5.4856167760000005,6.399044879,7.81640383,7.304098346,7.279991017,6.705962726,5.593935815,4.82543522,5.175130687,5.6743351539999995,6.341053401,5.521433131,4.40135156,4.069840226,5.123659151,5.204267627,5.20970514,4.5908152069999995,5.617032772000001,7.337480802999999,5.8054454060000005,6.587648637000001,5.86296469,6.939654831,4.679658979,11.06966639,9.449557636,4.738270834,5.947991742999999,7.146481735,5.309210537,8.583365642999999,4.503651921,5.319668359,9.549887353999999,6.449545218,8.202031538,5.657760306,5.495874954,6.685027737,5.846460757000001,4.202334414,4.487399872,6.972912332000001,5.34434333,7.880836211,4.74110038,6.654581385,6.494159302000001,6.809439555,4.5645960169999995,5.434073385,9.99087645,8.493274187,5.550620285,6.986556462,6.337767303,7.243800221,5.8081631960000015,5.993970751,6.648063336,6.334177057000001,9.70534655,9.489948803999999,9.636475916,7.16746605,7.852614847999999,5.111675853,7.095071462999999,4.714591915,7.9991337520000005,7.18985853,6.204063493,7.0865880039999976,8.557742637999999,7.589957711,5.140520334,5.269688013000001,4.894119305,6.1846715360000015,9.594429017000001,9.906965092,4.819320929,5.6991621939999995,5.950962264,7.938442961,5.928869547000001,6.4666592760000015,11.01853087,5.143335378,7.861375568,6.698545633999999,5.337513133,7.008840137000001,4.590784438,5.942874463,5.843490137000001,5.227557904,5.414295813,5.247775798,8.968411338,11.36114321,5.656069402999999,4.268572173,4.737791057,9.919117421000001,8.519279739,7.774070921,6.6662155510000005,4.490582871,4.272440233999999,7.4005141939999985,7.003357882,6.984655589,4.90135603,4.7369939169999995,6.596541002,4.617412683,4.918217567,5.086070095,8.586066801,9.074621302999999,5.068056102,5.84177145,6.811170721,7.975317255,5.964880421,4.592302228,6.352354602,5.329032928999999,5.504747561,5.522474956,8.867113832000001,6.5907528110000015,6.507133235,6.800523484,5.740095977999999,7.406185446,5.093645396,6.192189162999999,8.915259625,6.5996284260000015,4.876355611,7.700291826,4.729282883,8.10374402,7.900862525,4.798501035,9.502881643,6.3558193439999995,10.15703222,5.173785501,6.023775204,5.607057919,11.81260082,5.963688445,10.15811681,12.28566716,8.039109652,6.540099796,7.459396882999999,5.855647481,10.9414198,9.400767898,4.873090383,7.955180536,7.154021544,8.530785527,9.205398519,6.654334092999999,10.61573847,6.223807817999999,4.984079877,8.658302907000001,8.845010398,5.729027632,10.39317211,5.677960556,8.266654991000001,5.333644673,6.3911105820000005,6.9803231729999995,4.787486341,6.209491732,7.024333399,4.297395205,8.223825741,4.8478685619999995,8.571677907,8.593653518,5.715301015,5.068825034,4.633442227,10.61966661,7.453457812999999,7.140656149,6.97093445,7.260208615,7.546753394,7.272213428,9.927361487999999,5.915485515,6.7759616110000005,7.504203353999999,8.20723043,5.925663064,9.430460295,7.150118544,5.622391264,5.873933438,5.40321451,7.3663816739999985,8.24385629,5.963630869,5.230764403999999,8.815169656,4.554113387,5.234507476,5.853578272000001,4.905725708,6.652484977,5.6131911279999995,6.188277808,9.156976214,7.3393757389999985,9.217475988,9.521987889,8.068837683,8.961029249,5.137709112,7.827721282000001,6.595240702000001,8.701643792999999,7.6206493029999995,5.102454096000001,5.0503787319999995,7.352468977000001,7.31970796,4.497392296,6.380310828,6.968521363,8.342265422999999,5.849118722,5.111583486000001,6.047354365,7.142549653,8.056061785,7.985226346,7.561413009,7.932026229,6.841105353,5.739648572,6.579444341,7.790669164,10.05402075,6.708194617999999,6.707666897,12.88259284,8.896337691,6.735430067999999,8.506715011,11.38016106,10.85026511,4.186892799,4.195903265,5.425789765,6.865439907000001,8.460337557999999,10.02361073,6.972882956,7.600602477000001,7.956536483,5.430982928,4.7224355330000005,6.928363347,8.317453059,9.06905508,5.582457467999999,10.01035868,4.641124507,9.073730449,5.4000748970000005,5.108163072,5.191104289,6.490859531,4.535067358,4.799468658,5.21565277,7.705228121,8.008287232999999,4.631161186,9.352892368,6.767848834,6.751112943,9.467770991,6.6638833360000005,9.887227118,7.363871649,7.921348718,5.673398584,6.030125415,5.083153067,4.752281541,6.710226847,7.77326678,6.7878233020000005,4.937375753,7.959933958,7.2330774920000005,5.349483276,8.15944446,7.091445208,7.465665962,5.987053347000001,5.531227146,4.2803389,5.359874728,10.17560536,6.996796101,5.140682067,11.67054024,5.192275205,10.67891964,5.755719002,6.03052479,5.841208961,5.515385834,4.937422083,4.557994358,5.7312843739999995,5.351612752,4.823666762,5.26137527,6.09215335,4.814450005,6.934794887000001,5.302211618,7.262720718,12.18502645,5.57421987,4.757414936,5.674151859,6.046091121,4.945843374,6.954759475,9.42195583,6.801302777,5.905508697,10.20299823,5.71461562,4.927400405,4.247782337,5.611887126,4.993266098,7.940609151,7.586354696,5.302187857,7.720296323999999,5.9629088889999995,7.055667947000001,5.73662554,5.823461484,4.508680524,7.6951148510000005,8.669527214,10.2959632,5.044319557,4.721300907,7.213716954,5.179530234,11.03814307,5.883863419,8.87248415,6.495107656,6.195447511,5.738216027000001,8.310776005,8.599328468,6.200535062999999,6.258201307,6.950618443,5.741130724,7.76896529,5.717839239,4.5890915130000005,4.980905508999999,5.388798692000001,6.997118209,8.57921821,6.177082048,5.8620252729999995,5.873503082999999,5.24034217,7.008972907,6.192498165,4.577677017,4.252943801,4.1138991030000005,6.8320880000000015,8.703577382,4.874037112,6.760239058,6.533225848,5.6932358039999995,6.253744844,7.03706323,10.25983853,4.882737654,10.62084132,4.9517642969999995,6.021071915,4.826649762,11.28103155,4.41299449,7.685116308,5.15850098,5.825605362,5.430279998,8.698009196000001,5.75298744,8.242090961,7.972641287999999,4.470670375,5.340622309,8.590171955,7.133089469,7.318046402999999,4.488409834,6.785787826,5.779555611,9.195815831,7.154597721,8.098717158,6.654294362000001,7.495057774,4.80063513,8.972442735,5.260232998,5.310305444,7.364486787000001,8.395928992,5.067530411,9.175536486,10.90544646,7.083427358,6.667242398,4.905443562,11.11049275,4.652071871,9.124758647,4.71347533,6.194040526,5.243137512,5.031570643999999,4.876542082,6.322978377,8.373949073,11.59104828,6.632254382999999,4.884810507,8.023811734,8.207719212999999,5.792850527000001,4.455685926,8.112423698999999,7.711585931,8.931185117,6.373120472,5.2871060739999995,6.213943133,7.759552346,6.98281629,6.706640724,4.683255309,5.128560772,5.078741088,5.6765125339999996,6.509895185,7.126634075,7.837170634,6.927865216,5.221287127,6.960422137999999,7.612230017999999,5.543466821,5.626577758,8.871929026,4.795344986,6.6465029929999995,4.87434213,8.977907373999999,5.323429774,4.813148579,4.838174853,5.716323963,5.787499285,9.465791579,5.750666549,5.476872079,5.713769494,4.514437268,9.535887726,8.501953054,5.822959902000001,6.381529966,5.6072266420000005,6.789601998999999,5.8235111129999995,6.97422336,4.503711287,9.835429015,6.5616020760000024,7.832889845,4.2332485160000015,5.119632889,8.332854437,5.237814602,8.596736191,10.32646464,6.1380533370000006,10.38611246,7.532449217000001,4.957474314,6.559659318,6.601814528999999,4.279522167,4.848721739,7.304982884,5.038858142,5.335553956,5.093190122,5.042560684,5.608959337999999,6.2502972560000005,5.8382605629999995,6.859424926,6.074844286,4.534396895,6.357432686,7.664864323,4.73496446,7.191280326,5.661895839,5.558178476,5.545522365,4.667801517,8.02056185,9.145895032,5.371838755,5.081590361,5.126803048,7.157576884,7.009551339,11.14001777,7.892393179,4.140638471,5.440010028,8.157671673,5.308428534,4.311006707,4.727372046,6.716577111,5.160912776,4.27679354,7.928609363,6.1627449,10.81221292,6.486687099,6.068056843,6.254765592999999,5.94569125,7.258381999,6.70292213,5.477756756000002,5.499413515,5.649588,7.249431183,6.63796155,4.892994463,6.221081785,4.965516401,7.6045200920000005,4.718475051,8.339432943,7.1871287420000005,10.36844015,4.663687144,4.407191302,7.056908046,5.5073538960000015,6.031460017000001,4.805583382,10.05797048,6.9008613510000005,10.05910821,7.574598677999999,4.815793153,5.301472562,6.68201473,7.692046697,6.752206158,8.972293605,6.3126495039999995,6.349942712000001,6.0750923839999995,6.966118117000001,7.415323586,7.024747071,4.285155968,6.760142758,4.821927641,4.785199312,5.8342189410000005,7.364182135,5.253810328,4.396997726,7.296336416,5.976381085,5.495276401,6.054973671,5.290796108,5.08693913,7.603922464,4.3784606539999995,5.051759766,4.831896789,9.692998307,6.768773907000001,9.508883331,4.521718374,7.347211202,5.326506708,10.01020368,6.823421727,6.231044279,4.859600391,7.628803549,4.947387968999999,11.45027121,9.148471215,5.971752385,6.5824630410000005,9.648083657,9.861365311,7.693188782999999,6.530833951,7.711625109,5.714374072999999,10.71827971,5.712912604,6.111353546,6.540014322999999,8.098792661000001,8.498264133,5.838782386,8.104023067,9.342506803,10.22074953,4.512715407,5.175920681,5.500514335,4.807062952,8.399995563,4.811367662,9.834121631,8.325662407000001,5.604840514,5.278295156,5.483234293,5.675970883,4.332405501,5.860878832999999,7.844459756,9.000816807,7.049829536,4.990829651,5.809024854,11.48355736,12.35401926,6.222020729,5.078889428,6.2321421070000005,5.304596125,4.2921990889999995,8.024736401,7.169402265,10.38474224,8.514897955,6.287830682,7.741506375,7.109640095,5.437212227000001,4.8253376789999995,4.851641613,5.216800692,6.5891304129999995,6.864094562000001,6.041782744,5.882052375,5.812045366,5.5527202739999995,6.650373871,7.470223797,7.608076466,5.700181477999999,4.3990275919999995,7.936355835,4.275451973,5.165213631,5.688491459,5.681661752999999,6.385702035,6.531408421,5.512922275,8.954396877,4.941941474,5.365509239,5.909331356,4.817531218,6.858964384,4.801862073,10.42399767,9.842162624,5.627400777,5.577043447,5.312259499,5.564459314,7.470536748,8.420973423,4.43900202,4.515231899,7.1403222379999995,8.589988553,5.4375686089999995,6.372567413,8.634132506,7.601223363,4.773986976000001,5.6178517060000015,7.120718373,6.149979276,9.955179196,8.53805366,4.609920273,10.08646783,5.193069979,4.588730792,5.147286684,6.198822389,8.675167529,5.17229103,6.873159516,7.813429687,6.857944292000001,4.848598602,6.315250355,5.125391497,7.631319069,5.36570816,7.222083948,4.928690587,10.82668645,9.820610176,5.219223686,7.29752634,5.155191542,5.101041498,11.38191037,6.235892699,6.496898165,10.19181263,9.382263402000001,6.32172572,6.082549617000001,7.438267907999999,5.015892739,7.284459742999999,8.892904042,4.211289064,7.633417944,6.342581778,7.654326202000001,6.689176201,5.84468593,6.578128714,8.271265306,6.212092875,8.421615601000001,6.704475612,5.860053937000001,6.561846787,4.972138313,8.604386265,5.844510093999999,9.009004666000001,5.178707986,5.973607071,4.975535109,5.199770684,5.023458651,4.834247421000001,4.891177633,5.211937287,6.517828827000001,5.26293959,5.031573542,5.610948098,5.868620394,7.252327216,7.403621621,7.238603104,6.461756502,5.810767909,12.35276978,5.541408504,6.3151550489999995,7.880332049,5.539360137,4.202739674,7.490742278,5.418804495,8.900451896,5.191263496,5.176126593999999,4.440214975,7.426499954,5.835226627000001,6.596074354,7.158037525,5.784657009,5.59810468,12.76021273,6.804429207,4.2592464460000015,12.39878294,7.585810342,5.7252742539999995,4.470577629,5.652147126,6.197222312999999,8.647697435,6.0737942,4.9110382260000005,4.5980900689999995,7.671799339,5.687957872,7.7308845370000006,6.74978863,8.006336713,6.149099541,7.359855382999999,5.455484014,4.87814304,5.938572289,5.743834044,4.834769106,4.557775423,4.680579175,9.466082992,8.209556335,10.00564449,6.370786819,5.830102612,5.653628932,6.847887657999999,7.697493763,4.881147619,5.837840278,5.576284575,5.868408596,4.826802302,7.933755199,13.05510314,4.278280672,5.369699128,7.0904988410000005,4.275852642,8.029749146,9.35610749,10.079569699999999,11.45646043,7.271362661,7.370130876,8.277469422000001,7.266049093999999,5.32130751,6.056291794,7.24792798,4.923133366,6.628814042,6.1657842610000015,9.629544141,7.086143927,5.010085012,5.586225555,4.88632824,5.709199571,4.422834368999999,5.795759549,8.213208682000001,8.294670227000001,5.571625386,5.6521837029999995,8.916332622999999,10.35584199,11.125259300000002,6.390296383,5.8114102370000005,5.88460234,7.238646072000001,9.465921572000001,7.34722503,7.668714232,7.128726914,5.0640574019999995,7.688814953,5.277136076000001,4.619413641,5.621694767,5.307178223,5.1404617969999995,6.576974882000001,8.565427297000001,5.256683442,4.0826850630000004,5.38090456,4.438996714,4.5969684719999995,6.405913684,4.939438255,4.979449106000001,4.535800171,6.843735307999999,5.441062313,8.308413974,5.8186167860000015,7.518170329,5.968909244,6.169793219,5.855428193,9.499262603,6.863795426,4.631623964,8.131341217000001,4.543148683,6.600211423999999,7.940435898,5.775556532,7.683529092000001,8.394134635,7.927514029,8.179972781,8.252602484,4.949076819,5.381786311,4.4054862,8.404972416,10.65424759,6.032857118,7.793597411,7.096681707,7.198454586,5.9265166979999995,4.858502952,6.7988088289999995,4.853091723,5.055310307,6.2023289429999995,6.6449502910000025,6.143696992000001,5.746118878,5.697682746,4.9143639839999995,7.6743544739999985,4.683900817,7.151313805,6.4285475660000015,8.57354933,5.305415473,7.666779149,7.645395255,5.3293203060000005,5.050000743,10.0070238,5.811253557000001,5.39905649,8.469443028999999,4.323826736,6.168958797999999,7.99515265,5.788081802000001,6.086926442999999,7.315467331,8.766183448,6.374714177,7.38735023,4.987772403,4.245595263,5.054827811,4.759431271,9.782397203,5.314878556,6.257479752999999,5.98644646,5.024519273,8.211301548,7.37038097,5.5842546220000004,5.477215084,4.983673433,5.625431721,9.191475785,6.973511866,9.320379373,6.185119498,6.4070175260000015,7.736794887,5.521666217000001,6.14265812,4.912750681,12.87599743,6.124280385,4.3657508310000015,6.954423695,5.335084075,7.160117249,6.743471832999999,7.623071702000001,4.766359205,9.315124804,5.866954666,10.04481733,4.403326458,5.521424777000001,5.165366562,4.955054217,5.010975727,6.7798810739999995,6.3923917260000005,7.658391802000001,11.538755,5.803622219,6.773826484,5.697444031,4.928899152,7.419501222999999,5.41863183,5.944988717999999,5.65174313,7.762742458,6.149573837999999,5.124597249,4.584760145,4.911744961,8.433100021,5.4188866639999995,5.110328629,6.018308311,4.816406419,4.847874492,5.088904298,6.565916818,8.41548011,8.456004228,4.842011724,6.944010124,6.234963235,8.604137573,7.524863048999999,6.283564048,6.284855061,6.3581648479999995,5.207788876,6.325751341,5.8544084629999995,5.081878951,8.99295251,6.2536003220000005,4.344864329,7.730312822999999,7.352574122,4.532647492,6.156972885,7.543682578999999,7.789972931,10.66208289,4.8523660710000005,4.712408478,7.584432427,7.995651153,7.345436302,4.796851636,7.928450939,5.677195959,6.802804748,5.724543411,6.084690129,4.984439514,6.9800262910000015,6.7102230579999995,5.6365190620000005,7.8651558060000015,8.085540952999999,6.025241049,9.798498666,6.34890528,4.870817016,7.362216011,7.7347171,7.518898106,4.642666965,8.067501349,4.330973335,8.98540391,5.891958058999999,7.702395049,7.033504656,7.200616274,4.2692458910000015,6.5417837410000015,7.2424325970000005,6.5839342510000005,4.667454029,4.1742223869999995,5.999786114,9.552568522,5.069357025,6.460936165,7.784144078,5.64260659,6.0284018060000015,7.771164757,5.281442949,5.622487099,6.4775839170000005,5.42652021,8.65060331,10.31984221,7.518429717999999,4.192223376,5.405079023,7.886115697,5.9155244960000015,9.597075588,6.797433361,4.571960206,5.376108602,6.343462242999999,5.169848198,4.585138801,5.954461692000001,4.468619562,7.039031886,5.059485491,5.306888557,6.530313437999999,8.970179099,8.40128126,6.941573633,7.18563397,4.6662562439999995,5.307407773,6.922085605,5.539523419,5.678584312000001,9.190532314,4.923942923999999,6.28655911,8.360531457999999,5.49817788,7.601112818,4.633401208,8.180211106,8.242063225,7.559007382000001,10.02631712,4.8239853319999995,11.33634973,4.450757277,7.184730603999999,6.99373388,4.679198101,4.501435431,10.53835797,7.265492068999999,6.593941015,6.3313409279999995,7.22608955,4.936646214,7.0047182810000015,8.882186738,7.8934109810000015,8.017301045,5.141659801,5.897616827,7.913486685,8.190354427,4.488443072,5.205242128,5.396280399,5.287651477,4.836460961,5.648314506,6.8968971660000005,4.607267712,8.00079713,4.779591492,4.904712153999999,7.964692886,8.161402246,6.595518124,5.565924232,7.757681132,7.152648869,4.800244351,7.59824377,8.04463157,7.329484575,7.4236680339999985,4.683754223999999,4.718589892,8.452718091,7.644813721,5.936192514,8.701875255,9.283387527999999,4.930191703999999,8.714245834,5.329192239,5.070290544,7.395709844,6.641953689,6.782357779,6.449977256,4.806631843,5.131607726,6.57473457,5.112893315,9.337176964,4.38490655,5.092693882,10.36079501,7.117967899,7.3488042,7.635913648,5.795569479,8.193731534,4.147231913,8.469623848,7.0229672039999995,5.1389728880000005,6.0147054760000005,4.951420359,6.2675931579999995,5.696047502000001,6.020162685,5.699590762000001,6.529281532000001,5.895880644,6.522037856,4.4427456780000005,8.34563347,5.116780556,7.401170549,4.336038745,7.174277035,8.896475251,8.005752569,7.893253425,8.954704223,5.6775230310000016,7.656457487000001,4.492467714,8.237502476,6.134863289,9.728680949,11.48644165,6.134233313999999,7.3621297110000015,5.410768462,7.617290661,4.302193157,8.693381453999999,6.074549635,8.198138703,6.799051812,7.734161665,4.832197468,6.32543462,6.005859244,4.398422353,6.133934603999999,5.240999013,5.033590611,5.690621095,13.21519503,6.636512139,6.474432928,10.16680595,7.810163524,6.143929368999999,8.299873426,8.040707043,8.255200519,9.353140243,8.927150166,7.058539013,7.047682204,5.205493788,5.5682692660000015,6.460864554,8.264836079,4.288779562,6.107659462000001,11.48764651,5.390830547999999,8.408040405,5.832637895,5.540725651,5.240529895,6.874343634,6.322936014,9.420483377,9.485606133,7.841871135,7.297705203,6.50380241,4.28136699,5.430531403,7.6011847470000005,8.448449787000001,5.553807837000001,4.486248524,6.587320581,5.575636821,7.285205811,7.465486012,5.211896324,6.242011682,6.35443021,6.1289234839999995,5.491547862999999,7.342542777999999,6.371680875,5.966730962000001,4.770058592,7.152138937999999,5.422649312000001,5.1757379839999995,4.19535706,4.804373988,8.571980762,6.621381307999999,8.517078198,5.910716633,7.6113028310000015,5.7223830389999994,7.893967779,5.995898897000001,7.084932134,5.810774747999999,5.218355911000001,6.3601408410000015,7.75778555,5.932526967,8.719652252000001,4.450349227,6.209337256,4.416661284,5.71741423,7.640525692000001,11.69144448,4.741305551,8.506718457,11.84503583,6.8393669379999995,6.219102542999999,7.119473361,7.035659764,7.004844301,6.078677806,6.698111063,8.330097076,6.3266592379999995,5.847321872,8.920093853,6.497406655,5.784921174,5.325248325,7.015486192999999,4.600195398,7.752756064,12.30377488,5.2564592910000005,6.688457372999999,5.898365605,7.893858312000001,6.299768877999999,6.900171877000001,5.690494581,8.833992531,5.007070488,6.092589244,7.319127707000001,5.694647454,6.715125147999999,6.865285199,4.825225678,8.133291946,7.2264088179999995,5.653849927,5.1934420160000005,5.24112367,5.191392,6.6625348970000005,4.668452234,5.499004612,6.864835848999999,6.703293658,6.575767615,10.16497967,5.435517582,4.736889706,5.692774534,6.650815691,6.2689737,8.366943793999999,6.842782091,6.093950456,7.326577202999999,7.587387647000001,6.035303884,7.03743974,8.233534762,4.929969021000001,5.815729784,8.089148518,9.083728987999999,4.1138491460000015,5.7627681289999995,5.247282166000001,6.063512652000001,6.458983722999999,6.756001165,4.536724746,9.571385101,5.752374457,5.9589224839999995,8.205160591,6.382084084,7.197837034,6.308477826,8.78656277,8.136140703999999,7.22704546,8.615329722,6.005084779,7.428361207999999,7.213394619,8.087155274,5.900203457999999,7.799691507,11.66666354,7.365168177999999,4.76936833,10.15358217,7.063338077999999,8.081797212,6.906332065,7.047562135,6.28002381,5.147766644,5.484111381,5.65396883,7.745063036,7.342799648,5.9723376770000005,6.885963843,4.665853313,5.0109085669999995,10.10485917,5.1298824739999995,8.904445849,5.3188425960000005,4.404855803999999,11.18103516,5.217128536000001,10.32676981,5.348217072,6.59021405,6.230802075,9.633212854,5.721713144,8.091207426,9.10953854,6.460757822000001,7.289850922,7.453560112999999,7.5038059729999995,6.776102196,6.019892845,6.162266186,4.4890272000000015,6.926629985,6.03029751,9.142829082,5.43258978,9.602174247,7.69847601,7.965507016,7.159339827999999,5.993937186,8.089516925,8.627100402,7.4233527289999985,8.09860849,8.707538287,5.363525321,7.752427467,5.02621269,6.257825344,8.035348707,9.513199108,8.186701669,4.433710243999999,5.620776547999999,8.316650183,7.77303898,5.463007336,7.344189419,7.926615512000001,10.0754038,7.283537442999999,5.470395902000001,6.032278985,5.888442341,8.004729328,8.392281495,8.593489672999999,8.216847739,6.05579883,7.595710866,6.064408504,10.5772583,6.687164787,6.8219786870000005,8.126296349,6.075140721,7.469309053,5.49352102,4.221410695,9.994911404,6.779465184,6.5305765,7.575736846,5.296437269,6.793282972,5.41690303,6.429978221,7.18274498,5.4500639920000005,5.7773296610000004,5.235925451,6.463125558,8.044009997,9.750831665,3.813668525,5.327194585,5.677607148,5.80295889,7.957001859,4.774286378999999,5.4176195310000015,4.3989192919999995,7.778565703,5.285286816,5.115507438,6.724929241,8.940066879,4.688644738,7.499636897999999,8.209415577,9.721185902,7.346088615,4.963900962,4.729272601,8.753383232000001,9.064467547000001,8.672297665,10.43141862,9.787400051,6.312865771,4.531141262,4.817968844,6.839937736,7.513470055,5.60518454,7.866808363,7.409916731,7.886421745,8.955224539,5.76346925,6.355621263,5.003200316,7.2236140120000005,4.782486976,6.2495644860000015,4.8486409010000004,4.774844794,6.9150158489999995,6.2033253560000015,6.402384574,5.501861623,7.437465426,8.759435643,6.04335492,5.746477499,5.499408868,5.799347125,10.31266984,9.13979267,8.18821052,8.436744212,6.83506759,6.9717947239999996,7.560502358,5.99506491,6.847714548,7.083516286,5.459077159,4.729058641,5.939721603,7.215446384,6.584527552999999,4.356994459,5.7626992910000014,6.935082446,5.181558036,8.310216543,5.508183667999999,5.8691007520000005,5.003966134,7.363536346,5.343355765,4.658136302,5.161605051,5.595191802,7.9473019,5.265506307,4.601905567,8.190828783999999,4.877626537,8.875576397,10.52609055,5.184767863,6.907940505,11.64608635,6.561937403,6.152277638999999,4.85318027,5.124996586,6.295701276,6.841436067999999,4.628303282,8.490143993,7.136495048,7.41859968,7.461105762000001,5.652620422999999,5.787895391,5.26722979,5.933354487999999,5.2419101139999995,7.063351535,6.364804797000001,6.314391317,11.77763182,4.96730631,4.657118700000002,7.654941459,5.5976801960000016,5.163443879,7.092090568,6.501921224,8.762242937,6.040906531,6.148298317,5.022076135,6.486405897000001,4.837954374,4.747680992,5.94576049,8.723648962,5.362681499,7.245327728999999,4.896304487,4.8379760460000005,5.673755063,4.8143722780000004,6.3137430660000025,5.4014908870000005,4.671976857,7.445772688,5.562936702999999,6.4548756360000015,11.97958911,5.125806347,8.791130653,6.9454689929999995,10.41241936,4.567506245,5.979013052999999,7.627129196,5.661762837,4.091060499,7.650081809,4.403617362,7.259935033,5.658276663,5.95378337,5.486300489,11.7157117,9.660190077000001,8.26458148,4.814227064,5.066078824,4.695779097,7.621553221,7.332826594,5.244256871,5.808171912000001,5.472628328,5.55935224,7.065792626,7.277646752000001,7.910727972999999,7.799284366,5.868750981,4.533591041,4.972952801,7.1970055529999994,10.98580626,4.858129371,10.85395359,6.062675536,8.663069079,9.584510104,4.902074686000001,4.456365186,5.814802365,10.8241601,6.876624085,7.188207679,9.382954968,6.612529229,10.06041324,8.736623981000001,7.081773909,4.615108329,5.995807523,5.883411578,5.381985082999999,6.474756826,7.677903896,7.665033519,8.065169476,4.759017781,6.095671727,7.656070817000001,7.493033617,6.335237327000001,4.545925874,5.686782148,8.643203192,4.9845795310000005,6.811395724,6.5397068439999995,7.226026192000001,6.220683206,7.851845742,7.052497671,4.484326248,7.3682477870000005,6.187343987999999,6.309843666,7.58426668,4.861834428,8.492099995,6.088702645,7.388763235,6.084548912000001,6.123415672,9.372983955,5.43351962,8.123205061,11.02594967,11.39404578,5.6874612010000005,8.41435956,4.620039026000001,10.23183988,5.479793428,6.997814099,5.779665499,5.7198054339999995,5.98121755,7.7109069020000005,11.26316763,6.413175829,5.64978486,4.620610299,7.52267597,9.490254764,7.936595588999999,6.521325813,6.568856212000001,4.978258853,7.895731396,5.5931899210000005,7.174714974,5.7967458610000016,6.665669554,6.195678035,8.857582969,10.42372451,6.191813123999999,4.890693303,4.0
20,11.50149206,6.442371492,10.06803335,6.963142909,6.355185272000001,4.505605357,8.708670106,5.215859324,4.516068508,6.00094258,4.570771944,10.72197403,5.686403123,11.15289902,6.80146911,7.280425217,9.264126575,6.315970509,4.7461321960000005,8.968372459,4.4031022580000005,7.055727082000001,8.201784479,8.276174758,6.6878140010000005,5.099945352,6.4025454029999995,6.8619766910000015,5.327775238,5.086924109,9.169905676,6.332520677000001,7.255834097,5.15407988,7.7251166960000015,7.1945858560000016,6.3680700660000005,4.852083966,6.030109086,5.0859527060000005,9.090945526,6.182953304,6.46408533,7.3724780339999985,7.443572777999999,7.562455722,5.632205614,9.458288917,6.107286892,7.180064599,4.70077951,6.180118491,6.342723522000001,9.207647722,4.3220868260000005,5.5820590060000015,4.638904575,9.564482411,4.479225634,5.486773769,6.080817861,5.36516649,8.492506169,6.912919058,6.338581211,8.250269444,6.463140937,7.087047044,7.3940686960000015,7.831392153999999,6.335388312999999,13.5181696,8.005862952000001,4.417853148,6.8746792889999995,4.738113684,5.035287448,6.635549515,4.650025679,6.81094212,7.3732038310000005,6.413856415,8.638084422,9.042507137000001,5.273553656,5.664064442999999,7.488676497999999,4.9273997419999995,5.407971438,8.560319865,5.330746971,6.998517367000001,5.24807257,8.531623349,7.795500189,6.114101886,10.23013373,4.389235505,4.317163208,7.0484042879999995,5.454337732000001,6.0064216020000005,6.4053457210000015,8.564987106,7.452004938,9.153700446,9.57436994,4.767665404,5.0284764000000015,7.1580560470000005,4.9751590939999994,5.126707822,4.796996409,6.735165042999999,5.935333825,9.052949647,4.32670593,5.290257243,5.880046843,6.875871997000001,10.854647199999999,8.629766072,5.741546848,8.742215148,7.780149285,5.2821427739999995,4.973961296000001,5.456137135,4.676784881000001,7.379573947999999,5.443773075,10.96838826,6.546830569,6.58209914,5.835749924,8.040748607000001,6.532607877,4.731770722,6.287236872,5.3135597510000006,4.372232695,4.589372707,9.914731286,9.148258279,5.644284422999999,6.348863904,4.936908325,6.065469641,10.26790921,4.728262443,6.9791131360000005,4.731528248,7.200273342999999,5.525224796,8.73827955,6.63257591,5.736863747999999,6.193571929,7.708140667,5.346744183999999,9.101556646,4.770013274,6.886826602,6.292550022,6.777024409,4.7640755619999995,8.893178767,6.802069413,8.907980371,4.965191657,4.35156473,5.958083646,7.25387529,9.170295199,8.207702661,8.34902625,8.033019292999999,9.792479002,7.6076755060000005,4.580852244,5.576925352999999,4.432778325,5.21360975,4.557041882,4.396621081,9.955099639,9.25701749,7.689693802000001,7.15825626,6.037861945,5.155064684,6.463150015,7.0963414160000005,7.4351252510000005,6.205401942000001,6.486973405,7.81797012,8.750490682,6.242774596,5.575816372999999,8.151872376,8.859764105,7.5742523760000005,9.452456485,6.214428539,6.935434267000001,5.637472746,8.262827551,4.736596797,5.449053957,5.088603815,9.873359407,5.9408638210000015,5.816516943,6.2151221670000005,9.254887091,6.333001498,5.873113525,6.279914262,5.8423294110000015,7.321422592999999,8.551113701,6.497064924,6.941721338,4.502733147,11.15365941,5.6392328,7.131342328,5.480434799999999,5.870379436,6.156483795,10.03350703,5.0859636969999995,5.353907635,11.35395009,5.3847811839999995,6.161352357999999,4.850398866,5.281831766,7.98134041,5.848019184,4.254925335,8.836448303,7.383963457,5.531576804,6.8135084610000005,5.430313792000001,4.652612597,6.2297097820000005,4.926018202,5.735378008,4.925996222,6.71879443,4.73094431,9.879670747,7.67250849,10.36222301,5.799352482000001,6.3073298829999995,9.14176897,5.646238632,6.867631255,5.066943491,5.269260018,4.656442299999998,7.515971531,5.3691125689999994,6.873610404,6.212164821,6.918278269,7.1180385510000015,4.668945893,7.053280387999999,6.95825291,7.809522096,6.511460258,8.429819001,7.0283960999999975,4.482832818,8.180887468,11.56632956,8.401735942,8.617592396000001,7.52255705,4.381808875,7.4321755629999995,5.779905319,4.91761119,5.50538799,5.851914086,6.664978773,6.666931131,9.28747002,10.63615461,4.965512438999999,7.38189164,6.971159806,5.0145074119999995,6.285051645,8.891757899,5.930476106,5.6066843429999995,9.721787048,5.862713192,7.796469302999999,6.919588462999999,7.455708127,4.7159481219999995,6.921718477000001,4.920637311,4.43064762,5.77188515,6.41641135,6.7577459410000005,4.677197275,7.604141019,7.015955397000001,9.768861845,6.822428426,7.3812923779999995,6.175912899,5.272539419,5.972877177999999,4.628634701,7.85747222,4.677607076,6.731795485,10.385073,8.393103538,5.046282286,6.899490806,5.764388783999999,4.830382449,6.131059483,11.62638356,6.986157612,6.201104777,7.840455771,8.595916075,8.1596453,4.320360882,7.539984349,7.735142194,5.405552861,6.64350281,7.077242565,4.702353014,7.499452923,5.5716171160000005,8.167678421,5.09188012,6.280016149,4.673708582,6.040137232999999,7.7412463670000005,7.398333918,8.760252202,5.736360539,7.722674279,8.952642838,5.054043426000001,10.27555551,8.508830226,4.594475587,4.959274703999999,5.419809435,8.130212756,5.424384506,8.207199825,5.159400717,6.0044885279999995,4.9844395630000005,6.602749149,5.725360734,5.392266001,9.639912936,8.518327482,6.034278314,8.479845527,8.505095942,7.3506679,5.654903653,6.3100328889999995,4.517108428999999,4.862970081,8.765548638,6.239062075,7.874146979,5.206580257,7.698496987,5.923440667,6.262111708,8.554487137999999,8.978221469,6.516017941,6.992607146,8.038289322999999,6.511164832,6.820190116,6.199315937000001,5.264528017,9.226419169,6.873461868,5.724435119,6.196317231,6.1732865110000015,4.685959639,6.89612314,5.5803443470000005,8.029406892999999,10.82099309,4.26431945,7.753742904,4.842169406,5.886866531,5.529670061,6.314380907,5.518627996,5.337513745,8.730809927000001,6.606106575,4.66008699,5.664551311,10.439303500000001,6.021911433,7.941893792,6.420154256,5.092464181,8.090246118,5.415750967,10.39802045,7.6181913,4.316782454,5.7515813179999995,11.63373314,8.098534772,6.424526056,7.0022076160000015,6.2180518739999995,8.946694328,5.549040442000001,4.785903966,6.468842968,5.647339016,8.773264314,6.089321832,5.1168363889999995,7.991553841,7.494752684,5.121722231000001,4.81519485,6.52027907,5.118722662,5.994238788,4.630387717,4.911844295,7.759447618999999,6.876955646,4.917988200000001,7.200370982999999,8.15957021,7.996568055,5.034626225,8.847838932,6.4970241060000005,5.37073751,6.402874167999999,5.052630738,7.390427669,5.598747313,8.114011657,5.511852782,4.897979253,5.507905119,4.536293378,4.875413443,4.290743096,6.461321272999999,6.715975808,7.2153369760000015,5.755598452999999,7.47280029,11.02730793,5.443701507999999,4.6127299289999995,6.861131134,7.583613467999999,4.652456265,6.9293406210000015,4.732947578,6.958004777,8.29403347,4.90748459,7.481996745,9.091452775,8.204906614,5.741285284,8.802906869,6.428653317,8.368052882999999,8.492165179,5.248801922,5.863990518,5.639136412,5.862467633,4.882989067,7.114008457000001,8.082603092000001,4.690814377,7.285857315,7.320758047000001,5.4627725929999995,5.00460421,6.180513027999999,6.954288654,6.06538784,8.113059577000001,7.730653266,7.4893468410000015,5.74437226,5.208793355,7.245645597,9.412565927000001,6.130252785,6.471244032,8.316313206,5.687845633999999,6.9516435770000005,6.159203784,5.51544592,5.319563626,8.432106688,7.07083247,7.640022632999999,6.784477229,6.128621085,6.728392949,8.112246432000001,5.449545027,6.7326107639999995,4.926277385,7.443092495,7.377849677,8.045419546,5.769309223,9.266944661,6.4884140860000015,5.212826134,6.035814003,7.7146268870000005,7.195582722,6.680828914,8.43331268,6.8359341910000015,6.872657203999999,6.185372178,6.020043544,7.048924332,6.439546226,8.900956033,6.317324022999999,10.20504472,5.381582572999999,5.393992398,5.566302514,10.06964081,7.507132493999999,6.301476125,6.616266115,4.572022598,7.782885019,6.138979802000001,5.85502014,5.240553382,5.706342867999999,7.973275611,9.259936745,9.216038679,6.867657446,8.311252084,6.868651367000001,7.3593069710000005,7.3534335870000005,6.916516764,7.78015881,5.786803711,7.798265936,8.533321373,9.021019512,8.617996527999999,6.5855388989999994,4.661497348,4.601253648999999,5.132001679,7.545107729,9.352492796,7.670480082999999,6.036228106,6.857401229,6.393015501,7.4082506760000015,9.379424159,12.32992484,4.823402232,12.81585995,4.925324033,5.7320245089999995,5.561082711,4.526467321,6.296002155,8.241074441,4.423739797,4.341388545,6.784552929,9.769910333,7.593538708,7.525699899,8.787406464,8.983043647999999,5.6552837270000005,5.775140801,7.03544428,6.814657762,7.953558554,6.071206987,7.544465934,6.108396282999999,4.477864555,6.101232988,5.757462478,5.6018965010000015,8.145411332,7.8692976660000005,5.454809909,6.5911395729999995,5.542561347,4.607433326000001,4.697766051,5.043430254,4.36194964,4.786052767,4.716666741,4.810935013,4.916650177,8.926447154,8.624608300000002,5.061354205,6.11046741,5.687936016,4.832727126,4.7068470719999995,5.574318664,7.518359977999999,6.902908213,9.783735115,5.363832816,5.97688963,5.141545503,4.705465579,5.267913254,6.723613137999999,6.564454745,4.962264526,7.937933528999999,5.494424146,9.441531392,5.171516071,6.368912965,4.768977945,4.592269858,5.377686762000001,4.728898031,6.766877631,5.039417578,7.680947374,9.382871158,4.364108596,4.985862256,6.101112595,6.211260066,7.443231093,5.407194324,8.624577894,6.858240706,10.13089679,7.502348725,8.343720004,8.96259621,8.097994906,8.44714149,6.617412926,7.892730356,6.7924410810000015,7.215989645,5.965638642,4.562670778999999,6.515265858999999,7.490217031,4.890064016,5.50307157,5.418014192,5.9805856,4.739157045,5.11431957,7.890329705,8.855776118,7.694793318999999,6.633601893,6.8340253529999995,6.174919383,4.739932348,5.714116882999999,4.865162686000001,4.76342044,8.842475775,4.365342534,4.795490706,9.498292937,7.0478048960000015,6.10117245,4.403795579,6.893625925,4.4118517289999994,6.812062731,5.24057934,7.280950301,7.279883672,8.655320846,6.575390835,5.2931145939999995,4.655549527,7.637765495,7.313104768,6.995355601,4.9202716419999994,7.775431281,7.486675139,8.948615102,7.476625594,6.359928742,8.479946768,5.641710955,5.382061124,5.605229659,5.4266708679999995,9.268021422,9.233436613,6.296072915,4.665310839,4.769654473,7.741264094,7.295070475,8.694152005,4.703188514,4.73137228,8.302395982,9.589908413,5.02483017,7.8751290260000015,9.554254401,7.996915411,5.073759293999999,4.996063821,6.028797129,6.718370799,6.520389487,4.804730512,7.009454946,5.69158257,7.614257169,9.43343236,6.2694017460000016,5.685989747000001,5.189859342,4.318528115,6.205628982,6.864317047,4.977732468999999,6.801875676,6.379296404,7.465328396,10.68098878,10.20422249,11.03713673,8.575320878,7.2375769389999975,11.12521411,9.452257348,8.447606115,7.068338011,5.531425389,6.29291329,8.751102793,6.148215037999999,7.820360544,4.983576857,5.395988377,7.143778747000001,8.807778597,4.44578936,6.9422162279999995,8.046113507000001,8.185623235,4.479437112,5.429372829,5.225641677,5.40635653,9.904297866,4.760438996,13.21365963,14.04399296,6.179690399,7.317390355,7.654732461,9.276246399,9.927301976,9.095603859,6.906418691,6.636219003,5.777721504,8.03905262,5.199403117,7.1911385060000015,9.110071831,5.713084212,4.755315989,8.192638067,7.307062595,8.916503766,10.500537699999999,5.277852091000001,9.670309726000001,6.59853266,6.865779507,8.763052978,6.212970972999999,5.726540881,6.4830062029999995,9.188995015,7.024908383,4.444937755,6.8087699829999995,6.912405784,13.03482453,7.6772387029999996,6.523648737,7.318174152999999,5.559040573,6.5103868060000005,5.146776313999999,8.453039052000001,7.927180521,10.63755358,8.27583208,5.928761242999999,8.298536544,5.708766175,8.224036112,9.299234846000001,5.93555323,6.379356809,6.066986377,7.307184427999999,6.945203962999999,6.199280129,5.363093172,7.007375679,6.605539922,9.118548002,7.505895602000001,5.893262593999999,5.17024385,5.630679413999999,9.398298573,7.3857299770000004,5.560797935,4.731213039,5.066541125,9.228349003,9.309733629,5.019317625,7.716850031,6.519214325,12.83227933,4.870987565,6.790473669,7.168289328999999,4.845528261,6.578078577,7.015386017000001,7.529372865,9.203012141,5.484610617,9.473441216,5.324563533,5.732609931,8.336984847,4.924556245,5.916140738999999,7.322960307000001,5.076560008,8.909155152,9.148088334,6.845693193,8.585230357999999,5.064816158999999,11.93149863,5.624558396,6.566565825,4.471495029,6.3211837110000015,8.073890824,4.828403741,5.788047626,9.157879863,7.1412064179999994,8.603444676,4.372123707,5.9176570889999995,8.094267894,10.06853187,5.318289878,7.783592089,6.623214377,5.072958995,6.9369175310000015,7.467304247,7.628553847,12.04691509,6.407246455,5.984853556,4.769200289,9.24079399,8.643519688,8.393519035,5.723229633,5.536520601,6.126867283999999,7.336186783,5.053818764,4.853436576,5.123748687,5.627458017,7.2356939160000024,5.439165781,4.887526853,6.009773751,7.596793203,14.02962029,5.838318323999999,5.863296922999999,6.301831883999999,6.731944745,5.17387308,4.835868541,6.183070763,6.08954038,5.93455281,5.4458257439999995,6.74320556,5.611829361,7.418318977999999,8.165669609,5.714627999,12.50580816,5.603057636,5.294750402,8.520960934,6.8092225410000005,4.950667775,6.002745362000001,4.484269885,6.237674939,5.0761826480000005,6.018643624,5.978812415,7.604349087,7.111170129,7.87325726,7.658372657999999,5.0209045969999995,4.17489039,8.439847839,7.421242446,5.354989235,7.375963262999999,6.190145287999999,11.26120273,10.7500283,8.795989335,7.997413855,5.619281189,6.487996552,9.515781328,5.43954116,5.452216445,6.154555443,5.224540115,5.395071102999999,6.787386457,7.975265396,7.413251548,6.7197630660000005,6.443936817999999,6.031281456,6.498953908,6.593576112,6.675671212,7.841119326,5.419690623999999,9.362507968,7.161481741,6.429778861,9.347164662,5.6808227229999995,6.6371404689999975,6.931560366,6.551670495,6.257415394,5.162116518,9.980327603,6.874553822999999,4.837028045,7.127014,6.4717973639999995,8.435752102,4.613670225,5.345079833,6.733900498,8.161269613,7.7485334639999985,8.492169164,7.309976377000001,6.342043971,5.103586048,4.91406744,4.652400275,11.32268758,4.812456313999999,8.670946212,7.169802344,6.265072977000001,4.6556931939999995,11.01649095,5.880747653999999,7.45823126,7.209433763,5.761698047,5.894761114,6.492072221,4.626298574,4.7687151960000005,7.484842939,5.83456608,6.90915846,5.057366238,6.690069414,8.280477355,6.32452735,8.600904819,10.62871395,9.094848205,7.233059582,9.621776987,11.02367792,6.349988569,4.797932459,6.528808996,5.386894357999999,6.662483094,6.001574205,8.714568658,6.356030538,7.433460137000001,6.5352050120000005,5.618376026,4.624338012,5.153025703,7.233646498,8.161926882000001,7.181744817,7.236297828,5.42748054,5.2267540619999995,6.482587499,4.819385476,6.534103375,6.6107444310000005,10.22120325,10.68831166,4.385573681,4.83398048,6.5008605610000005,7.0902443239999995,4.7568136889999995,4.080157915,7.65801647,7.982765316,5.776629647999999,4.419595289,5.049290114,7.001724227,6.991261278,5.513399188999999,6.277013854,6.747357121,4.9347583760000004,6.409848909,5.546247567999999,6.046290567000001,7.235040406,5.320747449,5.331262357,5.855207900000001,6.069988502999999,5.63318545,6.142360981,7.582832517999999,4.179136109,9.187360894,4.544650561,6.877137817,6.455489012,6.777285158,5.595771653,5.071100004,4.684647518999999,5.081060894,5.683690829,6.200430451,7.556824983999999,5.8800395420000005,11.32584034,5.6736500360000015,7.232424162,4.549951302,5.8264697010000015,4.4195598480000005,5.662846947,5.574215952,6.079310808,7.626620827999999,4.472888028,5.523273652,4.559197562,7.744768485,6.476417975,7.580464434,11.72005118,5.039351295,6.888086932999999,10.16318109,9.015902407999999,8.369266742999999,5.502208249,7.1180161779999995,4.270002957,4.754453235,4.8120005919999995,4.833651855,5.011228498,6.846926064,9.430013621,5.882321717000001,6.203535717,9.670787504,5.991879869,8.920904725,6.156220374,8.401487833,8.498269192,5.944929012999999,9.169280378,6.6023793410000025,5.481843021,7.051380282,5.04308136,7.082828115,6.5834618670000005,8.331862875,7.37458871,7.1469545010000015,6.183583425,4.690889258,8.01294946,8.281929478,5.095416717,4.50007232,5.671099661,5.90459141,6.3566702070000005,6.40454729,6.232235652000001,10.34111891,6.996944587000001,6.357638661,6.8146911160000005,8.420214054,11.21232426,5.038693776000001,8.520566079,6.3728554860000015,8.411834942999999,6.621232572,9.15270772,7.500624264,7.808656487,6.979945505,10.85421122,7.455185822000001,9.439064287999999,4.78873767,5.801973345,4.400920199,7.389273997999999,7.127506704,5.89929377,5.278060003,8.816160423,6.948438218,6.554532152999999,6.9585323510000014,5.030501297,11.67444482,5.226900951,5.8356833539999995,6.727651132999999,6.566038467,9.261484087000001,7.0150715429999995,4.845426455,6.136494839,5.557294203,8.663802056,5.4197096610000015,4.889084421000001,7.148251639,5.5077537439999995,5.832792535,6.235935143,9.456177027,10.01793514,6.336572469,8.07882122,7.961308886,7.445081355,7.9544903310000015,8.159837179,6.985993102,8.131133944,6.660265159,6.244805363999999,6.354548382000001,4.772672957,7.851425495,9.542031465,5.2194299719999995,6.237651082,4.947507002,8.806589153,8.059403468,6.42034102,5.795186974,4.338912288,5.415177987000001,6.782258268,9.116970081,4.966776539,7.044816497,4.986509661,9.053853596,5.895589396,5.991793907999999,6.042977658,4.481059073,6.623644989,5.514584585,5.43472652,5.2427079569999995,6.480078224,4.68838615,7.205595849,5.608079851,5.503405017,10.75443658,6.7134948539999995,4.571875889,6.1686804429999995,9.26683013,5.296298232,8.590900357999999,8.23949559,4.409564135,6.310945727999999,5.8850238820000005,5.683750087000001,5.565222979,4.628767346,4.965162523,6.207749691,4.945533675,6.598754351,7.8599599829999995,6.585936969,7.152433292,10.02104073,5.258338339,5.101417553,7.036263138,5.6321632410000015,5.435419232,5.7670152360000015,4.453184329,4.39048111,8.678369352999999,6.330902846,8.496664682999999,12.42436045,4.649332288,8.949945537,6.066196428,7.659033513,5.015230177,4.473461808,5.934610738,11.75389531,10.28287406,8.241815195,7.642977228999999,5.384706785,4.800696805,5.6934121289999995,7.146392682999999,9.27825604,7.391407282,7.8515819539999985,5.352170056,7.666940941,5.925187386,5.234207103,6.070877384,7.223431729,7.430760542000001,6.292402474,6.868660067,7.4539144020000005,6.755660764,5.650305792999999,5.784142472,8.173094669,8.350628922,9.110551561,9.700618301,8.152270137,10.34390032,9.039385084,8.721870337999999,7.722797944,7.8940285060000015,6.160600095,10.1354179,4.5927438789999995,8.397391916,6.359273815,4.599267258999999,8.852459352999999,6.464309338,11.46950154,4.410319843,6.557592333,5.867686394,6.317478799,6.191466613999999,8.264289672,8.565379549,7.477648855,4.45900713,8.209666198999999,4.39694642,8.025518111,5.0258323030000005,5.745312825,5.788978329,5.9256659,9.738111053999999,4.965269097,5.671604637000001,6.849007643999999,5.075390683,7.025691972000001,7.63823544,8.794794605,7.757427957000001,4.25756135,8.001998958,8.4673428,5.545366771,5.430048861,5.081945056,6.7635388270000005,6.607678074,8.530615762,4.75945937,8.960919192,7.357237483,5.734780957999999,6.390436782,7.730890692000001,6.6322624029999995,6.064386344,7.828095789,6.915756332000001,9.561036247999999,7.214998262000001,4.213195995,6.976694424,7.3445813829999995,5.497170497000001,5.263750407,8.618324756,5.344809791,5.206727955,8.801316992,8.018918845,7.218036427,8.070646434,9.309106153,5.688104196,5.378473604,9.970358535,9.133457669,5.615039756,4.419277211,5.152739858,5.172570169,5.226703387,7.454058527999999,7.997499737999999,8.844225514,7.031468384,6.815699045,6.77050034,10.55605107,7.393180911,4.80839369,6.285792185,7.479713844,4.602375996,11.84205461,6.137253969,9.600338706,7.588042084,9.116003033,7.550573327,8.002077486000001,9.280823095,5.988699774,5.285961267,6.4497729889999995,4.353819967,7.988503121,7.475606252,7.731964558,5.589297771,11.59139887,7.75559663,8.042798067,8.914109391,5.869647109,5.68186873,5.316514767,7.148199475,5.303254587,5.4856167760000005,6.399044879,7.81640383,7.304098346,7.279991017,6.705962726,5.593935815,4.82543522,5.175130687,5.6743351539999995,6.341053401,5.521433131,4.40135156,4.069840226,5.123659151,5.204267627,5.20970514,4.5908152069999995,5.617032772000001,7.337480802999999,5.8054454060000005,6.587648637000001,5.86296469,6.939654831,4.679658979,11.06966639,9.449557636,4.738270834,5.947991742999999,7.146481735,5.309210537,8.583365642999999,4.503651921,5.319668359,9.549887353999999,6.449545218,8.202031538,5.657760306,5.495874954,6.685027737,5.846460757000001,4.202334414,4.487399872,6.972912332000001,5.34434333,7.880836211,4.74110038,6.654581385,6.494159302000001,6.809439555,4.5645960169999995,5.434073385,9.99087645,8.493274187,5.550620285,6.986556462,6.337767303,7.243800221,5.8081631960000015,5.993970751,6.648063336,6.334177057000001,9.70534655,9.489948803999999,9.636475916,7.16746605,7.852614847999999,5.111675853,7.095071462999999,4.714591915,7.9991337520000005,7.18985853,6.204063493,7.0865880039999976,8.557742637999999,7.589957711,5.140520334,5.269688013000001,4.894119305,6.1846715360000015,9.594429017000001,9.906965092,4.819320929,5.6991621939999995,5.950962264,7.938442961,5.928869547000001,6.4666592760000015,11.01853087,5.143335378,7.861375568,6.698545633999999,5.337513133,7.008840137000001,4.590784438,5.942874463,5.843490137000001,5.227557904,5.414295813,5.247775798,8.968411338,11.36114321,5.656069402999999,4.268572173,4.737791057,9.919117421000001,8.519279739,7.774070921,6.6662155510000005,4.490582871,4.272440233999999,7.4005141939999985,7.003357882,6.984655589,4.90135603,4.7369939169999995,6.596541002,4.617412683,4.918217567,5.086070095,8.586066801,9.074621302999999,5.068056102,5.84177145,6.811170721,7.975317255,5.964880421,4.592302228,6.352354602,5.329032928999999,5.504747561,5.522474956,8.867113832000001,6.5907528110000015,6.507133235,6.800523484,5.740095977999999,7.406185446,5.093645396,6.192189162999999,8.915259625,6.5996284260000015,4.876355611,7.700291826,4.729282883,8.10374402,7.900862525,4.798501035,9.502881643,6.3558193439999995,10.15703222,5.173785501,6.023775204,5.607057919,11.81260082,5.963688445,10.15811681,12.28566716,8.039109652,6.540099796,7.459396882999999,5.855647481,10.9414198,9.400767898,4.873090383,7.955180536,7.154021544,8.530785527,9.205398519,6.654334092999999,10.61573847,6.223807817999999,4.984079877,8.658302907000001,8.845010398,5.729027632,10.39317211,5.677960556,8.266654991000001,5.333644673,6.3911105820000005,6.9803231729999995,4.787486341,6.209491732,7.024333399,4.297395205,8.223825741,4.8478685619999995,8.571677907,8.593653518,5.715301015,5.068825034,4.633442227,10.61966661,7.453457812999999,7.140656149,6.97093445,7.260208615,7.546753394,7.272213428,9.927361487999999,5.915485515,6.7759616110000005,7.504203353999999,8.20723043,5.925663064,9.430460295,7.150118544,5.622391264,5.873933438,5.40321451,7.3663816739999985,8.24385629,5.963630869,5.230764403999999,8.815169656,4.554113387,5.234507476,5.853578272000001,4.905725708,6.652484977,5.6131911279999995,6.188277808,9.156976214,7.3393757389999985,9.217475988,9.521987889,8.068837683,8.961029249,5.137709112,7.827721282000001,6.595240702000001,8.701643792999999,7.6206493029999995,5.102454096000001,5.0503787319999995,7.352468977000001,7.31970796,4.497392296,6.380310828,6.968521363,8.342265422999999,5.849118722,5.111583486000001,6.047354365,7.142549653,8.056061785,7.985226346,7.561413009,7.932026229,6.841105353,5.739648572,6.579444341,7.790669164,10.05402075,6.708194617999999,6.707666897,12.88259284,8.896337691,6.735430067999999,8.506715011,11.38016106,10.85026511,4.186892799,4.195903265,5.425789765,6.865439907000001,8.460337557999999,10.02361073,6.972882956,7.600602477000001,7.956536483,5.430982928,4.7224355330000005,6.928363347,8.317453059,9.06905508,5.582457467999999,10.01035868,4.641124507,9.073730449,5.4000748970000005,5.108163072,5.191104289,6.490859531,4.535067358,4.799468658,5.21565277,7.705228121,8.008287232999999,4.631161186,9.352892368,6.767848834,6.751112943,9.467770991,6.6638833360000005,9.887227118,7.363871649,7.921348718,5.673398584,6.030125415,5.083153067,4.752281541,6.710226847,7.77326678,6.7878233020000005,4.937375753,7.959933958,7.2330774920000005,5.349483276,8.15944446,7.091445208,7.465665962,5.987053347000001,5.531227146,4.2803389,5.359874728,10.17560536,6.996796101,5.140682067,11.67054024,5.192275205,10.67891964,5.755719002,6.03052479,5.841208961,5.515385834,4.937422083,4.557994358,5.7312843739999995,5.351612752,4.823666762,5.26137527,6.09215335,4.814450005,6.934794887000001,5.302211618,7.262720718,12.18502645,5.57421987,4.757414936,5.674151859,6.046091121,4.945843374,6.954759475,9.42195583,6.801302777,5.905508697,10.20299823,5.71461562,4.927400405,4.247782337,5.611887126,4.993266098,7.940609151,7.586354696,5.302187857,7.720296323999999,5.9629088889999995,7.055667947000001,5.73662554,5.823461484,4.508680524,7.6951148510000005,8.669527214,10.2959632,5.044319557,4.721300907,7.213716954,5.179530234,11.03814307,5.883863419,8.87248415,6.495107656,6.195447511,5.738216027000001,8.310776005,8.599328468,6.200535062999999,6.258201307,6.950618443,5.741130724,7.76896529,5.717839239,4.5890915130000005,4.980905508999999,5.388798692000001,6.997118209,8.57921821,6.177082048,5.8620252729999995,5.873503082999999,5.24034217,7.008972907,6.192498165,4.577677017,4.252943801,4.1138991030000005,6.8320880000000015,8.703577382,4.874037112,6.760239058,6.533225848,5.6932358039999995,6.253744844,7.03706323,10.25983853,4.882737654,10.62084132,4.9517642969999995,6.021071915,4.826649762,11.28103155,4.41299449,7.685116308,5.15850098,5.825605362,5.430279998,8.698009196000001,5.75298744,8.242090961,7.972641287999999,4.470670375,5.340622309,8.590171955,7.133089469,7.318046402999999,4.488409834,6.785787826,5.779555611,9.195815831,7.154597721,8.098717158,6.654294362000001,7.495057774,4.80063513,8.972442735,5.260232998,5.310305444,7.364486787000001,8.395928992,5.067530411,9.175536486,10.90544646,7.083427358,6.667242398,4.905443562,11.11049275,4.652071871,9.124758647,4.71347533,6.194040526,5.243137512,5.031570643999999,4.876542082,6.322978377,8.373949073,11.59104828,6.632254382999999,4.884810507,8.023811734,8.207719212999999,5.792850527000001,4.455685926,8.112423698999999,7.711585931,8.931185117,6.373120472,5.2871060739999995,6.213943133,7.759552346,6.98281629,6.706640724,4.683255309,5.128560772,5.078741088,5.6765125339999996,6.509895185,7.126634075,7.837170634,6.927865216,5.221287127,6.960422137999999,7.612230017999999,5.543466821,5.626577758,8.871929026,4.795344986,6.6465029929999995,4.87434213,8.977907373999999,5.323429774,4.813148579,4.838174853,5.716323963,5.787499285,9.465791579,5.750666549,5.476872079,5.713769494,4.514437268,9.535887726,8.501953054,5.822959902000001,6.381529966,5.6072266420000005,6.789601998999999,5.8235111129999995,6.97422336,4.503711287,9.835429015,6.5616020760000024,7.832889845,4.2332485160000015,5.119632889,8.332854437,5.237814602,8.596736191,10.32646464,6.1380533370000006,10.38611246,7.532449217000001,4.957474314,6.559659318,6.601814528999999,4.279522167,4.848721739,7.304982884,5.038858142,5.335553956,5.093190122,5.042560684,5.608959337999999,6.2502972560000005,5.8382605629999995,6.859424926,6.074844286,4.534396895,6.357432686,7.664864323,4.73496446,7.191280326,5.661895839,5.558178476,5.545522365,4.667801517,8.02056185,9.145895032,5.371838755,5.081590361,5.126803048,7.157576884,7.009551339,11.14001777,7.892393179,4.140638471,5.440010028,8.157671673,5.308428534,4.311006707,4.727372046,6.716577111,5.160912776,4.27679354,7.928609363,6.1627449,10.81221292,6.486687099,6.068056843,6.254765592999999,5.94569125,7.258381999,6.70292213,5.477756756000002,5.499413515,5.649588,7.249431183,6.63796155,4.892994463,6.221081785,4.965516401,7.6045200920000005,4.718475051,8.339432943,7.1871287420000005,10.36844015,4.663687144,4.407191302,7.056908046,5.5073538960000015,6.031460017000001,4.805583382,10.05797048,6.9008613510000005,10.05910821,7.574598677999999,4.815793153,5.301472562,6.68201473,7.692046697,6.752206158,8.972293605,6.3126495039999995,6.349942712000001,6.0750923839999995,6.966118117000001,7.415323586,7.024747071,4.285155968,6.760142758,4.821927641,4.785199312,5.8342189410000005,7.364182135,5.253810328,4.396997726,7.296336416,5.976381085,5.495276401,6.054973671,5.290796108,5.08693913,7.603922464,4.3784606539999995,5.051759766,4.831896789,9.692998307,6.768773907000001,9.508883331,4.521718374,7.347211202,5.326506708,10.01020368,6.823421727,6.231044279,4.859600391,7.628803549,4.947387968999999,11.45027121,9.148471215,5.971752385,6.5824630410000005,9.648083657,9.861365311,7.693188782999999,6.530833951,7.711625109,5.714374072999999,10.71827971,5.712912604,6.111353546,6.540014322999999,8.098792661000001,8.498264133,5.838782386,8.104023067,9.342506803,10.22074953,4.512715407,5.175920681,5.500514335,4.807062952,8.399995563,4.811367662,9.834121631,8.325662407000001,5.604840514,5.278295156,5.483234293,5.675970883,4.332405501,5.860878832999999,7.844459756,9.000816807,7.049829536,4.990829651,5.809024854,11.48355736,12.35401926,6.222020729,5.078889428,6.2321421070000005,5.304596125,4.2921990889999995,8.024736401,7.169402265,10.38474224,8.514897955,6.287830682,7.741506375,7.109640095,5.437212227000001,4.8253376789999995,4.851641613,5.216800692,6.5891304129999995,6.864094562000001,6.041782744,5.882052375,5.812045366,5.5527202739999995,6.650373871,7.470223797,7.608076466,5.700181477999999,4.3990275919999995,7.936355835,4.275451973,5.165213631,5.688491459,5.681661752999999,6.385702035,6.531408421,5.512922275,8.954396877,4.941941474,5.365509239,5.909331356,4.817531218,6.858964384,4.801862073,10.42399767,9.842162624,5.627400777,5.577043447,5.312259499,5.564459314,7.470536748,8.420973423,4.43900202,4.515231899,7.1403222379999995,8.589988553,5.4375686089999995,6.372567413,8.634132506,7.601223363,4.773986976000001,5.6178517060000015,7.120718373,6.149979276,9.955179196,8.53805366,4.609920273,10.08646783,5.193069979,4.588730792,5.147286684,6.198822389,8.675167529,5.17229103,6.873159516,7.813429687,6.857944292000001,4.848598602,6.315250355,5.125391497,7.631319069,5.36570816,7.222083948,4.928690587,10.82668645,9.820610176,5.219223686,7.29752634,5.155191542,5.101041498,11.38191037,6.235892699,6.496898165,10.19181263,9.382263402000001,6.32172572,6.082549617000001,7.438267907999999,5.015892739,7.284459742999999,8.892904042,4.211289064,7.633417944,6.342581778,7.654326202000001,6.689176201,5.84468593,6.578128714,8.271265306,6.212092875,8.421615601000001,6.704475612,5.860053937000001,6.561846787,4.972138313,8.604386265,5.844510093999999,9.009004666000001,5.178707986,5.973607071,4.975535109,5.199770684,5.023458651,4.834247421000001,4.891177633,5.211937287,6.517828827000001,5.26293959,5.031573542,5.610948098,5.868620394,7.252327216,7.403621621,7.238603104,6.461756502,5.810767909,12.35276978,5.541408504,6.3151550489999995,7.880332049,5.539360137,4.202739674,7.490742278,5.418804495,8.900451896,5.191263496,5.176126593999999,4.440214975,7.426499954,5.835226627000001,6.596074354,7.158037525,5.784657009,5.59810468,12.76021273,6.804429207,4.2592464460000015,12.39878294,7.585810342,5.7252742539999995,4.470577629,5.652147126,6.197222312999999,8.647697435,6.0737942,4.9110382260000005,4.5980900689999995,7.671799339,5.687957872,7.7308845370000006,6.74978863,8.006336713,6.149099541,7.359855382999999,5.455484014,4.87814304,5.938572289,5.743834044,4.834769106,4.557775423,4.680579175,9.466082992,8.209556335,10.00564449,6.370786819,5.830102612,5.653628932,6.847887657999999,7.697493763,4.881147619,5.837840278,5.576284575,5.868408596,4.826802302,7.933755199,13.05510314,4.278280672,5.369699128,7.0904988410000005,4.275852642,8.029749146,9.35610749,10.079569699999999,11.45646043,7.271362661,7.370130876,8.277469422000001,7.266049093999999,5.32130751,6.056291794,7.24792798,4.923133366,6.628814042,6.1657842610000015,9.629544141,7.086143927,5.010085012,5.586225555,4.88632824,5.709199571,4.422834368999999,5.795759549,8.213208682000001,8.294670227000001,5.571625386,5.6521837029999995,8.916332622999999,10.35584199,11.125259300000002,6.390296383,5.8114102370000005,5.88460234,7.238646072000001,9.465921572000001,7.34722503,7.668714232,7.128726914,5.0640574019999995,7.688814953,5.277136076000001,4.619413641,5.621694767,5.307178223,5.1404617969999995,6.576974882000001,8.565427297000001,5.256683442,4.0826850630000004,5.38090456,4.438996714,4.5969684719999995,6.405913684,4.939438255,4.979449106000001,4.535800171,6.843735307999999,5.441062313,8.308413974,5.8186167860000015,7.518170329,5.968909244,6.169793219,5.855428193,9.499262603,6.863795426,4.631623964,8.131341217000001,4.543148683,6.600211423999999,7.940435898,5.775556532,7.683529092000001,8.394134635,7.927514029,8.179972781,8.252602484,4.949076819,5.381786311,4.4054862,8.404972416,10.65424759,6.032857118,7.793597411,7.096681707,7.198454586,5.9265166979999995,4.858502952,6.7988088289999995,4.853091723,5.055310307,6.2023289429999995,6.6449502910000025,6.143696992000001,5.746118878,5.697682746,4.9143639839999995,7.6743544739999985,4.683900817,7.151313805,6.4285475660000015,8.57354933,5.305415473,7.666779149,7.645395255,5.3293203060000005,5.050000743,10.0070238,5.811253557000001,5.39905649,8.469443028999999,4.323826736,6.168958797999999,7.99515265,5.788081802000001,6.086926442999999,7.315467331,8.766183448,6.374714177,7.38735023,4.987772403,4.245595263,5.054827811,4.759431271,9.782397203,5.314878556,6.257479752999999,5.98644646,5.024519273,8.211301548,7.37038097,5.5842546220000004,5.477215084,4.983673433,5.625431721,9.191475785,6.973511866,9.320379373,6.185119498,6.4070175260000015,7.736794887,5.521666217000001,6.14265812,4.912750681,12.87599743,6.124280385,4.3657508310000015,6.954423695,5.335084075,7.160117249,6.743471832999999,7.623071702000001,4.766359205,9.315124804,5.866954666,10.04481733,4.403326458,5.521424777000001,5.165366562,4.955054217,5.010975727,6.7798810739999995,6.3923917260000005,7.658391802000001,11.538755,5.803622219,6.773826484,5.697444031,4.928899152,7.419501222999999,5.41863183,5.944988717999999,5.65174313,7.762742458,6.149573837999999,5.124597249,4.584760145,4.911744961,8.433100021,5.4188866639999995,5.110328629,6.018308311,4.816406419,4.847874492,5.088904298,6.565916818,8.41548011,8.456004228,4.842011724,6.944010124,6.234963235,8.604137573,7.524863048999999,6.283564048,6.284855061,6.3581648479999995,5.207788876,6.325751341,5.8544084629999995,5.081878951,8.99295251,6.2536003220000005,4.344864329,7.730312822999999,7.352574122,4.532647492,6.156972885,7.543682578999999,7.789972931,10.66208289,4.8523660710000005,4.712408478,7.584432427,7.995651153,7.345436302,4.796851636,7.928450939,5.677195959,6.802804748,5.724543411,6.084690129,4.984439514,6.9800262910000015,6.7102230579999995,5.6365190620000005,7.8651558060000015,8.085540952999999,6.025241049,9.798498666,6.34890528,4.870817016,7.362216011,7.7347171,7.518898106,4.642666965,8.067501349,4.330973335,8.98540391,5.891958058999999,7.702395049,7.033504656,7.200616274,4.2692458910000015,6.5417837410000015,7.2424325970000005,6.5839342510000005,4.667454029,4.1742223869999995,5.999786114,9.552568522,5.069357025,6.460936165,7.784144078,5.64260659,6.0284018060000015,7.771164757,5.281442949,5.622487099,6.4775839170000005,5.42652021,8.65060331,10.31984221,7.518429717999999,4.192223376,5.405079023,7.886115697,5.9155244960000015,9.597075588,6.797433361,4.571960206,5.376108602,6.343462242999999,5.169848198,4.585138801,5.954461692000001,4.468619562,7.039031886,5.059485491,5.306888557,6.530313437999999,8.970179099,8.40128126,6.941573633,7.18563397,4.6662562439999995,5.307407773,6.922085605,5.539523419,5.678584312000001,9.190532314,4.923942923999999,6.28655911,8.360531457999999,5.49817788,7.601112818,4.633401208,8.180211106,8.242063225,7.559007382000001,10.02631712,4.8239853319999995,11.33634973,4.450757277,7.184730603999999,6.99373388,4.679198101,4.501435431,10.53835797,7.265492068999999,6.593941015,6.3313409279999995,7.22608955,4.936646214,7.0047182810000015,8.882186738,7.8934109810000015,8.017301045,5.141659801,5.897616827,7.913486685,8.190354427,4.488443072,5.205242128,5.396280399,5.287651477,4.836460961,5.648314506,6.8968971660000005,4.607267712,8.00079713,4.779591492,4.904712153999999,7.964692886,8.161402246,6.595518124,5.565924232,7.757681132,7.152648869,4.800244351,7.59824377,8.04463157,7.329484575,7.4236680339999985,4.683754223999999,4.718589892,8.452718091,7.644813721,5.936192514,8.701875255,9.283387527999999,4.930191703999999,8.714245834,5.329192239,5.070290544,7.395709844,6.641953689,6.782357779,6.449977256,4.806631843,5.131607726,6.57473457,5.112893315,9.337176964,4.38490655,5.092693882,10.36079501,7.117967899,7.3488042,7.635913648,5.795569479,8.193731534,4.147231913,8.469623848,7.0229672039999995,5.1389728880000005,6.0147054760000005,4.951420359,6.2675931579999995,5.696047502000001,6.020162685,5.699590762000001,6.529281532000001,5.895880644,6.522037856,4.4427456780000005,8.34563347,5.116780556,7.401170549,4.336038745,7.174277035,8.896475251,8.005752569,7.893253425,8.954704223,5.6775230310000016,7.656457487000001,4.492467714,8.237502476,6.134863289,9.728680949,11.48644165,6.134233313999999,7.3621297110000015,5.410768462,7.617290661,4.302193157,8.693381453999999,6.074549635,8.198138703,6.799051812,7.734161665,4.832197468,6.32543462,6.005859244,4.398422353,6.133934603999999,5.240999013,5.033590611,5.690621095,13.21519503,6.636512139,6.474432928,10.16680595,7.810163524,6.143929368999999,8.299873426,8.040707043,8.255200519,9.353140243,8.927150166,7.058539013,7.047682204,5.205493788,5.5682692660000015,6.460864554,8.264836079,4.288779562,6.107659462000001,11.48764651,5.390830547999999,8.408040405,5.832637895,5.540725651,5.240529895,6.874343634,6.322936014,9.420483377,9.485606133,7.841871135,7.297705203,6.50380241,4.28136699,5.430531403,7.6011847470000005,8.448449787000001,5.553807837000001,4.486248524,6.587320581,5.575636821,7.285205811,7.465486012,5.211896324,6.242011682,6.35443021,6.1289234839999995,5.491547862999999,7.342542777999999,6.371680875,5.966730962000001,4.770058592,7.152138937999999,5.422649312000001,5.1757379839999995,4.19535706,4.804373988,8.571980762,6.621381307999999,8.517078198,5.910716633,7.6113028310000015,5.7223830389999994,7.893967779,5.995898897000001,7.084932134,5.810774747999999,5.218355911000001,6.3601408410000015,7.75778555,5.932526967,8.719652252000001,4.450349227,6.209337256,4.416661284,5.71741423,7.640525692000001,11.69144448,4.741305551,8.506718457,11.84503583,6.8393669379999995,6.219102542999999,7.119473361,7.035659764,7.004844301,6.078677806,6.698111063,8.330097076,6.3266592379999995,5.847321872,8.920093853,6.497406655,5.784921174,5.325248325,7.015486192999999,4.600195398,7.752756064,12.30377488,5.2564592910000005,6.688457372999999,5.898365605,7.893858312000001,6.299768877999999,6.900171877000001,5.690494581,8.833992531,5.007070488,6.092589244,7.319127707000001,5.694647454,6.715125147999999,6.865285199,4.825225678,8.133291946,7.2264088179999995,5.653849927,5.1934420160000005,5.24112367,5.191392,6.6625348970000005,4.668452234,5.499004612,6.864835848999999,6.703293658,6.575767615,10.16497967,5.435517582,4.736889706,5.692774534,6.650815691,6.2689737,8.366943793999999,6.842782091,6.093950456,7.326577202999999,7.587387647000001,6.035303884,7.03743974,8.233534762,4.929969021000001,5.815729784,8.089148518,9.083728987999999,4.1138491460000015,5.7627681289999995,5.247282166000001,6.063512652000001,6.458983722999999,6.756001165,4.536724746,9.571385101,5.752374457,5.9589224839999995,8.205160591,6.382084084,7.197837034,6.308477826,8.78656277,8.136140703999999,7.22704546,8.615329722,6.005084779,7.428361207999999,7.213394619,8.087155274,5.900203457999999,7.799691507,11.66666354,7.365168177999999,4.76936833,10.15358217,7.063338077999999,8.081797212,6.906332065,7.047562135,6.28002381,5.147766644,5.484111381,5.65396883,7.745063036,7.342799648,5.9723376770000005,6.885963843,4.665853313,5.0109085669999995,10.10485917,5.1298824739999995,8.904445849,5.3188425960000005,4.404855803999999,11.18103516,5.217128536000001,10.32676981,5.348217072,6.59021405,6.230802075,9.633212854,5.721713144,8.091207426,9.10953854,6.460757822000001,7.289850922,7.453560112999999,7.5038059729999995,6.776102196,6.019892845,6.162266186,4.4890272000000015,6.926629985,6.03029751,9.142829082,5.43258978,9.602174247,7.69847601,7.965507016,7.159339827999999,5.993937186,8.089516925,8.627100402,7.4233527289999985,8.09860849,8.707538287,5.363525321,7.752427467,5.02621269,6.257825344,8.035348707,9.513199108,8.186701669,4.433710243999999,5.620776547999999,8.316650183,7.77303898,5.463007336,7.344189419,7.926615512000001,10.0754038,7.283537442999999,5.470395902000001,6.032278985,5.888442341,8.004729328,8.392281495,8.593489672999999,8.216847739,6.05579883,7.595710866,6.064408504,10.5772583,6.687164787,6.8219786870000005,8.126296349,6.075140721,7.469309053,5.49352102,4.221410695,9.994911404,6.779465184,6.5305765,7.575736846,5.296437269,6.793282972,5.41690303,6.429978221,7.18274498,5.4500639920000005,5.7773296610000004,5.235925451,6.463125558,8.044009997,9.750831665,3.813668525,5.327194585,5.677607148,5.80295889,7.957001859,4.774286378999999,5.4176195310000015,4.3989192919999995,7.778565703,5.285286816,5.115507438,6.724929241,8.940066879,4.688644738,7.499636897999999,8.209415577,9.721185902,7.346088615,4.963900962,4.729272601,8.753383232000001,9.064467547000001,8.672297665,10.43141862,9.787400051,6.312865771,4.531141262,4.817968844,6.839937736,7.513470055,5.60518454,7.866808363,7.409916731,7.886421745,8.955224539,5.76346925,6.355621263,5.003200316,7.2236140120000005,4.782486976,6.2495644860000015,4.8486409010000004,4.774844794,6.9150158489999995,6.2033253560000015,6.402384574,5.501861623,7.437465426,8.759435643,6.04335492,5.746477499,5.499408868,5.799347125,10.31266984,9.13979267,8.18821052,8.436744212,6.83506759,6.9717947239999996,7.560502358,5.99506491,6.847714548,7.083516286,5.459077159,4.729058641,5.939721603,7.215446384,6.584527552999999,4.356994459,5.7626992910000014,6.935082446,5.181558036,8.310216543,5.508183667999999,5.8691007520000005,5.003966134,7.363536346,5.343355765,4.658136302,5.161605051,5.595191802,7.9473019,5.265506307,4.601905567,8.190828783999999,4.877626537,8.875576397,10.52609055,5.184767863,6.907940505,11.64608635,6.561937403,6.152277638999999,4.85318027,5.124996586,6.295701276,6.841436067999999,4.628303282,8.490143993,7.136495048,7.41859968,7.461105762000001,5.652620422999999,5.787895391,5.26722979,5.933354487999999,5.2419101139999995,7.063351535,6.364804797000001,6.314391317,11.77763182,4.96730631,4.657118700000002,7.654941459,5.5976801960000016,5.163443879,7.092090568,6.501921224,8.762242937,6.040906531,6.148298317,5.022076135,6.486405897000001,4.837954374,4.747680992,5.94576049,8.723648962,5.362681499,7.245327728999999,4.896304487,4.8379760460000005,5.673755063,4.8143722780000004,6.3137430660000025,5.4014908870000005,4.671976857,7.445772688,5.562936702999999,6.4548756360000015,11.97958911,5.125806347,8.791130653,6.9454689929999995,10.41241936,4.567506245,5.979013052999999,7.627129196,5.661762837,4.091060499,7.650081809,4.403617362,7.259935033,5.658276663,5.95378337,5.486300489,11.7157117,9.660190077000001,8.26458148,4.814227064,5.066078824,4.695779097,7.621553221,7.332826594,5.244256871,5.808171912000001,5.472628328,5.55935224,7.065792626,7.277646752000001,7.910727972999999,7.799284366,5.868750981,4.533591041,4.972952801,7.1970055529999994,10.98580626,4.858129371,10.85395359,6.062675536,8.663069079,9.584510104,4.902074686000001,4.456365186,5.814802365,10.8241601,6.876624085,7.188207679,9.382954968,6.612529229,10.06041324,8.736623981000001,7.081773909,4.615108329,5.995807523,5.883411578,5.381985082999999,6.474756826,7.677903896,7.665033519,8.065169476,4.759017781,6.095671727,7.656070817000001,7.493033617,6.335237327000001,4.545925874,5.686782148,8.643203192,4.9845795310000005,6.811395724,6.5397068439999995,7.226026192000001,6.220683206,7.851845742,7.052497671,4.484326248,7.3682477870000005,6.187343987999999,6.309843666,7.58426668,4.861834428,8.492099995,6.088702645,7.388763235,6.084548912000001,6.123415672,9.372983955,5.43351962,8.123205061,11.02594967,11.39404578,5.6874612010000005,8.41435956,4.620039026000001,10.23183988,5.479793428,6.997814099,5.779665499,5.7198054339999995,5.98121755,7.7109069020000005,11.26316763,6.413175829,5.64978486,4.620610299,7.52267597,9.490254764,7.936595588999999,6.521325813,6.568856212000001,4.978258853,7.895731396,5.5931899210000005,7.174714974,5.7967458610000016,6.665669554,6.195678035,8.857582969,10.42372451,6.191813123999999,4.890693303,4.0
21,11.50149206,6.442371492,10.06803335,6.963142909,6.355185272000001,4.505605357,8.708670106,5.215859324,4.516068508,6.00094258,4.570771944,10.72197403,5.686403123,11.15289902,6.80146911,7.280425217,9.264126575,6.315970509,4.7461321960000005,8.968372459,4.4031022580000005,7.055727082000001,8.201784479,8.276174758,6.6878140010000005,5.099945352,6.4025454029999995,6.8619766910000015,5.327775238,5.086924109,9.169905676,6.332520677000001,7.255834097,5.15407988,7.7251166960000015,7.1945858560000016,6.3680700660000005,4.852083966,6.030109086,5.0859527060000005,9.090945526,6.182953304,6.46408533,7.3724780339999985,7.443572777999999,7.562455722,5.632205614,9.458288917,6.107286892,7.180064599,4.70077951,6.180118491,6.342723522000001,9.207647722,4.3220868260000005,5.5820590060000015,4.638904575,9.564482411,4.479225634,5.486773769,6.080817861,5.36516649,8.492506169,6.912919058,6.338581211,8.250269444,6.463140937,7.087047044,7.3940686960000015,7.831392153999999,6.335388312999999,13.5181696,8.005862952000001,4.417853148,6.8746792889999995,4.738113684,5.035287448,6.635549515,4.650025679,6.81094212,7.3732038310000005,6.413856415,8.638084422,9.042507137000001,5.273553656,5.664064442999999,7.488676497999999,4.9273997419999995,5.407971438,8.560319865,5.330746971,6.998517367000001,5.24807257,8.531623349,7.795500189,6.114101886,10.23013373,4.389235505,4.317163208,7.0484042879999995,5.454337732000001,6.0064216020000005,6.4053457210000015,8.564987106,7.452004938,9.153700446,9.57436994,4.767665404,5.0284764000000015,7.1580560470000005,4.9751590939999994,5.126707822,4.796996409,6.735165042999999,5.935333825,9.052949647,4.32670593,5.290257243,5.880046843,6.875871997000001,10.854647199999999,8.629766072,5.741546848,8.742215148,7.780149285,5.2821427739999995,4.973961296000001,5.456137135,4.676784881000001,7.379573947999999,5.443773075,10.96838826,6.546830569,6.58209914,5.835749924,8.040748607000001,6.532607877,4.731770722,6.287236872,5.3135597510000006,4.372232695,4.589372707,9.914731286,9.148258279,5.644284422999999,6.348863904,4.936908325,6.065469641,10.26790921,4.728262443,6.9791131360000005,4.731528248,7.200273342999999,5.525224796,8.73827955,6.63257591,5.736863747999999,6.193571929,7.708140667,5.346744183999999,9.101556646,4.770013274,6.886826602,6.292550022,6.777024409,4.7640755619999995,8.893178767,6.802069413,8.907980371,4.965191657,4.35156473,5.958083646,7.25387529,9.170295199,8.207702661,8.34902625,8.033019292999999,9.792479002,7.6076755060000005,4.580852244,5.576925352999999,4.432778325,5.21360975,4.557041882,4.396621081,9.955099639,9.25701749,7.689693802000001,7.15825626,6.037861945,5.155064684,6.463150015,7.0963414160000005,7.4351252510000005,6.205401942000001,6.486973405,7.81797012,8.750490682,6.242774596,5.575816372999999,8.151872376,8.859764105,7.5742523760000005,9.452456485,6.214428539,6.935434267000001,5.637472746,8.262827551,4.736596797,5.449053957,5.088603815,9.873359407,5.9408638210000015,5.816516943,6.2151221670000005,9.254887091,6.333001498,5.873113525,6.279914262,5.8423294110000015,7.321422592999999,8.551113701,6.497064924,6.941721338,4.502733147,11.15365941,5.6392328,7.131342328,5.480434799999999,5.870379436,6.156483795,10.03350703,5.0859636969999995,5.353907635,11.35395009,5.3847811839999995,6.161352357999999,4.850398866,5.281831766,7.98134041,5.848019184,4.254925335,8.836448303,7.383963457,5.531576804,6.8135084610000005,5.430313792000001,4.652612597,6.2297097820000005,4.926018202,5.735378008,4.925996222,6.71879443,4.73094431,9.879670747,7.67250849,10.36222301,5.799352482000001,6.3073298829999995,9.14176897,5.646238632,6.867631255,5.066943491,5.269260018,4.656442299999998,7.515971531,5.3691125689999994,6.873610404,6.212164821,6.918278269,7.1180385510000015,4.668945893,7.053280387999999,6.95825291,7.809522096,6.511460258,8.429819001,7.0283960999999975,4.482832818,8.180887468,11.56632956,8.401735942,8.617592396000001,7.52255705,4.381808875,7.4321755629999995,5.779905319,4.91761119,5.50538799,5.851914086,6.664978773,6.666931131,9.28747002,10.63615461,4.965512438999999,7.38189164,6.971159806,5.0145074119999995,6.285051645,8.891757899,5.930476106,5.6066843429999995,9.721787048,5.862713192,7.796469302999999,6.919588462999999,7.455708127,4.7159481219999995,6.921718477000001,4.920637311,4.43064762,5.77188515,6.41641135,6.7577459410000005,4.677197275,7.604141019,7.015955397000001,9.768861845,6.822428426,7.3812923779999995,6.175912899,5.272539419,5.972877177999999,4.628634701,7.85747222,4.677607076,6.731795485,10.385073,8.393103538,5.046282286,6.899490806,5.764388783999999,4.830382449,6.131059483,11.62638356,6.986157612,6.201104777,7.840455771,8.595916075,8.1596453,4.320360882,7.539984349,7.735142194,5.405552861,6.64350281,7.077242565,4.702353014,7.499452923,5.5716171160000005,8.167678421,5.09188012,6.280016149,4.673708582,6.040137232999999,7.7412463670000005,7.398333918,8.760252202,5.736360539,7.722674279,8.952642838,5.054043426000001,10.27555551,8.508830226,4.594475587,4.959274703999999,5.419809435,8.130212756,5.424384506,8.207199825,5.159400717,6.0044885279999995,4.9844395630000005,6.602749149,5.725360734,5.392266001,9.639912936,8.518327482,6.034278314,8.479845527,8.505095942,7.3506679,5.654903653,6.3100328889999995,4.517108428999999,4.862970081,8.765548638,6.239062075,7.874146979,5.206580257,7.698496987,5.923440667,6.262111708,8.554487137999999,8.978221469,6.516017941,6.992607146,8.038289322999999,6.511164832,6.820190116,6.199315937000001,5.264528017,9.226419169,6.873461868,5.724435119,6.196317231,6.1732865110000015,4.685959639,6.89612314,5.5803443470000005,8.029406892999999,10.82099309,4.26431945,7.753742904,4.842169406,5.886866531,5.529670061,6.314380907,5.518627996,5.337513745,8.730809927000001,6.606106575,4.66008699,5.664551311,10.439303500000001,6.021911433,7.941893792,6.420154256,5.092464181,8.090246118,5.415750967,10.39802045,7.6181913,4.316782454,5.7515813179999995,11.63373314,8.098534772,6.424526056,7.0022076160000015,6.2180518739999995,8.946694328,5.549040442000001,4.785903966,6.468842968,5.647339016,8.773264314,6.089321832,5.1168363889999995,7.991553841,7.494752684,5.121722231000001,4.81519485,6.52027907,5.118722662,5.994238788,4.630387717,4.911844295,7.759447618999999,6.876955646,4.917988200000001,7.200370982999999,8.15957021,7.996568055,5.034626225,8.847838932,6.4970241060000005,5.37073751,6.402874167999999,5.052630738,7.390427669,5.598747313,8.114011657,5.511852782,4.897979253,5.507905119,4.536293378,4.875413443,4.290743096,6.461321272999999,6.715975808,7.2153369760000015,5.755598452999999,7.47280029,11.02730793,5.443701507999999,4.6127299289999995,6.861131134,7.583613467999999,4.652456265,6.9293406210000015,4.732947578,6.958004777,8.29403347,4.90748459,7.481996745,9.091452775,8.204906614,5.741285284,8.802906869,6.428653317,8.368052882999999,8.492165179,5.248801922,5.863990518,5.639136412,5.862467633,4.882989067,7.114008457000001,8.082603092000001,4.690814377,7.285857315,7.320758047000001,5.4627725929999995,5.00460421,6.180513027999999,6.954288654,6.06538784,8.113059577000001,7.730653266,7.4893468410000015,5.74437226,5.208793355,7.245645597,9.412565927000001,6.130252785,6.471244032,8.316313206,5.687845633999999,6.9516435770000005,6.159203784,5.51544592,5.319563626,8.432106688,7.07083247,7.640022632999999,6.784477229,6.128621085,6.728392949,8.112246432000001,5.449545027,6.7326107639999995,4.926277385,7.443092495,7.377849677,8.045419546,5.769309223,9.266944661,6.4884140860000015,5.212826134,6.035814003,7.7146268870000005,7.195582722,6.680828914,8.43331268,6.8359341910000015,6.872657203999999,6.185372178,6.020043544,7.048924332,6.439546226,8.900956033,6.317324022999999,10.20504472,5.381582572999999,5.393992398,5.566302514,10.06964081,7.507132493999999,6.301476125,6.616266115,4.572022598,7.782885019,6.138979802000001,5.85502014,5.240553382,5.706342867999999,7.973275611,9.259936745,9.216038679,6.867657446,8.311252084,6.868651367000001,7.3593069710000005,7.3534335870000005,6.916516764,7.78015881,5.786803711,7.798265936,8.533321373,9.021019512,8.617996527999999,6.5855388989999994,4.661497348,4.601253648999999,5.132001679,7.545107729,9.352492796,7.670480082999999,6.036228106,6.857401229,6.393015501,7.4082506760000015,9.379424159,12.32992484,4.823402232,12.81585995,4.925324033,5.7320245089999995,5.561082711,4.526467321,6.296002155,8.241074441,4.423739797,4.341388545,6.784552929,9.769910333,7.593538708,7.525699899,8.787406464,8.983043647999999,5.6552837270000005,5.775140801,7.03544428,6.814657762,7.953558554,6.071206987,7.544465934,6.108396282999999,4.477864555,6.101232988,5.757462478,5.6018965010000015,8.145411332,7.8692976660000005,5.454809909,6.5911395729999995,5.542561347,4.607433326000001,4.697766051,5.043430254,4.36194964,4.786052767,4.716666741,4.810935013,4.916650177,8.926447154,8.624608300000002,5.061354205,6.11046741,5.687936016,4.832727126,4.7068470719999995,5.574318664,7.518359977999999,6.902908213,9.783735115,5.363832816,5.97688963,5.141545503,4.705465579,5.267913254,6.723613137999999,6.564454745,4.962264526,7.937933528999999,5.494424146,9.441531392,5.171516071,6.368912965,4.768977945,4.592269858,5.377686762000001,4.728898031,6.766877631,5.039417578,7.680947374,9.382871158,4.364108596,4.985862256,6.101112595,6.211260066,7.443231093,5.407194324,8.624577894,6.858240706,10.13089679,7.502348725,8.343720004,8.96259621,8.097994906,8.44714149,6.617412926,7.892730356,6.7924410810000015,7.215989645,5.965638642,4.562670778999999,6.515265858999999,7.490217031,4.890064016,5.50307157,5.418014192,5.9805856,4.739157045,5.11431957,7.890329705,8.855776118,7.694793318999999,6.633601893,6.8340253529999995,6.174919383,4.739932348,5.714116882999999,4.865162686000001,4.76342044,8.842475775,4.365342534,4.795490706,9.498292937,7.0478048960000015,6.10117245,4.403795579,6.893625925,4.4118517289999994,6.812062731,5.24057934,7.280950301,7.279883672,8.655320846,6.575390835,5.2931145939999995,4.655549527,7.637765495,7.313104768,6.995355601,4.9202716419999994,7.775431281,7.486675139,8.948615102,7.476625594,6.359928742,8.479946768,5.641710955,5.382061124,5.605229659,5.4266708679999995,9.268021422,9.233436613,6.296072915,4.665310839,4.769654473,7.741264094,7.295070475,8.694152005,4.703188514,4.73137228,8.302395982,9.589908413,5.02483017,7.8751290260000015,9.554254401,7.996915411,5.073759293999999,4.996063821,6.028797129,6.718370799,6.520389487,4.804730512,7.009454946,5.69158257,7.614257169,9.43343236,6.2694017460000016,5.685989747000001,5.189859342,4.318528115,6.205628982,6.864317047,4.977732468999999,6.801875676,6.379296404,7.465328396,10.68098878,10.20422249,11.03713673,8.575320878,7.2375769389999975,11.12521411,9.452257348,8.447606115,7.068338011,5.531425389,6.29291329,8.751102793,6.148215037999999,7.820360544,4.983576857,5.395988377,7.143778747000001,8.807778597,4.44578936,6.9422162279999995,8.046113507000001,8.185623235,4.479437112,5.429372829,5.225641677,5.40635653,9.904297866,4.760438996,13.21365963,14.04399296,6.179690399,7.317390355,7.654732461,9.276246399,9.927301976,9.095603859,6.906418691,6.636219003,5.777721504,8.03905262,5.199403117,7.1911385060000015,9.110071831,5.713084212,4.755315989,8.192638067,7.307062595,8.916503766,10.500537699999999,5.277852091000001,9.670309726000001,6.59853266,6.865779507,8.763052978,6.212970972999999,5.726540881,6.4830062029999995,9.188995015,7.024908383,4.444937755,6.8087699829999995,6.912405784,13.03482453,7.6772387029999996,6.523648737,7.318174152999999,5.559040573,6.5103868060000005,5.146776313999999,8.453039052000001,7.927180521,10.63755358,8.27583208,5.928761242999999,8.298536544,5.708766175,8.224036112,9.299234846000001,5.93555323,6.379356809,6.066986377,7.307184427999999,6.945203962999999,6.199280129,5.363093172,7.007375679,6.605539922,9.118548002,7.505895602000001,5.893262593999999,5.17024385,5.630679413999999,9.398298573,7.3857299770000004,5.560797935,4.731213039,5.066541125,9.228349003,9.309733629,5.019317625,7.716850031,6.519214325,12.83227933,4.870987565,6.790473669,7.168289328999999,4.845528261,6.578078577,7.015386017000001,7.529372865,9.203012141,5.484610617,9.473441216,5.324563533,5.732609931,8.336984847,4.924556245,5.916140738999999,7.322960307000001,5.076560008,8.909155152,9.148088334,6.845693193,8.585230357999999,5.064816158999999,11.93149863,5.624558396,6.566565825,4.471495029,6.3211837110000015,8.073890824,4.828403741,5.788047626,9.157879863,7.1412064179999994,8.603444676,4.372123707,5.9176570889999995,8.094267894,10.06853187,5.318289878,7.783592089,6.623214377,5.072958995,6.9369175310000015,7.467304247,7.628553847,12.04691509,6.407246455,5.984853556,4.769200289,9.24079399,8.643519688,8.393519035,5.723229633,5.536520601,6.126867283999999,7.336186783,5.053818764,4.853436576,5.123748687,5.627458017,7.2356939160000024,5.439165781,4.887526853,6.009773751,7.596793203,14.02962029,5.838318323999999,5.863296922999999,6.301831883999999,6.731944745,5.17387308,4.835868541,6.183070763,6.08954038,5.93455281,5.4458257439999995,6.74320556,5.611829361,7.418318977999999,8.165669609,5.714627999,12.50580816,5.603057636,5.294750402,8.520960934,6.8092225410000005,4.950667775,6.002745362000001,4.484269885,6.237674939,5.0761826480000005,6.018643624,5.978812415,7.604349087,7.111170129,7.87325726,7.658372657999999,5.0209045969999995,4.17489039,8.439847839,7.421242446,5.354989235,7.375963262999999,6.190145287999999,11.26120273,10.7500283,8.795989335,7.997413855,5.619281189,6.487996552,9.515781328,5.43954116,5.452216445,6.154555443,5.224540115,5.395071102999999,6.787386457,7.975265396,7.413251548,6.7197630660000005,6.443936817999999,6.031281456,6.498953908,6.593576112,6.675671212,7.841119326,5.419690623999999,9.362507968,7.161481741,6.429778861,9.347164662,5.6808227229999995,6.6371404689999975,6.931560366,6.551670495,6.257415394,5.162116518,9.980327603,6.874553822999999,4.837028045,7.127014,6.4717973639999995,8.435752102,4.613670225,5.345079833,6.733900498,8.161269613,7.7485334639999985,8.492169164,7.309976377000001,6.342043971,5.103586048,4.91406744,4.652400275,11.32268758,4.812456313999999,8.670946212,7.169802344,6.265072977000001,4.6556931939999995,11.01649095,5.880747653999999,7.45823126,7.209433763,5.761698047,5.894761114,6.492072221,4.626298574,4.7687151960000005,7.484842939,5.83456608,6.90915846,5.057366238,6.690069414,8.280477355,6.32452735,8.600904819,10.62871395,9.094848205,7.233059582,9.621776987,11.02367792,6.349988569,4.797932459,6.528808996,5.386894357999999,6.662483094,6.001574205,8.714568658,6.356030538,7.433460137000001,6.5352050120000005,5.618376026,4.624338012,5.153025703,7.233646498,8.161926882000001,7.181744817,7.236297828,5.42748054,5.2267540619999995,6.482587499,4.819385476,6.534103375,6.6107444310000005,10.22120325,10.68831166,4.385573681,4.83398048,6.5008605610000005,7.0902443239999995,4.7568136889999995,4.080157915,7.65801647,7.982765316,5.776629647999999,4.419595289,5.049290114,7.001724227,6.991261278,5.513399188999999,6.277013854,6.747357121,4.9347583760000004,6.409848909,5.546247567999999,6.046290567000001,7.235040406,5.320747449,5.331262357,5.855207900000001,6.069988502999999,5.63318545,6.142360981,7.582832517999999,4.179136109,9.187360894,4.544650561,6.877137817,6.455489012,6.777285158,5.595771653,5.071100004,4.684647518999999,5.081060894,5.683690829,6.200430451,7.556824983999999,5.8800395420000005,11.32584034,5.6736500360000015,7.232424162,4.549951302,5.8264697010000015,4.4195598480000005,5.662846947,5.574215952,6.079310808,7.626620827999999,4.472888028,5.523273652,4.559197562,7.744768485,6.476417975,7.580464434,11.72005118,5.039351295,6.888086932999999,10.16318109,9.015902407999999,8.369266742999999,5.502208249,7.1180161779999995,4.270002957,4.754453235,4.8120005919999995,4.833651855,5.011228498,6.846926064,9.430013621,5.882321717000001,6.203535717,9.670787504,5.991879869,8.920904725,6.156220374,8.401487833,8.498269192,5.944929012999999,9.169280378,6.6023793410000025,5.481843021,7.051380282,5.04308136,7.082828115,6.5834618670000005,8.331862875,7.37458871,7.1469545010000015,6.183583425,4.690889258,8.01294946,8.281929478,5.095416717,4.50007232,5.671099661,5.90459141,6.3566702070000005,6.40454729,6.232235652000001,10.34111891,6.996944587000001,6.357638661,6.8146911160000005,8.420214054,11.21232426,5.038693776000001,8.520566079,6.3728554860000015,8.411834942999999,6.621232572,9.15270772,7.500624264,7.808656487,6.979945505,10.85421122,7.455185822000001,9.439064287999999,4.78873767,5.801973345,4.400920199,7.389273997999999,7.127506704,5.89929377,5.278060003,8.816160423,6.948438218,6.554532152999999,6.9585323510000014,5.030501297,11.67444482,5.226900951,5.8356833539999995,6.727651132999999,6.566038467,9.261484087000001,7.0150715429999995,4.845426455,6.136494839,5.557294203,8.663802056,5.4197096610000015,4.889084421000001,7.148251639,5.5077537439999995,5.832792535,6.235935143,9.456177027,10.01793514,6.336572469,8.07882122,7.961308886,7.445081355,7.9544903310000015,8.159837179,6.985993102,8.131133944,6.660265159,6.244805363999999,6.354548382000001,4.772672957,7.851425495,9.542031465,5.2194299719999995,6.237651082,4.947507002,8.806589153,8.059403468,6.42034102,5.795186974,4.338912288,5.415177987000001,6.782258268,9.116970081,4.966776539,7.044816497,4.986509661,9.053853596,5.895589396,5.991793907999999,6.042977658,4.481059073,6.623644989,5.514584585,5.43472652,5.2427079569999995,6.480078224,4.68838615,7.205595849,5.608079851,5.503405017,10.75443658,6.7134948539999995,4.571875889,6.1686804429999995,9.26683013,5.296298232,8.590900357999999,8.23949559,4.409564135,6.310945727999999,5.8850238820000005,5.683750087000001,5.565222979,4.628767346,4.965162523,6.207749691,4.945533675,6.598754351,7.8599599829999995,6.585936969,7.152433292,10.02104073,5.258338339,5.101417553,7.036263138,5.6321632410000015,5.435419232,5.7670152360000015,4.453184329,4.39048111,8.678369352999999,6.330902846,8.496664682999999,12.42436045,4.649332288,8.949945537,6.066196428,7.659033513,5.015230177,4.473461808,5.934610738,11.75389531,10.28287406,8.241815195,7.642977228999999,5.384706785,4.800696805,5.6934121289999995,7.146392682999999,9.27825604,7.391407282,7.8515819539999985,5.352170056,7.666940941,5.925187386,5.234207103,6.070877384,7.223431729,7.430760542000001,6.292402474,6.868660067,7.4539144020000005,6.755660764,5.650305792999999,5.784142472,8.173094669,8.350628922,9.110551561,9.700618301,8.152270137,10.34390032,9.039385084,8.721870337999999,7.722797944,7.8940285060000015,6.160600095,10.1354179,4.5927438789999995,8.397391916,6.359273815,4.599267258999999,8.852459352999999,6.464309338,11.46950154,4.410319843,6.557592333,5.867686394,6.317478799,6.191466613999999,8.264289672,8.565379549,7.477648855,4.45900713,8.209666198999999,4.39694642,8.025518111,5.0258323030000005,5.745312825,5.788978329,5.9256659,9.738111053999999,4.965269097,5.671604637000001,6.849007643999999,5.075390683,7.025691972000001,7.63823544,8.794794605,7.757427957000001,4.25756135,8.001998958,8.4673428,5.545366771,5.430048861,5.081945056,6.7635388270000005,6.607678074,8.530615762,4.75945937,8.960919192,7.357237483,5.734780957999999,6.390436782,7.730890692000001,6.6322624029999995,6.064386344,7.828095789,6.915756332000001,9.561036247999999,7.214998262000001,4.213195995,6.976694424,7.3445813829999995,5.497170497000001,5.263750407,8.618324756,5.344809791,5.206727955,8.801316992,8.018918845,7.218036427,8.070646434,9.309106153,5.688104196,5.378473604,9.970358535,9.133457669,5.615039756,4.419277211,5.152739858,5.172570169,5.226703387,7.454058527999999,7.997499737999999,8.844225514,7.031468384,6.815699045,6.77050034,10.55605107,7.393180911,4.80839369,6.285792185,7.479713844,4.602375996,11.84205461,6.137253969,9.600338706,7.588042084,9.116003033,7.550573327,8.002077486000001,9.280823095,5.988699774,5.285961267,6.4497729889999995,4.353819967,7.988503121,7.475606252,7.731964558,5.589297771,11.59139887,7.75559663,8.042798067,8.914109391,5.869647109,5.68186873,5.316514767,7.148199475,5.303254587,5.4856167760000005,6.399044879,7.81640383,7.304098346,7.279991017,6.705962726,5.593935815,4.82543522,5.175130687,5.6743351539999995,6.341053401,5.521433131,4.40135156,4.069840226,5.123659151,5.204267627,5.20970514,4.5908152069999995,5.617032772000001,7.337480802999999,5.8054454060000005,6.587648637000001,5.86296469,6.939654831,4.679658979,11.06966639,9.449557636,4.738270834,5.947991742999999,7.146481735,5.309210537,8.583365642999999,4.503651921,5.319668359,9.549887353999999,6.449545218,8.202031538,5.657760306,5.495874954,6.685027737,5.846460757000001,4.202334414,4.487399872,6.972912332000001,5.34434333,7.880836211,4.74110038,6.654581385,6.494159302000001,6.809439555,4.5645960169999995,5.434073385,9.99087645,8.493274187,5.550620285,6.986556462,6.337767303,7.243800221,5.8081631960000015,5.993970751,6.648063336,6.334177057000001,9.70534655,9.489948803999999,9.636475916,7.16746605,7.852614847999999,5.111675853,7.095071462999999,4.714591915,7.9991337520000005,7.18985853,6.204063493,7.0865880039999976,8.557742637999999,7.589957711,5.140520334,5.269688013000001,4.894119305,6.1846715360000015,9.594429017000001,9.906965092,4.819320929,5.6991621939999995,5.950962264,7.938442961,5.928869547000001,6.4666592760000015,11.01853087,5.143335378,7.861375568,6.698545633999999,5.337513133,7.008840137000001,4.590784438,5.942874463,5.843490137000001,5.227557904,5.414295813,5.247775798,8.968411338,11.36114321,5.656069402999999,4.268572173,4.737791057,9.919117421000001,8.519279739,7.774070921,6.6662155510000005,4.490582871,4.272440233999999,7.4005141939999985,7.003357882,6.984655589,4.90135603,4.7369939169999995,6.596541002,4.617412683,4.918217567,5.086070095,8.586066801,9.074621302999999,5.068056102,5.84177145,6.811170721,7.975317255,5.964880421,4.592302228,6.352354602,5.329032928999999,5.504747561,5.522474956,8.867113832000001,6.5907528110000015,6.507133235,6.800523484,5.740095977999999,7.406185446,5.093645396,6.192189162999999,8.915259625,6.5996284260000015,4.876355611,7.700291826,4.729282883,8.10374402,7.900862525,4.798501035,9.502881643,6.3558193439999995,10.15703222,5.173785501,6.023775204,5.607057919,11.81260082,5.963688445,10.15811681,12.28566716,8.039109652,6.540099796,7.459396882999999,5.855647481,10.9414198,9.400767898,4.873090383,7.955180536,7.154021544,8.530785527,9.205398519,6.654334092999999,10.61573847,6.223807817999999,4.984079877,8.658302907000001,8.845010398,5.729027632,10.39317211,5.677960556,8.266654991000001,5.333644673,6.3911105820000005,6.9803231729999995,4.787486341,6.209491732,7.024333399,4.297395205,8.223825741,4.8478685619999995,8.571677907,8.593653518,5.715301015,5.068825034,4.633442227,10.61966661,7.453457812999999,7.140656149,6.97093445,7.260208615,7.546753394,7.272213428,9.927361487999999,5.915485515,6.7759616110000005,7.504203353999999,8.20723043,5.925663064,9.430460295,7.150118544,5.622391264,5.873933438,5.40321451,7.3663816739999985,8.24385629,5.963630869,5.230764403999999,8.815169656,4.554113387,5.234507476,5.853578272000001,4.905725708,6.652484977,5.6131911279999995,6.188277808,9.156976214,7.3393757389999985,9.217475988,9.521987889,8.068837683,8.961029249,5.137709112,7.827721282000001,6.595240702000001,8.701643792999999,7.6206493029999995,5.102454096000001,5.0503787319999995,7.352468977000001,7.31970796,4.497392296,6.380310828,6.968521363,8.342265422999999,5.849118722,5.111583486000001,6.047354365,7.142549653,8.056061785,7.985226346,7.561413009,7.932026229,6.841105353,5.739648572,6.579444341,7.790669164,10.05402075,6.708194617999999,6.707666897,12.88259284,8.896337691,6.735430067999999,8.506715011,11.38016106,10.85026511,4.186892799,4.195903265,5.425789765,6.865439907000001,8.460337557999999,10.02361073,6.972882956,7.600602477000001,7.956536483,5.430982928,4.7224355330000005,6.928363347,8.317453059,9.06905508,5.582457467999999,10.01035868,4.641124507,9.073730449,5.4000748970000005,5.108163072,5.191104289,6.490859531,4.535067358,4.799468658,5.21565277,7.705228121,8.008287232999999,4.631161186,9.352892368,6.767848834,6.751112943,9.467770991,6.6638833360000005,9.887227118,7.363871649,7.921348718,5.673398584,6.030125415,5.083153067,4.752281541,6.710226847,7.77326678,6.7878233020000005,4.937375753,7.959933958,7.2330774920000005,5.349483276,8.15944446,7.091445208,7.465665962,5.987053347000001,5.531227146,4.2803389,5.359874728,10.17560536,6.996796101,5.140682067,11.67054024,5.192275205,10.67891964,5.755719002,6.03052479,5.841208961,5.515385834,4.937422083,4.557994358,5.7312843739999995,5.351612752,4.823666762,5.26137527,6.09215335,4.814450005,6.934794887000001,5.302211618,7.262720718,12.18502645,5.57421987,4.757414936,5.674151859,6.046091121,4.945843374,6.954759475,9.42195583,6.801302777,5.905508697,10.20299823,5.71461562,4.927400405,4.247782337,5.611887126,4.993266098,7.940609151,7.586354696,5.302187857,7.720296323999999,5.9629088889999995,7.055667947000001,5.73662554,5.823461484,4.508680524,7.6951148510000005,8.669527214,10.2959632,5.044319557,4.721300907,7.213716954,5.179530234,11.03814307,5.883863419,8.87248415,6.495107656,6.195447511,5.738216027000001,8.310776005,8.599328468,6.200535062999999,6.258201307,6.950618443,5.741130724,7.76896529,5.717839239,4.5890915130000005,4.980905508999999,5.388798692000001,6.997118209,8.57921821,6.177082048,5.8620252729999995,5.873503082999999,5.24034217,7.008972907,6.192498165,4.577677017,4.252943801,4.1138991030000005,6.8320880000000015,8.703577382,4.874037112,6.760239058,6.533225848,5.6932358039999995,6.253744844,7.03706323,10.25983853,4.882737654,10.62084132,4.9517642969999995,6.021071915,4.826649762,11.28103155,4.41299449,7.685116308,5.15850098,5.825605362,5.430279998,8.698009196000001,5.75298744,8.242090961,7.972641287999999,4.470670375,5.340622309,8.590171955,7.133089469,7.318046402999999,4.488409834,6.785787826,5.779555611,9.195815831,7.154597721,8.098717158,6.654294362000001,7.495057774,4.80063513,8.972442735,5.260232998,5.310305444,7.364486787000001,8.395928992,5.067530411,9.175536486,10.90544646,7.083427358,6.667242398,4.905443562,11.11049275,4.652071871,9.124758647,4.71347533,6.194040526,5.243137512,5.031570643999999,4.876542082,6.322978377,8.373949073,11.59104828,6.632254382999999,4.884810507,8.023811734,8.207719212999999,5.792850527000001,4.455685926,8.112423698999999,7.711585931,8.931185117,6.373120472,5.2871060739999995,6.213943133,7.759552346,6.98281629,6.706640724,4.683255309,5.128560772,5.078741088,5.6765125339999996,6.509895185,7.126634075,7.837170634,6.927865216,5.221287127,6.960422137999999,7.612230017999999,5.543466821,5.626577758,8.871929026,4.795344986,6.6465029929999995,4.87434213,8.977907373999999,5.323429774,4.813148579,4.838174853,5.716323963,5.787499285,9.465791579,5.750666549,5.476872079,5.713769494,4.514437268,9.535887726,8.501953054,5.822959902000001,6.381529966,5.6072266420000005,6.789601998999999,5.8235111129999995,6.97422336,4.503711287,9.835429015,6.5616020760000024,7.832889845,4.2332485160000015,5.119632889,8.332854437,5.237814602,8.596736191,10.32646464,6.1380533370000006,10.38611246,7.532449217000001,4.957474314,6.559659318,6.601814528999999,4.279522167,4.848721739,7.304982884,5.038858142,5.335553956,5.093190122,5.042560684,5.608959337999999,6.2502972560000005,5.8382605629999995,6.859424926,6.074844286,4.534396895,6.357432686,7.664864323,4.73496446,7.191280326,5.661895839,5.558178476,5.545522365,4.667801517,8.02056185,9.145895032,5.371838755,5.081590361,5.126803048,7.157576884,7.009551339,11.14001777,7.892393179,4.140638471,5.440010028,8.157671673,5.308428534,4.311006707,4.727372046,6.716577111,5.160912776,4.27679354,7.928609363,6.1627449,10.81221292,6.486687099,6.068056843,6.254765592999999,5.94569125,7.258381999,6.70292213,5.477756756000002,5.499413515,5.649588,7.249431183,6.63796155,4.892994463,6.221081785,4.965516401,7.6045200920000005,4.718475051,8.339432943,7.1871287420000005,10.36844015,4.663687144,4.407191302,7.056908046,5.5073538960000015,6.031460017000001,4.805583382,10.05797048,6.9008613510000005,10.05910821,7.574598677999999,4.815793153,5.301472562,6.68201473,7.692046697,6.752206158,8.972293605,6.3126495039999995,6.349942712000001,6.0750923839999995,6.966118117000001,7.415323586,7.024747071,4.285155968,6.760142758,4.821927641,4.785199312,5.8342189410000005,7.364182135,5.253810328,4.396997726,7.296336416,5.976381085,5.495276401,6.054973671,5.290796108,5.08693913,7.603922464,4.3784606539999995,5.051759766,4.831896789,9.692998307,6.768773907000001,9.508883331,4.521718374,7.347211202,5.326506708,10.01020368,6.823421727,6.231044279,4.859600391,7.628803549,4.947387968999999,11.45027121,9.148471215,5.971752385,6.5824630410000005,9.648083657,9.861365311,7.693188782999999,6.530833951,7.711625109,5.714374072999999,10.71827971,5.712912604,6.111353546,6.540014322999999,8.098792661000001,8.498264133,5.838782386,8.104023067,9.342506803,10.22074953,4.512715407,5.175920681,5.500514335,4.807062952,8.399995563,4.811367662,9.834121631,8.325662407000001,5.604840514,5.278295156,5.483234293,5.675970883,4.332405501,5.860878832999999,7.844459756,9.000816807,7.049829536,4.990829651,5.809024854,11.48355736,12.35401926,6.222020729,5.078889428,6.2321421070000005,5.304596125,4.2921990889999995,8.024736401,7.169402265,10.38474224,8.514897955,6.287830682,7.741506375,7.109640095,5.437212227000001,4.8253376789999995,4.851641613,5.216800692,6.5891304129999995,6.864094562000001,6.041782744,5.882052375,5.812045366,5.5527202739999995,6.650373871,7.470223797,7.608076466,5.700181477999999,4.3990275919999995,7.936355835,4.275451973,5.165213631,5.688491459,5.681661752999999,6.385702035,6.531408421,5.512922275,8.954396877,4.941941474,5.365509239,5.909331356,4.817531218,6.858964384,4.801862073,10.42399767,9.842162624,5.627400777,5.577043447,5.312259499,5.564459314,7.470536748,8.420973423,4.43900202,4.515231899,7.1403222379999995,8.589988553,5.4375686089999995,6.372567413,8.634132506,7.601223363,4.773986976000001,5.6178517060000015,7.120718373,6.149979276,9.955179196,8.53805366,4.609920273,10.08646783,5.193069979,4.588730792,5.147286684,6.198822389,8.675167529,5.17229103,6.873159516,7.813429687,6.857944292000001,4.848598602,6.315250355,5.125391497,7.631319069,5.36570816,7.222083948,4.928690587,10.82668645,9.820610176,5.219223686,7.29752634,5.155191542,5.101041498,11.38191037,6.235892699,6.496898165,10.19181263,9.382263402000001,6.32172572,6.082549617000001,7.438267907999999,5.015892739,7.284459742999999,8.892904042,4.211289064,7.633417944,6.342581778,7.654326202000001,6.689176201,5.84468593,6.578128714,8.271265306,6.212092875,8.421615601000001,6.704475612,5.860053937000001,6.561846787,4.972138313,8.604386265,5.844510093999999,9.009004666000001,5.178707986,5.973607071,4.975535109,5.199770684,5.023458651,4.834247421000001,4.891177633,5.211937287,6.517828827000001,5.26293959,5.031573542,5.610948098,5.868620394,7.252327216,7.403621621,7.238603104,6.461756502,5.810767909,12.35276978,5.541408504,6.3151550489999995,7.880332049,5.539360137,4.202739674,7.490742278,5.418804495,8.900451896,5.191263496,5.176126593999999,4.440214975,7.426499954,5.835226627000001,6.596074354,7.158037525,5.784657009,5.59810468,12.76021273,6.804429207,4.2592464460000015,12.39878294,7.585810342,5.7252742539999995,4.470577629,5.652147126,6.197222312999999,8.647697435,6.0737942,4.9110382260000005,4.5980900689999995,7.671799339,5.687957872,7.7308845370000006,6.74978863,8.006336713,6.149099541,7.359855382999999,5.455484014,4.87814304,5.938572289,5.743834044,4.834769106,4.557775423,4.680579175,9.466082992,8.209556335,10.00564449,6.370786819,5.830102612,5.653628932,6.847887657999999,7.697493763,4.881147619,5.837840278,5.576284575,5.868408596,4.826802302,7.933755199,13.05510314,4.278280672,5.369699128,7.0904988410000005,4.275852642,8.029749146,9.35610749,10.079569699999999,11.45646043,7.271362661,7.370130876,8.277469422000001,7.266049093999999,5.32130751,6.056291794,7.24792798,4.923133366,6.628814042,6.1657842610000015,9.629544141,7.086143927,5.010085012,5.586225555,4.88632824,5.709199571,4.422834368999999,5.795759549,8.213208682000001,8.294670227000001,5.571625386,5.6521837029999995,8.916332622999999,10.35584199,11.125259300000002,6.390296383,5.8114102370000005,5.88460234,7.238646072000001,9.465921572000001,7.34722503,7.668714232,7.128726914,5.0640574019999995,7.688814953,5.277136076000001,4.619413641,5.621694767,5.307178223,5.1404617969999995,6.576974882000001,8.565427297000001,5.256683442,4.0826850630000004,5.38090456,4.438996714,4.5969684719999995,6.405913684,4.939438255,4.979449106000001,4.535800171,6.843735307999999,5.441062313,8.308413974,5.8186167860000015,7.518170329,5.968909244,6.169793219,5.855428193,9.499262603,6.863795426,4.631623964,8.131341217000001,4.543148683,6.600211423999999,7.940435898,5.775556532,7.683529092000001,8.394134635,7.927514029,8.179972781,8.252602484,4.949076819,5.381786311,4.4054862,8.404972416,10.65424759,6.032857118,7.793597411,7.096681707,7.198454586,5.9265166979999995,4.858502952,6.7988088289999995,4.853091723,5.055310307,6.2023289429999995,6.6449502910000025,6.143696992000001,5.746118878,5.697682746,4.9143639839999995,7.6743544739999985,4.683900817,7.151313805,6.4285475660000015,8.57354933,5.305415473,7.666779149,7.645395255,5.3293203060000005,5.050000743,10.0070238,5.811253557000001,5.39905649,8.469443028999999,4.323826736,6.168958797999999,7.99515265,5.788081802000001,6.086926442999999,7.315467331,8.766183448,6.374714177,7.38735023,4.987772403,4.245595263,5.054827811,4.759431271,9.782397203,5.314878556,6.257479752999999,5.98644646,5.024519273,8.211301548,7.37038097,5.5842546220000004,5.477215084,4.983673433,5.625431721,9.191475785,6.973511866,9.320379373,6.185119498,6.4070175260000015,7.736794887,5.521666217000001,6.14265812,4.912750681,12.87599743,6.124280385,4.3657508310000015,6.954423695,5.335084075,7.160117249,6.743471832999999,7.623071702000001,4.766359205,9.315124804,5.866954666,10.04481733,4.403326458,5.521424777000001,5.165366562,4.955054217,5.010975727,6.7798810739999995,6.3923917260000005,7.658391802000001,11.538755,5.803622219,6.773826484,5.697444031,4.928899152,7.419501222999999,5.41863183,5.944988717999999,5.65174313,7.762742458,6.149573837999999,5.124597249,4.584760145,4.911744961,8.433100021,5.4188866639999995,5.110328629,6.018308311,4.816406419,4.847874492,5.088904298,6.565916818,8.41548011,8.456004228,4.842011724,6.944010124,6.234963235,8.604137573,7.524863048999999,6.283564048,6.284855061,6.3581648479999995,5.207788876,6.325751341,5.8544084629999995,5.081878951,8.99295251,6.2536003220000005,4.344864329,7.730312822999999,7.352574122,4.532647492,6.156972885,7.543682578999999,7.789972931,10.66208289,4.8523660710000005,4.712408478,7.584432427,7.995651153,7.345436302,4.796851636,7.928450939,5.677195959,6.802804748,5.724543411,6.084690129,4.984439514,6.9800262910000015,6.7102230579999995,5.6365190620000005,7.8651558060000015,8.085540952999999,6.025241049,9.798498666,6.34890528,4.870817016,7.362216011,7.7347171,7.518898106,4.642666965,8.067501349,4.330973335,8.98540391,5.891958058999999,7.702395049,7.033504656,7.200616274,4.2692458910000015,6.5417837410000015,7.2424325970000005,6.5839342510000005,4.667454029,4.1742223869999995,5.999786114,9.552568522,5.069357025,6.460936165,7.784144078,5.64260659,6.0284018060000015,7.771164757,5.281442949,5.622487099,6.4775839170000005,5.42652021,8.65060331,10.31984221,7.518429717999999,4.192223376,5.405079023,7.886115697,5.9155244960000015,9.597075588,6.797433361,4.571960206,5.376108602,6.343462242999999,5.169848198,4.585138801,5.954461692000001,4.468619562,7.039031886,5.059485491,5.306888557,6.530313437999999,8.970179099,8.40128126,6.941573633,7.18563397,4.6662562439999995,5.307407773,6.922085605,5.539523419,5.678584312000001,9.190532314,4.923942923999999,6.28655911,8.360531457999999,5.49817788,7.601112818,4.633401208,8.180211106,8.242063225,7.559007382000001,10.02631712,4.8239853319999995,11.33634973,4.450757277,7.184730603999999,6.99373388,4.679198101,4.501435431,10.53835797,7.265492068999999,6.593941015,6.3313409279999995,7.22608955,4.936646214,7.0047182810000015,8.882186738,7.8934109810000015,8.017301045,5.141659801,5.897616827,7.913486685,8.190354427,4.488443072,5.205242128,5.396280399,5.287651477,4.836460961,5.648314506,6.8968971660000005,4.607267712,8.00079713,4.779591492,4.904712153999999,7.964692886,8.161402246,6.595518124,5.565924232,7.757681132,7.152648869,4.800244351,7.59824377,8.04463157,7.329484575,7.4236680339999985,4.683754223999999,4.718589892,8.452718091,7.644813721,5.936192514,8.701875255,9.283387527999999,4.930191703999999,8.714245834,5.329192239,5.070290544,7.395709844,6.641953689,6.782357779,6.449977256,4.806631843,5.131607726,6.57473457,5.112893315,9.337176964,4.38490655,5.092693882,10.36079501,7.117967899,7.3488042,7.635913648,5.795569479,8.193731534,4.147231913,8.469623848,7.0229672039999995,5.1389728880000005,6.0147054760000005,4.951420359,6.2675931579999995,5.696047502000001,6.020162685,5.699590762000001,6.529281532000001,5.895880644,6.522037856,4.4427456780000005,8.34563347,5.116780556,7.401170549,4.336038745,7.174277035,8.896475251,8.005752569,7.893253425,8.954704223,5.6775230310000016,7.656457487000001,4.492467714,8.237502476,6.134863289,9.728680949,11.48644165,6.134233313999999,7.3621297110000015,5.410768462,7.617290661,4.302193157,8.693381453999999,6.074549635,8.198138703,6.799051812,7.734161665,4.832197468,6.32543462,6.005859244,4.398422353,6.133934603999999,5.240999013,5.033590611,5.690621095,13.21519503,6.636512139,6.474432928,10.16680595,7.810163524,6.143929368999999,8.299873426,8.040707043,8.255200519,9.353140243,8.927150166,7.058539013,7.047682204,5.205493788,5.5682692660000015,6.460864554,8.264836079,4.288779562,6.107659462000001,11.48764651,5.390830547999999,8.408040405,5.832637895,5.540725651,5.240529895,6.874343634,6.322936014,9.420483377,9.485606133,7.841871135,7.297705203,6.50380241,4.28136699,5.430531403,7.6011847470000005,8.448449787000001,5.553807837000001,4.486248524,6.587320581,5.575636821,7.285205811,7.465486012,5.211896324,6.242011682,6.35443021,6.1289234839999995,5.491547862999999,7.342542777999999,6.371680875,5.966730962000001,4.770058592,7.152138937999999,5.422649312000001,5.1757379839999995,4.19535706,4.804373988,8.571980762,6.621381307999999,8.517078198,5.910716633,7.6113028310000015,5.7223830389999994,7.893967779,5.995898897000001,7.084932134,5.810774747999999,5.218355911000001,6.3601408410000015,7.75778555,5.932526967,8.719652252000001,4.450349227,6.209337256,4.416661284,5.71741423,7.640525692000001,11.69144448,4.741305551,8.506718457,11.84503583,6.8393669379999995,6.219102542999999,7.119473361,7.035659764,7.004844301,6.078677806,6.698111063,8.330097076,6.3266592379999995,5.847321872,8.920093853,6.497406655,5.784921174,5.325248325,7.015486192999999,4.600195398,7.752756064,12.30377488,5.2564592910000005,6.688457372999999,5.898365605,7.893858312000001,6.299768877999999,6.900171877000001,5.690494581,8.833992531,5.007070488,6.092589244,7.319127707000001,5.694647454,6.715125147999999,6.865285199,4.825225678,8.133291946,7.2264088179999995,5.653849927,5.1934420160000005,5.24112367,5.191392,6.6625348970000005,4.668452234,5.499004612,6.864835848999999,6.703293658,6.575767615,10.16497967,5.435517582,4.736889706,5.692774534,6.650815691,6.2689737,8.366943793999999,6.842782091,6.093950456,7.326577202999999,7.587387647000001,6.035303884,7.03743974,8.233534762,4.929969021000001,5.815729784,8.089148518,9.083728987999999,4.1138491460000015,5.7627681289999995,5.247282166000001,6.063512652000001,6.458983722999999,6.756001165,4.536724746,9.571385101,5.752374457,5.9589224839999995,8.205160591,6.382084084,7.197837034,6.308477826,8.78656277,8.136140703999999,7.22704546,8.615329722,6.005084779,7.428361207999999,7.213394619,8.087155274,5.900203457999999,7.799691507,11.66666354,7.365168177999999,4.76936833,10.15358217,7.063338077999999,8.081797212,6.906332065,7.047562135,6.28002381,5.147766644,5.484111381,5.65396883,7.745063036,7.342799648,5.9723376770000005,6.885963843,4.665853313,5.0109085669999995,10.10485917,5.1298824739999995,8.904445849,5.3188425960000005,4.404855803999999,11.18103516,5.217128536000001,10.32676981,5.348217072,6.59021405,6.230802075,9.633212854,5.721713144,8.091207426,9.10953854,6.460757822000001,7.289850922,7.453560112999999,7.5038059729999995,6.776102196,6.019892845,6.162266186,4.4890272000000015,6.926629985,6.03029751,9.142829082,5.43258978,9.602174247,7.69847601,7.965507016,7.159339827999999,5.993937186,8.089516925,8.627100402,7.4233527289999985,8.09860849,8.707538287,5.363525321,7.752427467,5.02621269,6.257825344,8.035348707,9.513199108,8.186701669,4.433710243999999,5.620776547999999,8.316650183,7.77303898,5.463007336,7.344189419,7.926615512000001,10.0754038,7.283537442999999,5.470395902000001,6.032278985,5.888442341,8.004729328,8.392281495,8.593489672999999,8.216847739,6.05579883,7.595710866,6.064408504,10.5772583,6.687164787,6.8219786870000005,8.126296349,6.075140721,7.469309053,5.49352102,4.221410695,9.994911404,6.779465184,6.5305765,7.575736846,5.296437269,6.793282972,5.41690303,6.429978221,7.18274498,5.4500639920000005,5.7773296610000004,5.235925451,6.463125558,8.044009997,9.750831665,3.813668525,5.327194585,5.677607148,5.80295889,7.957001859,4.774286378999999,5.4176195310000015,4.3989192919999995,7.778565703,5.285286816,5.115507438,6.724929241,8.940066879,4.688644738,7.499636897999999,8.209415577,9.721185902,7.346088615,4.963900962,4.729272601,8.753383232000001,9.064467547000001,8.672297665,10.43141862,9.787400051,6.312865771,4.531141262,4.817968844,6.839937736,7.513470055,5.60518454,7.866808363,7.409916731,7.886421745,8.955224539,5.76346925,6.355621263,5.003200316,7.2236140120000005,4.782486976,6.2495644860000015,4.8486409010000004,4.774844794,6.9150158489999995,6.2033253560000015,6.402384574,5.501861623,7.437465426,8.759435643,6.04335492,5.746477499,5.499408868,5.799347125,10.31266984,9.13979267,8.18821052,8.436744212,6.83506759,6.9717947239999996,7.560502358,5.99506491,6.847714548,7.083516286,5.459077159,4.729058641,5.939721603,7.215446384,6.584527552999999,4.356994459,5.7626992910000014,6.935082446,5.181558036,8.310216543,5.508183667999999,5.8691007520000005,5.003966134,7.363536346,5.343355765,4.658136302,5.161605051,5.595191802,7.9473019,5.265506307,4.601905567,8.190828783999999,4.877626537,8.875576397,10.52609055,5.184767863,6.907940505,11.64608635,6.561937403,6.152277638999999,4.85318027,5.124996586,6.295701276,6.841436067999999,4.628303282,8.490143993,7.136495048,7.41859968,7.461105762000001,5.652620422999999,5.787895391,5.26722979,5.933354487999999,5.2419101139999995,7.063351535,6.364804797000001,6.314391317,11.77763182,4.96730631,4.657118700000002,7.654941459,5.5976801960000016,5.163443879,7.092090568,6.501921224,8.762242937,6.040906531,6.148298317,5.022076135,6.486405897000001,4.837954374,4.747680992,5.94576049,8.723648962,5.362681499,7.245327728999999,4.896304487,4.8379760460000005,5.673755063,4.8143722780000004,6.3137430660000025,5.4014908870000005,4.671976857,7.445772688,5.562936702999999,6.4548756360000015,11.97958911,5.125806347,8.791130653,6.9454689929999995,10.41241936,4.567506245,5.979013052999999,7.627129196,5.661762837,4.091060499,7.650081809,4.403617362,7.259935033,5.658276663,5.95378337,5.486300489,11.7157117,9.660190077000001,8.26458148,4.814227064,5.066078824,4.695779097,7.621553221,7.332826594,5.244256871,5.808171912000001,5.472628328,5.55935224,7.065792626,7.277646752000001,7.910727972999999,7.799284366,5.868750981,4.533591041,4.972952801,7.1970055529999994,10.98580626,4.858129371,10.85395359,6.062675536,8.663069079,9.584510104,4.902074686000001,4.456365186,5.814802365,10.8241601,6.876624085,7.188207679,9.382954968,6.612529229,10.06041324,8.736623981000001,7.081773909,4.615108329,5.995807523,5.883411578,5.381985082999999,6.474756826,7.677903896,7.665033519,8.065169476,4.759017781,6.095671727,7.656070817000001,7.493033617,6.335237327000001,4.545925874,5.686782148,8.643203192,4.9845795310000005,6.811395724,6.5397068439999995,7.226026192000001,6.220683206,7.851845742,7.052497671,4.484326248,7.3682477870000005,6.187343987999999,6.309843666,7.58426668,4.861834428,8.492099995,6.088702645,7.388763235,6.084548912000001,6.123415672,9.372983955,5.43351962,8.123205061,11.02594967,11.39404578,5.6874612010000005,8.41435956,4.620039026000001,10.23183988,5.479793428,6.997814099,5.779665499,5.7198054339999995,5.98121755,7.7109069020000005,11.26316763,6.413175829,5.64978486,4.620610299,7.52267597,9.490254764,7.936595588999999,6.521325813,6.568856212000001,4.978258853,7.895731396,5.5931899210000005,7.174714974,5.7967458610000016,6.665669554,6.195678035,8.857582969,10.42372451,6.191813123999999,4.890693303,4.0
22,11.50149206,6.442371492,10.06803335,6.963142909,6.355185272000001,4.505605357,8.708670106,5.215859324,4.516068508,6.00094258,4.570771944,10.72197403,5.686403123,11.15289902,6.80146911,7.280425217,9.264126575,6.315970509,4.7461321960000005,8.968372459,4.4031022580000005,7.055727082000001,8.201784479,8.276174758,6.6878140010000005,5.099945352,6.4025454029999995,6.8619766910000015,5.327775238,5.086924109,9.169905676,6.332520677000001,7.255834097,5.15407988,7.7251166960000015,7.1945858560000016,6.3680700660000005,4.852083966,6.030109086,5.0859527060000005,9.090945526,6.182953304,6.46408533,7.3724780339999985,7.443572777999999,7.562455722,5.632205614,9.458288917,6.107286892,7.180064599,4.70077951,6.180118491,6.342723522000001,9.207647722,4.3220868260000005,5.5820590060000015,4.638904575,9.564482411,4.479225634,5.486773769,6.080817861,5.36516649,8.492506169,6.912919058,6.338581211,8.250269444,6.463140937,7.087047044,7.3940686960000015,7.831392153999999,6.335388312999999,13.5181696,8.005862952000001,4.417853148,6.8746792889999995,4.738113684,5.035287448,6.635549515,4.650025679,6.81094212,7.3732038310000005,6.413856415,8.638084422,9.042507137000001,5.273553656,5.664064442999999,7.488676497999999,4.9273997419999995,5.407971438,8.560319865,5.330746971,6.998517367000001,5.24807257,8.531623349,7.795500189,6.114101886,10.23013373,4.389235505,4.317163208,7.0484042879999995,5.454337732000001,6.0064216020000005,6.4053457210000015,8.564987106,7.452004938,9.153700446,9.57436994,4.767665404,5.0284764000000015,7.1580560470000005,4.9751590939999994,5.126707822,4.796996409,6.735165042999999,5.935333825,9.052949647,4.32670593,5.290257243,5.880046843,6.875871997000001,10.854647199999999,8.629766072,5.741546848,8.742215148,7.780149285,5.2821427739999995,4.973961296000001,5.456137135,4.676784881000001,7.379573947999999,5.443773075,10.96838826,6.546830569,6.58209914,5.835749924,8.040748607000001,6.532607877,4.731770722,6.287236872,5.3135597510000006,4.372232695,4.589372707,9.914731286,9.148258279,5.644284422999999,6.348863904,4.936908325,6.065469641,10.26790921,4.728262443,6.9791131360000005,4.731528248,7.200273342999999,5.525224796,8.73827955,6.63257591,5.736863747999999,6.193571929,7.708140667,5.346744183999999,9.101556646,4.770013274,6.886826602,6.292550022,6.777024409,4.7640755619999995,8.893178767,6.802069413,8.907980371,4.965191657,4.35156473,5.958083646,7.25387529,9.170295199,8.207702661,8.34902625,8.033019292999999,9.792479002,7.6076755060000005,4.580852244,5.576925352999999,4.432778325,5.21360975,4.557041882,4.396621081,9.955099639,9.25701749,7.689693802000001,7.15825626,6.037861945,5.155064684,6.463150015,7.0963414160000005,7.4351252510000005,6.205401942000001,6.486973405,7.81797012,8.750490682,6.242774596,5.575816372999999,8.151872376,8.859764105,7.5742523760000005,9.452456485,6.214428539,6.935434267000001,5.637472746,8.262827551,4.736596797,5.449053957,5.088603815,9.873359407,5.9408638210000015,5.816516943,6.2151221670000005,9.254887091,6.333001498,5.873113525,6.279914262,5.8423294110000015,7.321422592999999,8.551113701,6.497064924,6.941721338,4.502733147,11.15365941,5.6392328,7.131342328,5.480434799999999,5.870379436,6.156483795,10.03350703,5.0859636969999995,5.353907635,11.35395009,5.3847811839999995,6.161352357999999,4.850398866,5.281831766,7.98134041,5.848019184,4.254925335,8.836448303,7.383963457,5.531576804,6.8135084610000005,5.430313792000001,4.652612597,6.2297097820000005,4.926018202,5.735378008,4.925996222,6.71879443,4.73094431,9.879670747,7.67250849,10.36222301,5.799352482000001,6.3073298829999995,9.14176897,5.646238632,6.867631255,5.066943491,5.269260018,4.656442299999998,7.515971531,5.3691125689999994,6.873610404,6.212164821,6.918278269,7.1180385510000015,4.668945893,7.053280387999999,6.95825291,7.809522096,6.511460258,8.429819001,7.0283960999999975,4.482832818,8.180887468,11.56632956,8.401735942,8.617592396000001,7.52255705,4.381808875,7.4321755629999995,5.779905319,4.91761119,5.50538799,5.851914086,6.664978773,6.666931131,9.28747002,10.63615461,4.965512438999999,7.38189164,6.971159806,5.0145074119999995,6.285051645,8.891757899,5.930476106,5.6066843429999995,9.721787048,5.862713192,7.796469302999999,6.919588462999999,7.455708127,4.7159481219999995,6.921718477000001,4.920637311,4.43064762,5.77188515,6.41641135,6.7577459410000005,4.677197275,7.604141019,7.015955397000001,9.768861845,6.822428426,7.3812923779999995,6.175912899,5.272539419,5.972877177999999,4.628634701,7.85747222,4.677607076,6.731795485,10.385073,8.393103538,5.046282286,6.899490806,5.764388783999999,4.830382449,6.131059483,11.62638356,6.986157612,6.201104777,7.840455771,8.595916075,8.1596453,4.320360882,7.539984349,7.735142194,5.405552861,6.64350281,7.077242565,4.702353014,7.499452923,5.5716171160000005,8.167678421,5.09188012,6.280016149,4.673708582,6.040137232999999,7.7412463670000005,7.398333918,8.760252202,5.736360539,7.722674279,8.952642838,5.054043426000001,10.27555551,8.508830226,4.594475587,4.959274703999999,5.419809435,8.130212756,5.424384506,8.207199825,5.159400717,6.0044885279999995,4.9844395630000005,6.602749149,5.725360734,5.392266001,9.639912936,8.518327482,6.034278314,8.479845527,8.505095942,7.3506679,5.654903653,6.3100328889999995,4.517108428999999,4.862970081,8.765548638,6.239062075,7.874146979,5.206580257,7.698496987,5.923440667,6.262111708,8.554487137999999,8.978221469,6.516017941,6.992607146,8.038289322999999,6.511164832,6.820190116,6.199315937000001,5.264528017,9.226419169,6.873461868,5.724435119,6.196317231,6.1732865110000015,4.685959639,6.89612314,5.5803443470000005,8.029406892999999,10.82099309,4.26431945,7.753742904,4.842169406,5.886866531,5.529670061,6.314380907,5.518627996,5.337513745,8.730809927000001,6.606106575,4.66008699,5.664551311,10.439303500000001,6.021911433,7.941893792,6.420154256,5.092464181,8.090246118,5.415750967,10.39802045,7.6181913,4.316782454,5.7515813179999995,11.63373314,8.098534772,6.424526056,7.0022076160000015,6.2180518739999995,8.946694328,5.549040442000001,4.785903966,6.468842968,5.647339016,8.773264314,6.089321832,5.1168363889999995,7.991553841,7.494752684,5.121722231000001,4.81519485,6.52027907,5.118722662,5.994238788,4.630387717,4.911844295,7.759447618999999,6.876955646,4.917988200000001,7.200370982999999,8.15957021,7.996568055,5.034626225,8.847838932,6.4970241060000005,5.37073751,6.402874167999999,5.052630738,7.390427669,5.598747313,8.114011657,5.511852782,4.897979253,5.507905119,4.536293378,4.875413443,4.290743096,6.461321272999999,6.715975808,7.2153369760000015,5.755598452999999,7.47280029,11.02730793,5.443701507999999,4.6127299289999995,6.861131134,7.583613467999999,4.652456265,6.9293406210000015,4.732947578,6.958004777,8.29403347,4.90748459,7.481996745,9.091452775,8.204906614,5.741285284,8.802906869,6.428653317,8.368052882999999,8.492165179,5.248801922,5.863990518,5.639136412,5.862467633,4.882989067,7.114008457000001,8.082603092000001,4.690814377,7.285857315,7.320758047000001,5.4627725929999995,5.00460421,6.180513027999999,6.954288654,6.06538784,8.113059577000001,7.730653266,7.4893468410000015,5.74437226,5.208793355,7.245645597,9.412565927000001,6.130252785,6.471244032,8.316313206,5.687845633999999,6.9516435770000005,6.159203784,5.51544592,5.319563626,8.432106688,7.07083247,7.640022632999999,6.784477229,6.128621085,6.728392949,8.112246432000001,5.449545027,6.7326107639999995,4.926277385,7.443092495,7.377849677,8.045419546,5.769309223,9.266944661,6.4884140860000015,5.212826134,6.035814003,7.7146268870000005,7.195582722,6.680828914,8.43331268,6.8359341910000015,6.872657203999999,6.185372178,6.020043544,7.048924332,6.439546226,8.900956033,6.317324022999999,10.20504472,5.381582572999999,5.393992398,5.566302514,10.06964081,7.507132493999999,6.301476125,6.616266115,4.572022598,7.782885019,6.138979802000001,5.85502014,5.240553382,5.706342867999999,7.973275611,9.259936745,9.216038679,6.867657446,8.311252084,6.868651367000001,7.3593069710000005,7.3534335870000005,6.916516764,7.78015881,5.786803711,7.798265936,8.533321373,9.021019512,8.617996527999999,6.5855388989999994,4.661497348,4.601253648999999,5.132001679,7.545107729,9.352492796,7.670480082999999,6.036228106,6.857401229,6.393015501,7.4082506760000015,9.379424159,12.32992484,4.823402232,12.81585995,4.925324033,5.7320245089999995,5.561082711,4.526467321,6.296002155,8.241074441,4.423739797,4.341388545,6.784552929,9.769910333,7.593538708,7.525699899,8.787406464,8.983043647999999,5.6552837270000005,5.775140801,7.03544428,6.814657762,7.953558554,6.071206987,7.544465934,6.108396282999999,4.477864555,6.101232988,5.757462478,5.6018965010000015,8.145411332,7.8692976660000005,5.454809909,6.5911395729999995,5.542561347,4.607433326000001,4.697766051,5.043430254,4.36194964,4.786052767,4.716666741,4.810935013,4.916650177,8.926447154,8.624608300000002,5.061354205,6.11046741,5.687936016,4.832727126,4.7068470719999995,5.574318664,7.518359977999999,6.902908213,9.783735115,5.363832816,5.97688963,5.141545503,4.705465579,5.267913254,6.723613137999999,6.564454745,4.962264526,7.937933528999999,5.494424146,9.441531392,5.171516071,6.368912965,4.768977945,4.592269858,5.377686762000001,4.728898031,6.766877631,5.039417578,7.680947374,9.382871158,4.364108596,4.985862256,6.101112595,6.211260066,7.443231093,5.407194324,8.624577894,6.858240706,10.13089679,7.502348725,8.343720004,8.96259621,8.097994906,8.44714149,6.617412926,7.892730356,6.7924410810000015,7.215989645,5.965638642,4.562670778999999,6.515265858999999,7.490217031,4.890064016,5.50307157,5.418014192,5.9805856,4.739157045,5.11431957,7.890329705,8.855776118,7.694793318999999,6.633601893,6.8340253529999995,6.174919383,4.739932348,5.714116882999999,4.865162686000001,4.76342044,8.842475775,4.365342534,4.795490706,9.498292937,7.0478048960000015,6.10117245,4.403795579,6.893625925,4.4118517289999994,6.812062731,5.24057934,7.280950301,7.279883672,8.655320846,6.575390835,5.2931145939999995,4.655549527,7.637765495,7.313104768,6.995355601,4.9202716419999994,7.775431281,7.486675139,8.948615102,7.476625594,6.359928742,8.479946768,5.641710955,5.382061124,5.605229659,5.4266708679999995,9.268021422,9.233436613,6.296072915,4.665310839,4.769654473,7.741264094,7.295070475,8.694152005,4.703188514,4.73137228,8.302395982,9.589908413,5.02483017,7.8751290260000015,9.554254401,7.996915411,5.073759293999999,4.996063821,6.028797129,6.718370799,6.520389487,4.804730512,7.009454946,5.69158257,7.614257169,9.43343236,6.2694017460000016,5.685989747000001,5.189859342,4.318528115,6.205628982,6.864317047,4.977732468999999,6.801875676,6.379296404,7.465328396,10.68098878,10.20422249,11.03713673,8.575320878,7.2375769389999975,11.12521411,9.452257348,8.447606115,7.068338011,5.531425389,6.29291329,8.751102793,6.148215037999999,7.820360544,4.983576857,5.395988377,7.143778747000001,8.807778597,4.44578936,6.9422162279999995,8.046113507000001,8.185623235,4.479437112,5.429372829,5.225641677,5.40635653,9.904297866,4.760438996,13.21365963,14.04399296,6.179690399,7.317390355,7.654732461,9.276246399,9.927301976,9.095603859,6.906418691,6.636219003,5.777721504,8.03905262,5.199403117,7.1911385060000015,9.110071831,5.713084212,4.755315989,8.192638067,7.307062595,8.916503766,10.500537699999999,5.277852091000001,9.670309726000001,6.59853266,6.865779507,8.763052978,6.212970972999999,5.726540881,6.4830062029999995,9.188995015,7.024908383,4.444937755,6.8087699829999995,6.912405784,13.03482453,7.6772387029999996,6.523648737,7.318174152999999,5.559040573,6.5103868060000005,5.146776313999999,8.453039052000001,7.927180521,10.63755358,8.27583208,5.928761242999999,8.298536544,5.708766175,8.224036112,9.299234846000001,5.93555323,6.379356809,6.066986377,7.307184427999999,6.945203962999999,6.199280129,5.363093172,7.007375679,6.605539922,9.118548002,7.505895602000001,5.893262593999999,5.17024385,5.630679413999999,9.398298573,7.3857299770000004,5.560797935,4.731213039,5.066541125,9.228349003,9.309733629,5.019317625,7.716850031,6.519214325,12.83227933,4.870987565,6.790473669,7.168289328999999,4.845528261,6.578078577,7.015386017000001,7.529372865,9.203012141,5.484610617,9.473441216,5.324563533,5.732609931,8.336984847,4.924556245,5.916140738999999,7.322960307000001,5.076560008,8.909155152,9.148088334,6.845693193,8.585230357999999,5.064816158999999,11.93149863,5.624558396,6.566565825,4.471495029,6.3211837110000015,8.073890824,4.828403741,5.788047626,9.157879863,7.1412064179999994,8.603444676,4.372123707,5.9176570889999995,8.094267894,10.06853187,5.318289878,7.783592089,6.623214377,5.072958995,6.9369175310000015,7.467304247,7.628553847,12.04691509,6.407246455,5.984853556,4.769200289,9.24079399,8.643519688,8.393519035,5.723229633,5.536520601,6.126867283999999,7.336186783,5.053818764,4.853436576,5.123748687,5.627458017,7.2356939160000024,5.439165781,4.887526853,6.009773751,7.596793203,14.02962029,5.838318323999999,5.863296922999999,6.301831883999999,6.731944745,5.17387308,4.835868541,6.183070763,6.08954038,5.93455281,5.4458257439999995,6.74320556,5.611829361,7.418318977999999,8.165669609,5.714627999,12.50580816,5.603057636,5.294750402,8.520960934,6.8092225410000005,4.950667775,6.002745362000001,4.484269885,6.237674939,5.0761826480000005,6.018643624,5.978812415,7.604349087,7.111170129,7.87325726,7.658372657999999,5.0209045969999995,4.17489039,8.439847839,7.421242446,5.354989235,7.375963262999999,6.190145287999999,11.26120273,10.7500283,8.795989335,7.997413855,5.619281189,6.487996552,9.515781328,5.43954116,5.452216445,6.154555443,5.224540115,5.395071102999999,6.787386457,7.975265396,7.413251548,6.7197630660000005,6.443936817999999,6.031281456,6.498953908,6.593576112,6.675671212,7.841119326,5.419690623999999,9.362507968,7.161481741,6.429778861,9.347164662,5.6808227229999995,6.6371404689999975,6.931560366,6.551670495,6.257415394,5.162116518,9.980327603,6.874553822999999,4.837028045,7.127014,6.4717973639999995,8.435752102,4.613670225,5.345079833,6.733900498,8.161269613,7.7485334639999985,8.492169164,7.309976377000001,6.342043971,5.103586048,4.91406744,4.652400275,11.32268758,4.812456313999999,8.670946212,7.169802344,6.265072977000001,4.6556931939999995,11.01649095,5.880747653999999,7.45823126,7.209433763,5.761698047,5.894761114,6.492072221,4.626298574,4.7687151960000005,7.484842939,5.83456608,6.90915846,5.057366238,6.690069414,8.280477355,6.32452735,8.600904819,10.62871395,9.094848205,7.233059582,9.621776987,11.02367792,6.349988569,4.797932459,6.528808996,5.386894357999999,6.662483094,6.001574205,8.714568658,6.356030538,7.433460137000001,6.5352050120000005,5.618376026,4.624338012,5.153025703,7.233646498,8.161926882000001,7.181744817,7.236297828,5.42748054,5.2267540619999995,6.482587499,4.819385476,6.534103375,6.6107444310000005,10.22120325,10.68831166,4.385573681,4.83398048,6.5008605610000005,7.0902443239999995,4.7568136889999995,4.080157915,7.65801647,7.982765316,5.776629647999999,4.419595289,5.049290114,7.001724227,6.991261278,5.513399188999999,6.277013854,6.747357121,4.9347583760000004,6.409848909,5.546247567999999,6.046290567000001,7.235040406,5.320747449,5.331262357,5.855207900000001,6.069988502999999,5.63318545,6.142360981,7.582832517999999,4.179136109,9.187360894,4.544650561,6.877137817,6.455489012,6.777285158,5.595771653,5.071100004,4.684647518999999,5.081060894,5.683690829,6.200430451,7.556824983999999,5.8800395420000005,11.32584034,5.6736500360000015,7.232424162,4.549951302,5.8264697010000015,4.4195598480000005,5.662846947,5.574215952,6.079310808,7.626620827999999,4.472888028,5.523273652,4.559197562,7.744768485,6.476417975,7.580464434,11.72005118,5.039351295,6.888086932999999,10.16318109,9.015902407999999,8.369266742999999,5.502208249,7.1180161779999995,4.270002957,4.754453235,4.8120005919999995,4.833651855,5.011228498,6.846926064,9.430013621,5.882321717000001,6.203535717,9.670787504,5.991879869,8.920904725,6.156220374,8.401487833,8.498269192,5.944929012999999,9.169280378,6.6023793410000025,5.481843021,7.051380282,5.04308136,7.082828115,6.5834618670000005,8.331862875,7.37458871,7.1469545010000015,6.183583425,4.690889258,8.01294946,8.281929478,5.095416717,4.50007232,5.671099661,5.90459141,6.3566702070000005,6.40454729,6.232235652000001,10.34111891,6.996944587000001,6.357638661,6.8146911160000005,8.420214054,11.21232426,5.038693776000001,8.520566079,6.3728554860000015,8.411834942999999,6.621232572,9.15270772,7.500624264,7.808656487,6.979945505,10.85421122,7.455185822000001,9.439064287999999,4.78873767,5.801973345,4.400920199,7.389273997999999,7.127506704,5.89929377,5.278060003,8.816160423,6.948438218,6.554532152999999,6.9585323510000014,5.030501297,11.67444482,5.226900951,5.8356833539999995,6.727651132999999,6.566038467,9.261484087000001,7.0150715429999995,4.845426455,6.136494839,5.557294203,8.663802056,5.4197096610000015,4.889084421000001,7.148251639,5.5077537439999995,5.832792535,6.235935143,9.456177027,10.01793514,6.336572469,8.07882122,7.961308886,7.445081355,7.9544903310000015,8.159837179,6.985993102,8.131133944,6.660265159,6.244805363999999,6.354548382000001,4.772672957,7.851425495,9.542031465,5.2194299719999995,6.237651082,4.947507002,8.806589153,8.059403468,6.42034102,5.795186974,4.338912288,5.415177987000001,6.782258268,9.116970081,4.966776539,7.044816497,4.986509661,9.053853596,5.895589396,5.991793907999999,6.042977658,4.481059073,6.623644989,5.514584585,5.43472652,5.2427079569999995,6.480078224,4.68838615,7.205595849,5.608079851,5.503405017,10.75443658,6.7134948539999995,4.571875889,6.1686804429999995,9.26683013,5.296298232,8.590900357999999,8.23949559,4.409564135,6.310945727999999,5.8850238820000005,5.683750087000001,5.565222979,4.628767346,4.965162523,6.207749691,4.945533675,6.598754351,7.8599599829999995,6.585936969,7.152433292,10.02104073,5.258338339,5.101417553,7.036263138,5.6321632410000015,5.435419232,5.7670152360000015,4.453184329,4.39048111,8.678369352999999,6.330902846,8.496664682999999,12.42436045,4.649332288,8.949945537,6.066196428,7.659033513,5.015230177,4.473461808,5.934610738,11.75389531,10.28287406,8.241815195,7.642977228999999,5.384706785,4.800696805,5.6934121289999995,7.146392682999999,9.27825604,7.391407282,7.8515819539999985,5.352170056,7.666940941,5.925187386,5.234207103,6.070877384,7.223431729,7.430760542000001,6.292402474,6.868660067,7.4539144020000005,6.755660764,5.650305792999999,5.784142472,8.173094669,8.350628922,9.110551561,9.700618301,8.152270137,10.34390032,9.039385084,8.721870337999999,7.722797944,7.8940285060000015,6.160600095,10.1354179,4.5927438789999995,8.397391916,6.359273815,4.599267258999999,8.852459352999999,6.464309338,11.46950154,4.410319843,6.557592333,5.867686394,6.317478799,6.191466613999999,8.264289672,8.565379549,7.477648855,4.45900713,8.209666198999999,4.39694642,8.025518111,5.0258323030000005,5.745312825,5.788978329,5.9256659,9.738111053999999,4.965269097,5.671604637000001,6.849007643999999,5.075390683,7.025691972000001,7.63823544,8.794794605,7.757427957000001,4.25756135,8.001998958,8.4673428,5.545366771,5.430048861,5.081945056,6.7635388270000005,6.607678074,8.530615762,4.75945937,8.960919192,7.357237483,5.734780957999999,6.390436782,7.730890692000001,6.6322624029999995,6.064386344,7.828095789,6.915756332000001,9.561036247999999,7.214998262000001,4.213195995,6.976694424,7.3445813829999995,5.497170497000001,5.263750407,8.618324756,5.344809791,5.206727955,8.801316992,8.018918845,7.218036427,8.070646434,9.309106153,5.688104196,5.378473604,9.970358535,9.133457669,5.615039756,4.419277211,5.152739858,5.172570169,5.226703387,7.454058527999999,7.997499737999999,8.844225514,7.031468384,6.815699045,6.77050034,10.55605107,7.393180911,4.80839369,6.285792185,7.479713844,4.602375996,11.84205461,6.137253969,9.600338706,7.588042084,9.116003033,7.550573327,8.002077486000001,9.280823095,5.988699774,5.285961267,6.4497729889999995,4.353819967,7.988503121,7.475606252,7.731964558,5.589297771,11.59139887,7.75559663,8.042798067,8.914109391,5.869647109,5.68186873,5.316514767,7.148199475,5.303254587,5.4856167760000005,6.399044879,7.81640383,7.304098346,7.279991017,6.705962726,5.593935815,4.82543522,5.175130687,5.6743351539999995,6.341053401,5.521433131,4.40135156,4.069840226,5.123659151,5.204267627,5.20970514,4.5908152069999995,5.617032772000001,7.337480802999999,5.8054454060000005,6.587648637000001,5.86296469,6.939654831,4.679658979,11.06966639,9.449557636,4.738270834,5.947991742999999,7.146481735,5.309210537,8.583365642999999,4.503651921,5.319668359,9.549887353999999,6.449545218,8.202031538,5.657760306,5.495874954,6.685027737,5.846460757000001,4.202334414,4.487399872,6.972912332000001,5.34434333,7.880836211,4.74110038,6.654581385,6.494159302000001,6.809439555,4.5645960169999995,5.434073385,9.99087645,8.493274187,5.550620285,6.986556462,6.337767303,7.243800221,5.8081631960000015,5.993970751,6.648063336,6.334177057000001,9.70534655,9.489948803999999,9.636475916,7.16746605,7.852614847999999,5.111675853,7.095071462999999,4.714591915,7.9991337520000005,7.18985853,6.204063493,7.0865880039999976,8.557742637999999,7.589957711,5.140520334,5.269688013000001,4.894119305,6.1846715360000015,9.594429017000001,9.906965092,4.819320929,5.6991621939999995,5.950962264,7.938442961,5.928869547000001,6.4666592760000015,11.01853087,5.143335378,7.861375568,6.698545633999999,5.337513133,7.008840137000001,4.590784438,5.942874463,5.843490137000001,5.227557904,5.414295813,5.247775798,8.968411338,11.36114321,5.656069402999999,4.268572173,4.737791057,9.919117421000001,8.519279739,7.774070921,6.6662155510000005,4.490582871,4.272440233999999,7.4005141939999985,7.003357882,6.984655589,4.90135603,4.7369939169999995,6.596541002,4.617412683,4.918217567,5.086070095,8.586066801,9.074621302999999,5.068056102,5.84177145,6.811170721,7.975317255,5.964880421,4.592302228,6.352354602,5.329032928999999,5.504747561,5.522474956,8.867113832000001,6.5907528110000015,6.507133235,6.800523484,5.740095977999999,7.406185446,5.093645396,6.192189162999999,8.915259625,6.5996284260000015,4.876355611,7.700291826,4.729282883,8.10374402,7.900862525,4.798501035,9.502881643,6.3558193439999995,10.15703222,5.173785501,6.023775204,5.607057919,11.81260082,5.963688445,10.15811681,12.28566716,8.039109652,6.540099796,7.459396882999999,5.855647481,10.9414198,9.400767898,4.873090383,7.955180536,7.154021544,8.530785527,9.205398519,6.654334092999999,10.61573847,6.223807817999999,4.984079877,8.658302907000001,8.845010398,5.729027632,10.39317211,5.677960556,8.266654991000001,5.333644673,6.3911105820000005,6.9803231729999995,4.787486341,6.209491732,7.024333399,4.297395205,8.223825741,4.8478685619999995,8.571677907,8.593653518,5.715301015,5.068825034,4.633442227,10.61966661,7.453457812999999,7.140656149,6.97093445,7.260208615,7.546753394,7.272213428,9.927361487999999,5.915485515,6.7759616110000005,7.504203353999999,8.20723043,5.925663064,9.430460295,7.150118544,5.622391264,5.873933438,5.40321451,7.3663816739999985,8.24385629,5.963630869,5.230764403999999,8.815169656,4.554113387,5.234507476,5.853578272000001,4.905725708,6.652484977,5.6131911279999995,6.188277808,9.156976214,7.3393757389999985,9.217475988,9.521987889,8.068837683,8.961029249,5.137709112,7.827721282000001,6.595240702000001,8.701643792999999,7.6206493029999995,5.102454096000001,5.0503787319999995,7.352468977000001,7.31970796,4.497392296,6.380310828,6.968521363,8.342265422999999,5.849118722,5.111583486000001,6.047354365,7.142549653,8.056061785,7.985226346,7.561413009,7.932026229,6.841105353,5.739648572,6.579444341,7.790669164,10.05402075,6.708194617999999,6.707666897,12.88259284,8.896337691,6.735430067999999,8.506715011,11.38016106,10.85026511,4.186892799,4.195903265,5.425789765,6.865439907000001,8.460337557999999,10.02361073,6.972882956,7.600602477000001,7.956536483,5.430982928,4.7224355330000005,6.928363347,8.317453059,9.06905508,5.582457467999999,10.01035868,4.641124507,9.073730449,5.4000748970000005,5.108163072,5.191104289,6.490859531,4.535067358,4.799468658,5.21565277,7.705228121,8.008287232999999,4.631161186,9.352892368,6.767848834,6.751112943,9.467770991,6.6638833360000005,9.887227118,7.363871649,7.921348718,5.673398584,6.030125415,5.083153067,4.752281541,6.710226847,7.77326678,6.7878233020000005,4.937375753,7.959933958,7.2330774920000005,5.349483276,8.15944446,7.091445208,7.465665962,5.987053347000001,5.531227146,4.2803389,5.359874728,10.17560536,6.996796101,5.140682067,11.67054024,5.192275205,10.67891964,5.755719002,6.03052479,5.841208961,5.515385834,4.937422083,4.557994358,5.7312843739999995,5.351612752,4.823666762,5.26137527,6.09215335,4.814450005,6.934794887000001,5.302211618,7.262720718,12.18502645,5.57421987,4.757414936,5.674151859,6.046091121,4.945843374,6.954759475,9.42195583,6.801302777,5.905508697,10.20299823,5.71461562,4.927400405,4.247782337,5.611887126,4.993266098,7.940609151,7.586354696,5.302187857,7.720296323999999,5.9629088889999995,7.055667947000001,5.73662554,5.823461484,4.508680524,7.6951148510000005,8.669527214,10.2959632,5.044319557,4.721300907,7.213716954,5.179530234,11.03814307,5.883863419,8.87248415,6.495107656,6.195447511,5.738216027000001,8.310776005,8.599328468,6.200535062999999,6.258201307,6.950618443,5.741130724,7.76896529,5.717839239,4.5890915130000005,4.980905508999999,5.388798692000001,6.997118209,8.57921821,6.177082048,5.8620252729999995,5.873503082999999,5.24034217,7.008972907,6.192498165,4.577677017,4.252943801,4.1138991030000005,6.8320880000000015,8.703577382,4.874037112,6.760239058,6.533225848,5.6932358039999995,6.253744844,7.03706323,10.25983853,4.882737654,10.62084132,4.9517642969999995,6.021071915,4.826649762,11.28103155,4.41299449,7.685116308,5.15850098,5.825605362,5.430279998,8.698009196000001,5.75298744,8.242090961,7.972641287999999,4.470670375,5.340622309,8.590171955,7.133089469,7.318046402999999,4.488409834,6.785787826,5.779555611,9.195815831,7.154597721,8.098717158,6.654294362000001,7.495057774,4.80063513,8.972442735,5.260232998,5.310305444,7.364486787000001,8.395928992,5.067530411,9.175536486,10.90544646,7.083427358,6.667242398,4.905443562,11.11049275,4.652071871,9.124758647,4.71347533,6.194040526,5.243137512,5.031570643999999,4.876542082,6.322978377,8.373949073,11.59104828,6.632254382999999,4.884810507,8.023811734,8.207719212999999,5.792850527000001,4.455685926,8.112423698999999,7.711585931,8.931185117,6.373120472,5.2871060739999995,6.213943133,7.759552346,6.98281629,6.706640724,4.683255309,5.128560772,5.078741088,5.6765125339999996,6.509895185,7.126634075,7.837170634,6.927865216,5.221287127,6.960422137999999,7.612230017999999,5.543466821,5.626577758,8.871929026,4.795344986,6.6465029929999995,4.87434213,8.977907373999999,5.323429774,4.813148579,4.838174853,5.716323963,5.787499285,9.465791579,5.750666549,5.476872079,5.713769494,4.514437268,9.535887726,8.501953054,5.822959902000001,6.381529966,5.6072266420000005,6.789601998999999,5.8235111129999995,6.97422336,4.503711287,9.835429015,6.5616020760000024,7.832889845,4.2332485160000015,5.119632889,8.332854437,5.237814602,8.596736191,10.32646464,6.1380533370000006,10.38611246,7.532449217000001,4.957474314,6.559659318,6.601814528999999,4.279522167,4.848721739,7.304982884,5.038858142,5.335553956,5.093190122,5.042560684,5.608959337999999,6.2502972560000005,5.8382605629999995,6.859424926,6.074844286,4.534396895,6.357432686,7.664864323,4.73496446,7.191280326,5.661895839,5.558178476,5.545522365,4.667801517,8.02056185,9.145895032,5.371838755,5.081590361,5.126803048,7.157576884,7.009551339,11.14001777,7.892393179,4.140638471,5.440010028,8.157671673,5.308428534,4.311006707,4.727372046,6.716577111,5.160912776,4.27679354,7.928609363,6.1627449,10.81221292,6.486687099,6.068056843,6.254765592999999,5.94569125,7.258381999,6.70292213,5.477756756000002,5.499413515,5.649588,7.249431183,6.63796155,4.892994463,6.221081785,4.965516401,7.6045200920000005,4.718475051,8.339432943,7.1871287420000005,10.36844015,4.663687144,4.407191302,7.056908046,5.5073538960000015,6.031460017000001,4.805583382,10.05797048,6.9008613510000005,10.05910821,7.574598677999999,4.815793153,5.301472562,6.68201473,7.692046697,6.752206158,8.972293605,6.3126495039999995,6.349942712000001,6.0750923839999995,6.966118117000001,7.415323586,7.024747071,4.285155968,6.760142758,4.821927641,4.785199312,5.8342189410000005,7.364182135,5.253810328,4.396997726,7.296336416,5.976381085,5.495276401,6.054973671,5.290796108,5.08693913,7.603922464,4.3784606539999995,5.051759766,4.831896789,9.692998307,6.768773907000001,9.508883331,4.521718374,7.347211202,5.326506708,10.01020368,6.823421727,6.231044279,4.859600391,7.628803549,4.947387968999999,11.45027121,9.148471215,5.971752385,6.5824630410000005,9.648083657,9.861365311,7.693188782999999,6.530833951,7.711625109,5.714374072999999,10.71827971,5.712912604,6.111353546,6.540014322999999,8.098792661000001,8.498264133,5.838782386,8.104023067,9.342506803,10.22074953,4.512715407,5.175920681,5.500514335,4.807062952,8.399995563,4.811367662,9.834121631,8.325662407000001,5.604840514,5.278295156,5.483234293,5.675970883,4.332405501,5.860878832999999,7.844459756,9.000816807,7.049829536,4.990829651,5.809024854,11.48355736,12.35401926,6.222020729,5.078889428,6.2321421070000005,5.304596125,4.2921990889999995,8.024736401,7.169402265,10.38474224,8.514897955,6.287830682,7.741506375,7.109640095,5.437212227000001,4.8253376789999995,4.851641613,5.216800692,6.5891304129999995,6.864094562000001,6.041782744,5.882052375,5.812045366,5.5527202739999995,6.650373871,7.470223797,7.608076466,5.700181477999999,4.3990275919999995,7.936355835,4.275451973,5.165213631,5.688491459,5.681661752999999,6.385702035,6.531408421,5.512922275,8.954396877,4.941941474,5.365509239,5.909331356,4.817531218,6.858964384,4.801862073,10.42399767,9.842162624,5.627400777,5.577043447,5.312259499,5.564459314,7.470536748,8.420973423,4.43900202,4.515231899,7.1403222379999995,8.589988553,5.4375686089999995,6.372567413,8.634132506,7.601223363,4.773986976000001,5.6178517060000015,7.120718373,6.149979276,9.955179196,8.53805366,4.609920273,10.08646783,5.193069979,4.588730792,5.147286684,6.198822389,8.675167529,5.17229103,6.873159516,7.813429687,6.857944292000001,4.848598602,6.315250355,5.125391497,7.631319069,5.36570816,7.222083948,4.928690587,10.82668645,9.820610176,5.219223686,7.29752634,5.155191542,5.101041498,11.38191037,6.235892699,6.496898165,10.19181263,9.382263402000001,6.32172572,6.082549617000001,7.438267907999999,5.015892739,7.284459742999999,8.892904042,4.211289064,7.633417944,6.342581778,7.654326202000001,6.689176201,5.84468593,6.578128714,8.271265306,6.212092875,8.421615601000001,6.704475612,5.860053937000001,6.561846787,4.972138313,8.604386265,5.844510093999999,9.009004666000001,5.178707986,5.973607071,4.975535109,5.199770684,5.023458651,4.834247421000001,4.891177633,5.211937287,6.517828827000001,5.26293959,5.031573542,5.610948098,5.868620394,7.252327216,7.403621621,7.238603104,6.461756502,5.810767909,12.35276978,5.541408504,6.3151550489999995,7.880332049,5.539360137,4.202739674,7.490742278,5.418804495,8.900451896,5.191263496,5.176126593999999,4.440214975,7.426499954,5.835226627000001,6.596074354,7.158037525,5.784657009,5.59810468,12.76021273,6.804429207,4.2592464460000015,12.39878294,7.585810342,5.7252742539999995,4.470577629,5.652147126,6.197222312999999,8.647697435,6.0737942,4.9110382260000005,4.5980900689999995,7.671799339,5.687957872,7.7308845370000006,6.74978863,8.006336713,6.149099541,7.359855382999999,5.455484014,4.87814304,5.938572289,5.743834044,4.834769106,4.557775423,4.680579175,9.466082992,8.209556335,10.00564449,6.370786819,5.830102612,5.653628932,6.847887657999999,7.697493763,4.881147619,5.837840278,5.576284575,5.868408596,4.826802302,7.933755199,13.05510314,4.278280672,5.369699128,7.0904988410000005,4.275852642,8.029749146,9.35610749,10.079569699999999,11.45646043,7.271362661,7.370130876,8.277469422000001,7.266049093999999,5.32130751,6.056291794,7.24792798,4.923133366,6.628814042,6.1657842610000015,9.629544141,7.086143927,5.010085012,5.586225555,4.88632824,5.709199571,4.422834368999999,5.795759549,8.213208682000001,8.294670227000001,5.571625386,5.6521837029999995,8.916332622999999,10.35584199,11.125259300000002,6.390296383,5.8114102370000005,5.88460234,7.238646072000001,9.465921572000001,7.34722503,7.668714232,7.128726914,5.0640574019999995,7.688814953,5.277136076000001,4.619413641,5.621694767,5.307178223,5.1404617969999995,6.576974882000001,8.565427297000001,5.256683442,4.0826850630000004,5.38090456,4.438996714,4.5969684719999995,6.405913684,4.939438255,4.979449106000001,4.535800171,6.843735307999999,5.441062313,8.308413974,5.8186167860000015,7.518170329,5.968909244,6.169793219,5.855428193,9.499262603,6.863795426,4.631623964,8.131341217000001,4.543148683,6.600211423999999,7.940435898,5.775556532,7.683529092000001,8.394134635,7.927514029,8.179972781,8.252602484,4.949076819,5.381786311,4.4054862,8.404972416,10.65424759,6.032857118,7.793597411,7.096681707,7.198454586,5.9265166979999995,4.858502952,6.7988088289999995,4.853091723,5.055310307,6.2023289429999995,6.6449502910000025,6.143696992000001,5.746118878,5.697682746,4.9143639839999995,7.6743544739999985,4.683900817,7.151313805,6.4285475660000015,8.57354933,5.305415473,7.666779149,7.645395255,5.3293203060000005,5.050000743,10.0070238,5.811253557000001,5.39905649,8.469443028999999,4.323826736,6.168958797999999,7.99515265,5.788081802000001,6.086926442999999,7.315467331,8.766183448,6.374714177,7.38735023,4.987772403,4.245595263,5.054827811,4.759431271,9.782397203,5.314878556,6.257479752999999,5.98644646,5.024519273,8.211301548,7.37038097,5.5842546220000004,5.477215084,4.983673433,5.625431721,9.191475785,6.973511866,9.320379373,6.185119498,6.4070175260000015,7.736794887,5.521666217000001,6.14265812,4.912750681,12.87599743,6.124280385,4.3657508310000015,6.954423695,5.335084075,7.160117249,6.743471832999999,7.623071702000001,4.766359205,9.315124804,5.866954666,10.04481733,4.403326458,5.521424777000001,5.165366562,4.955054217,5.010975727,6.7798810739999995,6.3923917260000005,7.658391802000001,11.538755,5.803622219,6.773826484,5.697444031,4.928899152,7.419501222999999,5.41863183,5.944988717999999,5.65174313,7.762742458,6.149573837999999,5.124597249,4.584760145,4.911744961,8.433100021,5.4188866639999995,5.110328629,6.018308311,4.816406419,4.847874492,5.088904298,6.565916818,8.41548011,8.456004228,4.842011724,6.944010124,6.234963235,8.604137573,7.524863048999999,6.283564048,6.284855061,6.3581648479999995,5.207788876,6.325751341,5.8544084629999995,5.081878951,8.99295251,6.2536003220000005,4.344864329,7.730312822999999,7.352574122,4.532647492,6.156972885,7.543682578999999,7.789972931,10.66208289,4.8523660710000005,4.712408478,7.584432427,7.995651153,7.345436302,4.796851636,7.928450939,5.677195959,6.802804748,5.724543411,6.084690129,4.984439514,6.9800262910000015,6.7102230579999995,5.6365190620000005,7.8651558060000015,8.085540952999999,6.025241049,9.798498666,6.34890528,4.870817016,7.362216011,7.7347171,7.518898106,4.642666965,8.067501349,4.330973335,8.98540391,5.891958058999999,7.702395049,7.033504656,7.200616274,4.2692458910000015,6.5417837410000015,7.2424325970000005,6.5839342510000005,4.667454029,4.1742223869999995,5.999786114,9.552568522,5.069357025,6.460936165,7.784144078,5.64260659,6.0284018060000015,7.771164757,5.281442949,5.622487099,6.4775839170000005,5.42652021,8.65060331,10.31984221,7.518429717999999,4.192223376,5.405079023,7.886115697,5.9155244960000015,9.597075588,6.797433361,4.571960206,5.376108602,6.343462242999999,5.169848198,4.585138801,5.954461692000001,4.468619562,7.039031886,5.059485491,5.306888557,6.530313437999999,8.970179099,8.40128126,6.941573633,7.18563397,4.6662562439999995,5.307407773,6.922085605,5.539523419,5.678584312000001,9.190532314,4.923942923999999,6.28655911,8.360531457999999,5.49817788,7.601112818,4.633401208,8.180211106,8.242063225,7.559007382000001,10.02631712,4.8239853319999995,11.33634973,4.450757277,7.184730603999999,6.99373388,4.679198101,4.501435431,10.53835797,7.265492068999999,6.593941015,6.3313409279999995,7.22608955,4.936646214,7.0047182810000015,8.882186738,7.8934109810000015,8.017301045,5.141659801,5.897616827,7.913486685,8.190354427,4.488443072,5.205242128,5.396280399,5.287651477,4.836460961,5.648314506,6.8968971660000005,4.607267712,8.00079713,4.779591492,4.904712153999999,7.964692886,8.161402246,6.595518124,5.565924232,7.757681132,7.152648869,4.800244351,7.59824377,8.04463157,7.329484575,7.4236680339999985,4.683754223999999,4.718589892,8.452718091,7.644813721,5.936192514,8.701875255,9.283387527999999,4.930191703999999,8.714245834,5.329192239,5.070290544,7.395709844,6.641953689,6.782357779,6.449977256,4.806631843,5.131607726,6.57473457,5.112893315,9.337176964,4.38490655,5.092693882,10.36079501,7.117967899,7.3488042,7.635913648,5.795569479,8.193731534,4.147231913,8.469623848,7.0229672039999995,5.1389728880000005,6.0147054760000005,4.951420359,6.2675931579999995,5.696047502000001,6.020162685,5.699590762000001,6.529281532000001,5.895880644,6.522037856,4.4427456780000005,8.34563347,5.116780556,7.401170549,4.336038745,7.174277035,8.896475251,8.005752569,7.893253425,8.954704223,5.6775230310000016,7.656457487000001,4.492467714,8.237502476,6.134863289,9.728680949,11.48644165,6.134233313999999,7.3621297110000015,5.410768462,7.617290661,4.302193157,8.693381453999999,6.074549635,8.198138703,6.799051812,7.734161665,4.832197468,6.32543462,6.005859244,4.398422353,6.133934603999999,5.240999013,5.033590611,5.690621095,13.21519503,6.636512139,6.474432928,10.16680595,7.810163524,6.143929368999999,8.299873426,8.040707043,8.255200519,9.353140243,8.927150166,7.058539013,7.047682204,5.205493788,5.5682692660000015,6.460864554,8.264836079,4.288779562,6.107659462000001,11.48764651,5.390830547999999,8.408040405,5.832637895,5.540725651,5.240529895,6.874343634,6.322936014,9.420483377,9.485606133,7.841871135,7.297705203,6.50380241,4.28136699,5.430531403,7.6011847470000005,8.448449787000001,5.553807837000001,4.486248524,6.587320581,5.575636821,7.285205811,7.465486012,5.211896324,6.242011682,6.35443021,6.1289234839999995,5.491547862999999,7.342542777999999,6.371680875,5.966730962000001,4.770058592,7.152138937999999,5.422649312000001,5.1757379839999995,4.19535706,4.804373988,8.571980762,6.621381307999999,8.517078198,5.910716633,7.6113028310000015,5.7223830389999994,7.893967779,5.995898897000001,7.084932134,5.810774747999999,5.218355911000001,6.3601408410000015,7.75778555,5.932526967,8.719652252000001,4.450349227,6.209337256,4.416661284,5.71741423,7.640525692000001,11.69144448,4.741305551,8.506718457,11.84503583,6.8393669379999995,6.219102542999999,7.119473361,7.035659764,7.004844301,6.078677806,6.698111063,8.330097076,6.3266592379999995,5.847321872,8.920093853,6.497406655,5.784921174,5.325248325,7.015486192999999,4.600195398,7.752756064,12.30377488,5.2564592910000005,6.688457372999999,5.898365605,7.893858312000001,6.299768877999999,6.900171877000001,5.690494581,8.833992531,5.007070488,6.092589244,7.319127707000001,5.694647454,6.715125147999999,6.865285199,4.825225678,8.133291946,7.2264088179999995,5.653849927,5.1934420160000005,5.24112367,5.191392,6.6625348970000005,4.668452234,5.499004612,6.864835848999999,6.703293658,6.575767615,10.16497967,5.435517582,4.736889706,5.692774534,6.650815691,6.2689737,8.366943793999999,6.842782091,6.093950456,7.326577202999999,7.587387647000001,6.035303884,7.03743974,8.233534762,4.929969021000001,5.815729784,8.089148518,9.083728987999999,4.1138491460000015,5.7627681289999995,5.247282166000001,6.063512652000001,6.458983722999999,6.756001165,4.536724746,9.571385101,5.752374457,5.9589224839999995,8.205160591,6.382084084,7.197837034,6.308477826,8.78656277,8.136140703999999,7.22704546,8.615329722,6.005084779,7.428361207999999,7.213394619,8.087155274,5.900203457999999,7.799691507,11.66666354,7.365168177999999,4.76936833,10.15358217,7.063338077999999,8.081797212,6.906332065,7.047562135,6.28002381,5.147766644,5.484111381,5.65396883,7.745063036,7.342799648,5.9723376770000005,6.885963843,4.665853313,5.0109085669999995,10.10485917,5.1298824739999995,8.904445849,5.3188425960000005,4.404855803999999,11.18103516,5.217128536000001,10.32676981,5.348217072,6.59021405,6.230802075,9.633212854,5.721713144,8.091207426,9.10953854,6.460757822000001,7.289850922,7.453560112999999,7.5038059729999995,6.776102196,6.019892845,6.162266186,4.4890272000000015,6.926629985,6.03029751,9.142829082,5.43258978,9.602174247,7.69847601,7.965507016,7.159339827999999,5.993937186,8.089516925,8.627100402,7.4233527289999985,8.09860849,8.707538287,5.363525321,7.752427467,5.02621269,6.257825344,8.035348707,9.513199108,8.186701669,4.433710243999999,5.620776547999999,8.316650183,7.77303898,5.463007336,7.344189419,7.926615512000001,10.0754038,7.283537442999999,5.470395902000001,6.032278985,5.888442341,8.004729328,8.392281495,8.593489672999999,8.216847739,6.05579883,7.595710866,6.064408504,10.5772583,6.687164787,6.8219786870000005,8.126296349,6.075140721,7.469309053,5.49352102,4.221410695,9.994911404,6.779465184,6.5305765,7.575736846,5.296437269,6.793282972,5.41690303,6.429978221,7.18274498,5.4500639920000005,5.7773296610000004,5.235925451,6.463125558,8.044009997,9.750831665,3.813668525,5.327194585,5.677607148,5.80295889,7.957001859,4.774286378999999,5.4176195310000015,4.3989192919999995,7.778565703,5.285286816,5.115507438,6.724929241,8.940066879,4.688644738,7.499636897999999,8.209415577,9.721185902,7.346088615,4.963900962,4.729272601,8.753383232000001,9.064467547000001,8.672297665,10.43141862,9.787400051,6.312865771,4.531141262,4.817968844,6.839937736,7.513470055,5.60518454,7.866808363,7.409916731,7.886421745,8.955224539,5.76346925,6.355621263,5.003200316,7.2236140120000005,4.782486976,6.2495644860000015,4.8486409010000004,4.774844794,6.9150158489999995,6.2033253560000015,6.402384574,5.501861623,7.437465426,8.759435643,6.04335492,5.746477499,5.499408868,5.799347125,10.31266984,9.13979267,8.18821052,8.436744212,6.83506759,6.9717947239999996,7.560502358,5.99506491,6.847714548,7.083516286,5.459077159,4.729058641,5.939721603,7.215446384,6.584527552999999,4.356994459,5.7626992910000014,6.935082446,5.181558036,8.310216543,5.508183667999999,5.8691007520000005,5.003966134,7.363536346,5.343355765,4.658136302,5.161605051,5.595191802,7.9473019,5.265506307,4.601905567,8.190828783999999,4.877626537,8.875576397,10.52609055,5.184767863,6.907940505,11.64608635,6.561937403,6.152277638999999,4.85318027,5.124996586,6.295701276,6.841436067999999,4.628303282,8.490143993,7.136495048,7.41859968,7.461105762000001,5.652620422999999,5.787895391,5.26722979,5.933354487999999,5.2419101139999995,7.063351535,6.364804797000001,6.314391317,11.77763182,4.96730631,4.657118700000002,7.654941459,5.5976801960000016,5.163443879,7.092090568,6.501921224,8.762242937,6.040906531,6.148298317,5.022076135,6.486405897000001,4.837954374,4.747680992,5.94576049,8.723648962,5.362681499,7.245327728999999,4.896304487,4.8379760460000005,5.673755063,4.8143722780000004,6.3137430660000025,5.4014908870000005,4.671976857,7.445772688,5.562936702999999,6.4548756360000015,11.97958911,5.125806347,8.791130653,6.9454689929999995,10.41241936,4.567506245,5.979013052999999,7.627129196,5.661762837,4.091060499,7.650081809,4.403617362,7.259935033,5.658276663,5.95378337,5.486300489,11.7157117,9.660190077000001,8.26458148,4.814227064,5.066078824,4.695779097,7.621553221,7.332826594,5.244256871,5.808171912000001,5.472628328,5.55935224,7.065792626,7.277646752000001,7.910727972999999,7.799284366,5.868750981,4.533591041,4.972952801,7.1970055529999994,10.98580626,4.858129371,10.85395359,6.062675536,8.663069079,9.584510104,4.902074686000001,4.456365186,5.814802365,10.8241601,6.876624085,7.188207679,9.382954968,6.612529229,10.06041324,8.736623981000001,7.081773909,4.615108329,5.995807523,5.883411578,5.381985082999999,6.474756826,7.677903896,7.665033519,8.065169476,4.759017781,6.095671727,7.656070817000001,7.493033617,6.335237327000001,4.545925874,5.686782148,8.643203192,4.9845795310000005,6.811395724,6.5397068439999995,7.226026192000001,6.220683206,7.851845742,7.052497671,4.484326248,7.3682477870000005,6.187343987999999,6.309843666,7.58426668,4.861834428,8.492099995,6.088702645,7.388763235,6.084548912000001,6.123415672,9.372983955,5.43351962,8.123205061,11.02594967,11.39404578,5.6874612010000005,8.41435956,4.620039026000001,10.23183988,5.479793428,6.997814099,5.779665499,5.7198054339999995,5.98121755,7.7109069020000005,11.26316763,6.413175829,5.64978486,4.620610299,7.52267597,9.490254764,7.936595588999999,6.521325813,6.568856212000001,4.978258853,7.895731396,5.5931899210000005,7.174714974,5.7967458610000016,6.665669554,6.195678035,8.857582969,10.42372451,6.191813123999999,4.890693303,4.0
23,11.50149206,6.442371492,10.06803335,6.963142909,6.355185272000001,4.505605357,8.708670106,5.215859324,4.516068508,6.00094258,4.570771944,10.72197403,5.686403123,11.15289902,6.80146911,7.280425217,9.264126575,6.315970509,4.7461321960000005,8.968372459,4.4031022580000005,7.055727082000001,8.201784479,8.276174758,6.6878140010000005,5.099945352,6.4025454029999995,6.8619766910000015,5.327775238,5.086924109,9.169905676,6.332520677000001,7.255834097,5.15407988,7.7251166960000015,7.1945858560000016,6.3680700660000005,4.852083966,6.030109086,5.0859527060000005,9.090945526,6.182953304,6.46408533,7.3724780339999985,7.443572777999999,7.562455722,5.632205614,9.458288917,6.107286892,7.180064599,4.70077951,6.180118491,6.342723522000001,9.207647722,4.3220868260000005,5.5820590060000015,4.638904575,9.564482411,4.479225634,5.486773769,6.080817861,5.36516649,8.492506169,6.912919058,6.338581211,8.250269444,6.463140937,7.087047044,7.3940686960000015,7.831392153999999,6.335388312999999,13.5181696,8.005862952000001,4.417853148,6.8746792889999995,4.738113684,5.035287448,6.635549515,4.650025679,6.81094212,7.3732038310000005,6.413856415,8.638084422,9.042507137000001,5.273553656,5.664064442999999,7.488676497999999,4.9273997419999995,5.407971438,8.560319865,5.330746971,6.998517367000001,5.24807257,8.531623349,7.795500189,6.114101886,10.23013373,4.389235505,4.317163208,7.0484042879999995,5.454337732000001,6.0064216020000005,6.4053457210000015,8.564987106,7.452004938,9.153700446,9.57436994,4.767665404,5.0284764000000015,7.1580560470000005,4.9751590939999994,5.126707822,4.796996409,6.735165042999999,5.935333825,9.052949647,4.32670593,5.290257243,5.880046843,6.875871997000001,10.854647199999999,8.629766072,5.741546848,8.742215148,7.780149285,5.2821427739999995,4.973961296000001,5.456137135,4.676784881000001,7.379573947999999,5.443773075,10.96838826,6.546830569,6.58209914,5.835749924,8.040748607000001,6.532607877,4.731770722,6.287236872,5.3135597510000006,4.372232695,4.589372707,9.914731286,9.148258279,5.644284422999999,6.348863904,4.936908325,6.065469641,10.26790921,4.728262443,6.9791131360000005,4.731528248,7.200273342999999,5.525224796,8.73827955,6.63257591,5.736863747999999,6.193571929,7.708140667,5.346744183999999,9.101556646,4.770013274,6.886826602,6.292550022,6.777024409,4.7640755619999995,8.893178767,6.802069413,8.907980371,4.965191657,4.35156473,5.958083646,7.25387529,9.170295199,8.207702661,8.34902625,8.033019292999999,9.792479002,7.6076755060000005,4.580852244,5.576925352999999,4.432778325,5.21360975,4.557041882,4.396621081,9.955099639,9.25701749,7.689693802000001,7.15825626,6.037861945,5.155064684,6.463150015,7.0963414160000005,7.4351252510000005,6.205401942000001,6.486973405,7.81797012,8.750490682,6.242774596,5.575816372999999,8.151872376,8.859764105,7.5742523760000005,9.452456485,6.214428539,6.935434267000001,5.637472746,8.262827551,4.736596797,5.449053957,5.088603815,9.873359407,5.9408638210000015,5.816516943,6.2151221670000005,9.254887091,6.333001498,5.873113525,6.279914262,5.8423294110000015,7.321422592999999,8.551113701,6.497064924,6.941721338,4.502733147,11.15365941,5.6392328,7.131342328,5.480434799999999,5.870379436,6.156483795,10.03350703,5.0859636969999995,5.353907635,11.35395009,5.3847811839999995,6.161352357999999,4.850398866,5.281831766,7.98134041,5.848019184,4.254925335,8.836448303,7.383963457,5.531576804,6.8135084610000005,5.430313792000001,4.652612597,6.2297097820000005,4.926018202,5.735378008,4.925996222,6.71879443,4.73094431,9.879670747,7.67250849,10.36222301,5.799352482000001,6.3073298829999995,9.14176897,5.646238632,6.867631255,5.066943491,5.269260018,4.656442299999998,7.515971531,5.3691125689999994,6.873610404,6.212164821,6.918278269,7.1180385510000015,4.668945893,7.053280387999999,6.95825291,7.809522096,6.511460258,8.429819001,7.0283960999999975,4.482832818,8.180887468,11.56632956,8.401735942,8.617592396000001,7.52255705,4.381808875,7.4321755629999995,5.779905319,4.91761119,5.50538799,5.851914086,6.664978773,6.666931131,9.28747002,10.63615461,4.965512438999999,7.38189164,6.971159806,5.0145074119999995,6.285051645,8.891757899,5.930476106,5.6066843429999995,9.721787048,5.862713192,7.796469302999999,6.919588462999999,7.455708127,4.7159481219999995,6.921718477000001,4.920637311,4.43064762,5.77188515,6.41641135,6.7577459410000005,4.677197275,7.604141019,7.015955397000001,9.768861845,6.822428426,7.3812923779999995,6.175912899,5.272539419,5.972877177999999,4.628634701,7.85747222,4.677607076,6.731795485,10.385073,8.393103538,5.046282286,6.899490806,5.764388783999999,4.830382449,6.131059483,11.62638356,6.986157612,6.201104777,7.840455771,8.595916075,8.1596453,4.320360882,7.539984349,7.735142194,5.405552861,6.64350281,7.077242565,4.702353014,7.499452923,5.5716171160000005,8.167678421,5.09188012,6.280016149,4.673708582,6.040137232999999,7.7412463670000005,7.398333918,8.760252202,5.736360539,7.722674279,8.952642838,5.054043426000001,10.27555551,8.508830226,4.594475587,4.959274703999999,5.419809435,8.130212756,5.424384506,8.207199825,5.159400717,6.0044885279999995,4.9844395630000005,6.602749149,5.725360734,5.392266001,9.639912936,8.518327482,6.034278314,8.479845527,8.505095942,7.3506679,5.654903653,6.3100328889999995,4.517108428999999,4.862970081,8.765548638,6.239062075,7.874146979,5.206580257,7.698496987,5.923440667,6.262111708,8.554487137999999,8.978221469,6.516017941,6.992607146,8.038289322999999,6.511164832,6.820190116,6.199315937000001,5.264528017,9.226419169,6.873461868,5.724435119,6.196317231,6.1732865110000015,4.685959639,6.89612314,5.5803443470000005,8.029406892999999,10.82099309,4.26431945,7.753742904,4.842169406,5.886866531,5.529670061,6.314380907,5.518627996,5.337513745,8.730809927000001,6.606106575,4.66008699,5.664551311,10.439303500000001,6.021911433,7.941893792,6.420154256,5.092464181,8.090246118,5.415750967,10.39802045,7.6181913,4.316782454,5.7515813179999995,11.63373314,8.098534772,6.424526056,7.0022076160000015,6.2180518739999995,8.946694328,5.549040442000001,4.785903966,6.468842968,5.647339016,8.773264314,6.089321832,5.1168363889999995,7.991553841,7.494752684,5.121722231000001,4.81519485,6.52027907,5.118722662,5.994238788,4.630387717,4.911844295,7.759447618999999,6.876955646,4.917988200000001,7.200370982999999,8.15957021,7.996568055,5.034626225,8.847838932,6.4970241060000005,5.37073751,6.402874167999999,5.052630738,7.390427669,5.598747313,8.114011657,5.511852782,4.897979253,5.507905119,4.536293378,4.875413443,4.290743096,6.461321272999999,6.715975808,7.2153369760000015,5.755598452999999,7.47280029,11.02730793,5.443701507999999,4.6127299289999995,6.861131134,7.583613467999999,4.652456265,6.9293406210000015,4.732947578,6.958004777,8.29403347,4.90748459,7.481996745,9.091452775,8.204906614,5.741285284,8.802906869,6.428653317,8.368052882999999,8.492165179,5.248801922,5.863990518,5.639136412,5.862467633,4.882989067,7.114008457000001,8.082603092000001,4.690814377,7.285857315,7.320758047000001,5.4627725929999995,5.00460421,6.180513027999999,6.954288654,6.06538784,8.113059577000001,7.730653266,7.4893468410000015,5.74437226,5.208793355,7.245645597,9.412565927000001,6.130252785,6.471244032,8.316313206,5.687845633999999,6.9516435770000005,6.159203784,5.51544592,5.319563626,8.432106688,7.07083247,7.640022632999999,6.784477229,6.128621085,6.728392949,8.112246432000001,5.449545027,6.7326107639999995,4.926277385,7.443092495,7.377849677,8.045419546,5.769309223,9.266944661,6.4884140860000015,5.212826134,6.035814003,7.7146268870000005,7.195582722,6.680828914,8.43331268,6.8359341910000015,6.872657203999999,6.185372178,6.020043544,7.048924332,6.439546226,8.900956033,6.317324022999999,10.20504472,5.381582572999999,5.393992398,5.566302514,10.06964081,7.507132493999999,6.301476125,6.616266115,4.572022598,7.782885019,6.138979802000001,5.85502014,5.240553382,5.706342867999999,7.973275611,9.259936745,9.216038679,6.867657446,8.311252084,6.868651367000001,7.3593069710000005,7.3534335870000005,6.916516764,7.78015881,5.786803711,7.798265936,8.533321373,9.021019512,8.617996527999999,6.5855388989999994,4.661497348,4.601253648999999,5.132001679,7.545107729,9.352492796,7.670480082999999,6.036228106,6.857401229,6.393015501,7.4082506760000015,9.379424159,12.32992484,4.823402232,12.81585995,4.925324033,5.7320245089999995,5.561082711,4.526467321,6.296002155,8.241074441,4.423739797,4.341388545,6.784552929,9.769910333,7.593538708,7.525699899,8.787406464,8.983043647999999,5.6552837270000005,5.775140801,7.03544428,6.814657762,7.953558554,6.071206987,7.544465934,6.108396282999999,4.477864555,6.101232988,5.757462478,5.6018965010000015,8.145411332,7.8692976660000005,5.454809909,6.5911395729999995,5.542561347,4.607433326000001,4.697766051,5.043430254,4.36194964,4.786052767,4.716666741,4.810935013,4.916650177,8.926447154,8.624608300000002,5.061354205,6.11046741,5.687936016,4.832727126,4.7068470719999995,5.574318664,7.518359977999999,6.902908213,9.783735115,5.363832816,5.97688963,5.141545503,4.705465579,5.267913254,6.723613137999999,6.564454745,4.962264526,7.937933528999999,5.494424146,9.441531392,5.171516071,6.368912965,4.768977945,4.592269858,5.377686762000001,4.728898031,6.766877631,5.039417578,7.680947374,9.382871158,4.364108596,4.985862256,6.101112595,6.211260066,7.443231093,5.407194324,8.624577894,6.858240706,10.13089679,7.502348725,8.343720004,8.96259621,8.097994906,8.44714149,6.617412926,7.892730356,6.7924410810000015,7.215989645,5.965638642,4.562670778999999,6.515265858999999,7.490217031,4.890064016,5.50307157,5.418014192,5.9805856,4.739157045,5.11431957,7.890329705,8.855776118,7.694793318999999,6.633601893,6.8340253529999995,6.174919383,4.739932348,5.714116882999999,4.865162686000001,4.76342044,8.842475775,4.365342534,4.795490706,9.498292937,7.0478048960000015,6.10117245,4.403795579,6.893625925,4.4118517289999994,6.812062731,5.24057934,7.280950301,7.279883672,8.655320846,6.575390835,5.2931145939999995,4.655549527,7.637765495,7.313104768,6.995355601,4.9202716419999994,7.775431281,7.486675139,8.948615102,7.476625594,6.359928742,8.479946768,5.641710955,5.382061124,5.605229659,5.4266708679999995,9.268021422,9.233436613,6.296072915,4.665310839,4.769654473,7.741264094,7.295070475,8.694152005,4.703188514,4.73137228,8.302395982,9.589908413,5.02483017,7.8751290260000015,9.554254401,7.996915411,5.073759293999999,4.996063821,6.028797129,6.718370799,6.520389487,4.804730512,7.009454946,5.69158257,7.614257169,9.43343236,6.2694017460000016,5.685989747000001,5.189859342,4.318528115,6.205628982,6.864317047,4.977732468999999,6.801875676,6.379296404,7.465328396,10.68098878,10.20422249,11.03713673,8.575320878,7.2375769389999975,11.12521411,9.452257348,8.447606115,7.068338011,5.531425389,6.29291329,8.751102793,6.148215037999999,7.820360544,4.983576857,5.395988377,7.143778747000001,8.807778597,4.44578936,6.9422162279999995,8.046113507000001,8.185623235,4.479437112,5.429372829,5.225641677,5.40635653,9.904297866,4.760438996,13.21365963,14.04399296,6.179690399,7.317390355,7.654732461,9.276246399,9.927301976,9.095603859,6.906418691,6.636219003,5.777721504,8.03905262,5.199403117,7.1911385060000015,9.110071831,5.713084212,4.755315989,8.192638067,7.307062595,8.916503766,10.500537699999999,5.277852091000001,9.670309726000001,6.59853266,6.865779507,8.763052978,6.212970972999999,5.726540881,6.4830062029999995,9.188995015,7.024908383,4.444937755,6.8087699829999995,6.912405784,13.03482453,7.6772387029999996,6.523648737,7.318174152999999,5.559040573,6.5103868060000005,5.146776313999999,8.453039052000001,7.927180521,10.63755358,8.27583208,5.928761242999999,8.298536544,5.708766175,8.224036112,9.299234846000001,5.93555323,6.379356809,6.066986377,7.307184427999999,6.945203962999999,6.199280129,5.363093172,7.007375679,6.605539922,9.118548002,7.505895602000001,5.893262593999999,5.17024385,5.630679413999999,9.398298573,7.3857299770000004,5.560797935,4.731213039,5.066541125,9.228349003,9.309733629,5.019317625,7.716850031,6.519214325,12.83227933,4.870987565,6.790473669,7.168289328999999,4.845528261,6.578078577,7.015386017000001,7.529372865,9.203012141,5.484610617,9.473441216,5.324563533,5.732609931,8.336984847,4.924556245,5.916140738999999,7.322960307000001,5.076560008,8.909155152,9.148088334,6.845693193,8.585230357999999,5.064816158999999,11.93149863,5.624558396,6.566565825,4.471495029,6.3211837110000015,8.073890824,4.828403741,5.788047626,9.157879863,7.1412064179999994,8.603444676,4.372123707,5.9176570889999995,8.094267894,10.06853187,5.318289878,7.783592089,6.623214377,5.072958995,6.9369175310000015,7.467304247,7.628553847,12.04691509,6.407246455,5.984853556,4.769200289,9.24079399,8.643519688,8.393519035,5.723229633,5.536520601,6.126867283999999,7.336186783,5.053818764,4.853436576,5.123748687,5.627458017,7.2356939160000024,5.439165781,4.887526853,6.009773751,7.596793203,14.02962029,5.838318323999999,5.863296922999999,6.301831883999999,6.731944745,5.17387308,4.835868541,6.183070763,6.08954038,5.93455281,5.4458257439999995,6.74320556,5.611829361,7.418318977999999,8.165669609,5.714627999,12.50580816,5.603057636,5.294750402,8.520960934,6.8092225410000005,4.950667775,6.002745362000001,4.484269885,6.237674939,5.0761826480000005,6.018643624,5.978812415,7.604349087,7.111170129,7.87325726,7.658372657999999,5.0209045969999995,4.17489039,8.439847839,7.421242446,5.354989235,7.375963262999999,6.190145287999999,11.26120273,10.7500283,8.795989335,7.997413855,5.619281189,6.487996552,9.515781328,5.43954116,5.452216445,6.154555443,5.224540115,5.395071102999999,6.787386457,7.975265396,7.413251548,6.7197630660000005,6.443936817999999,6.031281456,6.498953908,6.593576112,6.675671212,7.841119326,5.419690623999999,9.362507968,7.161481741,6.429778861,9.347164662,5.6808227229999995,6.6371404689999975,6.931560366,6.551670495,6.257415394,5.162116518,9.980327603,6.874553822999999,4.837028045,7.127014,6.4717973639999995,8.435752102,4.613670225,5.345079833,6.733900498,8.161269613,7.7485334639999985,8.492169164,7.309976377000001,6.342043971,5.103586048,4.91406744,4.652400275,11.32268758,4.812456313999999,8.670946212,7.169802344,6.265072977000001,4.6556931939999995,11.01649095,5.880747653999999,7.45823126,7.209433763,5.761698047,5.894761114,6.492072221,4.626298574,4.7687151960000005,7.484842939,5.83456608,6.90915846,5.057366238,6.690069414,8.280477355,6.32452735,8.600904819,10.62871395,9.094848205,7.233059582,9.621776987,11.02367792,6.349988569,4.797932459,6.528808996,5.386894357999999,6.662483094,6.001574205,8.714568658,6.356030538,7.433460137000001,6.5352050120000005,5.618376026,4.624338012,5.153025703,7.233646498,8.161926882000001,7.181744817,7.236297828,5.42748054,5.2267540619999995,6.482587499,4.819385476,6.534103375,6.6107444310000005,10.22120325,10.68831166,4.385573681,4.83398048,6.5008605610000005,7.0902443239999995,4.7568136889999995,4.080157915,7.65801647,7.982765316,5.776629647999999,4.419595289,5.049290114,7.001724227,6.991261278,5.513399188999999,6.277013854,6.747357121,4.9347583760000004,6.409848909,5.546247567999999,6.046290567000001,7.235040406,5.320747449,5.331262357,5.855207900000001,6.069988502999999,5.63318545,6.142360981,7.582832517999999,4.179136109,9.187360894,4.544650561,6.877137817,6.455489012,6.777285158,5.595771653,5.071100004,4.684647518999999,5.081060894,5.683690829,6.200430451,7.556824983999999,5.8800395420000005,11.32584034,5.6736500360000015,7.232424162,4.549951302,5.8264697010000015,4.4195598480000005,5.662846947,5.574215952,6.079310808,7.626620827999999,4.472888028,5.523273652,4.559197562,7.744768485,6.476417975,7.580464434,11.72005118,5.039351295,6.888086932999999,10.16318109,9.015902407999999,8.369266742999999,5.502208249,7.1180161779999995,4.270002957,4.754453235,4.8120005919999995,4.833651855,5.011228498,6.846926064,9.430013621,5.882321717000001,6.203535717,9.670787504,5.991879869,8.920904725,6.156220374,8.401487833,8.498269192,5.944929012999999,9.169280378,6.6023793410000025,5.481843021,7.051380282,5.04308136,7.082828115,6.5834618670000005,8.331862875,7.37458871,7.1469545010000015,6.183583425,4.690889258,8.01294946,8.281929478,5.095416717,4.50007232,5.671099661,5.90459141,6.3566702070000005,6.40454729,6.232235652000001,10.34111891,6.996944587000001,6.357638661,6.8146911160000005,8.420214054,11.21232426,5.038693776000001,8.520566079,6.3728554860000015,8.411834942999999,6.621232572,9.15270772,7.500624264,7.808656487,6.979945505,10.85421122,7.455185822000001,9.439064287999999,4.78873767,5.801973345,4.400920199,7.389273997999999,7.127506704,5.89929377,5.278060003,8.816160423,6.948438218,6.554532152999999,6.9585323510000014,5.030501297,11.67444482,5.226900951,5.8356833539999995,6.727651132999999,6.566038467,9.261484087000001,7.0150715429999995,4.845426455,6.136494839,5.557294203,8.663802056,5.4197096610000015,4.889084421000001,7.148251639,5.5077537439999995,5.832792535,6.235935143,9.456177027,10.01793514,6.336572469,8.07882122,7.961308886,7.445081355,7.9544903310000015,8.159837179,6.985993102,8.131133944,6.660265159,6.244805363999999,6.354548382000001,4.772672957,7.851425495,9.542031465,5.2194299719999995,6.237651082,4.947507002,8.806589153,8.059403468,6.42034102,5.795186974,4.338912288,5.415177987000001,6.782258268,9.116970081,4.966776539,7.044816497,4.986509661,9.053853596,5.895589396,5.991793907999999,6.042977658,4.481059073,6.623644989,5.514584585,5.43472652,5.2427079569999995,6.480078224,4.68838615,7.205595849,5.608079851,5.503405017,10.75443658,6.7134948539999995,4.571875889,6.1686804429999995,9.26683013,5.296298232,8.590900357999999,8.23949559,4.409564135,6.310945727999999,5.8850238820000005,5.683750087000001,5.565222979,4.628767346,4.965162523,6.207749691,4.945533675,6.598754351,7.8599599829999995,6.585936969,7.152433292,10.02104073,5.258338339,5.101417553,7.036263138,5.6321632410000015,5.435419232,5.7670152360000015,4.453184329,4.39048111,8.678369352999999,6.330902846,8.496664682999999,12.42436045,4.649332288,8.949945537,6.066196428,7.659033513,5.015230177,4.473461808,5.934610738,11.75389531,10.28287406,8.241815195,7.642977228999999,5.384706785,4.800696805,5.6934121289999995,7.146392682999999,9.27825604,7.391407282,7.8515819539999985,5.352170056,7.666940941,5.925187386,5.234207103,6.070877384,7.223431729,7.430760542000001,6.292402474,6.868660067,7.4539144020000005,6.755660764,5.650305792999999,5.784142472,8.173094669,8.350628922,9.110551561,9.700618301,8.152270137,10.34390032,9.039385084,8.721870337999999,7.722797944,7.8940285060000015,6.160600095,10.1354179,4.5927438789999995,8.397391916,6.359273815,4.599267258999999,8.852459352999999,6.464309338,11.46950154,4.410319843,6.557592333,5.867686394,6.317478799,6.191466613999999,8.264289672,8.565379549,7.477648855,4.45900713,8.209666198999999,4.39694642,8.025518111,5.0258323030000005,5.745312825,5.788978329,5.9256659,9.738111053999999,4.965269097,5.671604637000001,6.849007643999999,5.075390683,7.025691972000001,7.63823544,8.794794605,7.757427957000001,4.25756135,8.001998958,8.4673428,5.545366771,5.430048861,5.081945056,6.7635388270000005,6.607678074,8.530615762,4.75945937,8.960919192,7.357237483,5.734780957999999,6.390436782,7.730890692000001,6.6322624029999995,6.064386344,7.828095789,6.915756332000001,9.561036247999999,7.214998262000001,4.213195995,6.976694424,7.3445813829999995,5.497170497000001,5.263750407,8.618324756,5.344809791,5.206727955,8.801316992,8.018918845,7.218036427,8.070646434,9.309106153,5.688104196,5.378473604,9.970358535,9.133457669,5.615039756,4.419277211,5.152739858,5.172570169,5.226703387,7.454058527999999,7.997499737999999,8.844225514,7.031468384,6.815699045,6.77050034,10.55605107,7.393180911,4.80839369,6.285792185,7.479713844,4.602375996,11.84205461,6.137253969,9.600338706,7.588042084,9.116003033,7.550573327,8.002077486000001,9.280823095,5.988699774,5.285961267,6.4497729889999995,4.353819967,7.988503121,7.475606252,7.731964558,5.589297771,11.59139887,7.75559663,8.042798067,8.914109391,5.869647109,5.68186873,5.316514767,7.148199475,5.303254587,5.4856167760000005,6.399044879,7.81640383,7.304098346,7.279991017,6.705962726,5.593935815,4.82543522,5.175130687,5.6743351539999995,6.341053401,5.521433131,4.40135156,4.069840226,5.123659151,5.204267627,5.20970514,4.5908152069999995,5.617032772000001,7.337480802999999,5.8054454060000005,6.587648637000001,5.86296469,6.939654831,4.679658979,11.06966639,9.449557636,4.738270834,5.947991742999999,7.146481735,5.309210537,8.583365642999999,4.503651921,5.319668359,9.549887353999999,6.449545218,8.202031538,5.657760306,5.495874954,6.685027737,5.846460757000001,4.202334414,4.487399872,6.972912332000001,5.34434333,7.880836211,4.74110038,6.654581385,6.494159302000001,6.809439555,4.5645960169999995,5.434073385,9.99087645,8.493274187,5.550620285,6.986556462,6.337767303,7.243800221,5.8081631960000015,5.993970751,6.648063336,6.334177057000001,9.70534655,9.489948803999999,9.636475916,7.16746605,7.852614847999999,5.111675853,7.095071462999999,4.714591915,7.9991337520000005,7.18985853,6.204063493,7.0865880039999976,8.557742637999999,7.589957711,5.140520334,5.269688013000001,4.894119305,6.1846715360000015,9.594429017000001,9.906965092,4.819320929,5.6991621939999995,5.950962264,7.938442961,5.928869547000001,6.4666592760000015,11.01853087,5.143335378,7.861375568,6.698545633999999,5.337513133,7.008840137000001,4.590784438,5.942874463,5.843490137000001,5.227557904,5.414295813,5.247775798,8.968411338,11.36114321,5.656069402999999,4.268572173,4.737791057,9.919117421000001,8.519279739,7.774070921,6.6662155510000005,4.490582871,4.272440233999999,7.4005141939999985,7.003357882,6.984655589,4.90135603,4.7369939169999995,6.596541002,4.617412683,4.918217567,5.086070095,8.586066801,9.074621302999999,5.068056102,5.84177145,6.811170721,7.975317255,5.964880421,4.592302228,6.352354602,5.329032928999999,5.504747561,5.522474956,8.867113832000001,6.5907528110000015,6.507133235,6.800523484,5.740095977999999,7.406185446,5.093645396,6.192189162999999,8.915259625,6.5996284260000015,4.876355611,7.700291826,4.729282883,8.10374402,7.900862525,4.798501035,9.502881643,6.3558193439999995,10.15703222,5.173785501,6.023775204,5.607057919,11.81260082,5.963688445,10.15811681,12.28566716,8.039109652,6.540099796,7.459396882999999,5.855647481,10.9414198,9.400767898,4.873090383,7.955180536,7.154021544,8.530785527,9.205398519,6.654334092999999,10.61573847,6.223807817999999,4.984079877,8.658302907000001,8.845010398,5.729027632,10.39317211,5.677960556,8.266654991000001,5.333644673,6.3911105820000005,6.9803231729999995,4.787486341,6.209491732,7.024333399,4.297395205,8.223825741,4.8478685619999995,8.571677907,8.593653518,5.715301015,5.068825034,4.633442227,10.61966661,7.453457812999999,7.140656149,6.97093445,7.260208615,7.546753394,7.272213428,9.927361487999999,5.915485515,6.7759616110000005,7.504203353999999,8.20723043,5.925663064,9.430460295,7.150118544,5.622391264,5.873933438,5.40321451,7.3663816739999985,8.24385629,5.963630869,5.230764403999999,8.815169656,4.554113387,5.234507476,5.853578272000001,4.905725708,6.652484977,5.6131911279999995,6.188277808,9.156976214,7.3393757389999985,9.217475988,9.521987889,8.068837683,8.961029249,5.137709112,7.827721282000001,6.595240702000001,8.701643792999999,7.6206493029999995,5.102454096000001,5.0503787319999995,7.352468977000001,7.31970796,4.497392296,6.380310828,6.968521363,8.342265422999999,5.849118722,5.111583486000001,6.047354365,7.142549653,8.056061785,7.985226346,7.561413009,7.932026229,6.841105353,5.739648572,6.579444341,7.790669164,10.05402075,6.708194617999999,6.707666897,12.88259284,8.896337691,6.735430067999999,8.506715011,11.38016106,10.85026511,4.186892799,4.195903265,5.425789765,6.865439907000001,8.460337557999999,10.02361073,6.972882956,7.600602477000001,7.956536483,5.430982928,4.7224355330000005,6.928363347,8.317453059,9.06905508,5.582457467999999,10.01035868,4.641124507,9.073730449,5.4000748970000005,5.108163072,5.191104289,6.490859531,4.535067358,4.799468658,5.21565277,7.705228121,8.008287232999999,4.631161186,9.352892368,6.767848834,6.751112943,9.467770991,6.6638833360000005,9.887227118,7.363871649,7.921348718,5.673398584,6.030125415,5.083153067,4.752281541,6.710226847,7.77326678,6.7878233020000005,4.937375753,7.959933958,7.2330774920000005,5.349483276,8.15944446,7.091445208,7.465665962,5.987053347000001,5.531227146,4.2803389,5.359874728,10.17560536,6.996796101,5.140682067,11.67054024,5.192275205,10.67891964,5.755719002,6.03052479,5.841208961,5.515385834,4.937422083,4.557994358,5.7312843739999995,5.351612752,4.823666762,5.26137527,6.09215335,4.814450005,6.934794887000001,5.302211618,7.262720718,12.18502645,5.57421987,4.757414936,5.674151859,6.046091121,4.945843374,6.954759475,9.42195583,6.801302777,5.905508697,10.20299823,5.71461562,4.927400405,4.247782337,5.611887126,4.993266098,7.940609151,7.586354696,5.302187857,7.720296323999999,5.9629088889999995,7.055667947000001,5.73662554,5.823461484,4.508680524,7.6951148510000005,8.669527214,10.2959632,5.044319557,4.721300907,7.213716954,5.179530234,11.03814307,5.883863419,8.87248415,6.495107656,6.195447511,5.738216027000001,8.310776005,8.599328468,6.200535062999999,6.258201307,6.950618443,5.741130724,7.76896529,5.717839239,4.5890915130000005,4.980905508999999,5.388798692000001,6.997118209,8.57921821,6.177082048,5.8620252729999995,5.873503082999999,5.24034217,7.008972907,6.192498165,4.577677017,4.252943801,4.1138991030000005,6.8320880000000015,8.703577382,4.874037112,6.760239058,6.533225848,5.6932358039999995,6.253744844,7.03706323,10.25983853,4.882737654,10.62084132,4.9517642969999995,6.021071915,4.826649762,11.28103155,4.41299449,7.685116308,5.15850098,5.825605362,5.430279998,8.698009196000001,5.75298744,8.242090961,7.972641287999999,4.470670375,5.340622309,8.590171955,7.133089469,7.318046402999999,4.488409834,6.785787826,5.779555611,9.195815831,7.154597721,8.098717158,6.654294362000001,7.495057774,4.80063513,8.972442735,5.260232998,5.310305444,7.364486787000001,8.395928992,5.067530411,9.175536486,10.90544646,7.083427358,6.667242398,4.905443562,11.11049275,4.652071871,9.124758647,4.71347533,6.194040526,5.243137512,5.031570643999999,4.876542082,6.322978377,8.373949073,11.59104828,6.632254382999999,4.884810507,8.023811734,8.207719212999999,5.792850527000001,4.455685926,8.112423698999999,7.711585931,8.931185117,6.373120472,5.2871060739999995,6.213943133,7.759552346,6.98281629,6.706640724,4.683255309,5.128560772,5.078741088,5.6765125339999996,6.509895185,7.126634075,7.837170634,6.927865216,5.221287127,6.960422137999999,7.612230017999999,5.543466821,5.626577758,8.871929026,4.795344986,6.6465029929999995,4.87434213,8.977907373999999,5.323429774,4.813148579,4.838174853,5.716323963,5.787499285,9.465791579,5.750666549,5.476872079,5.713769494,4.514437268,9.535887726,8.501953054,5.822959902000001,6.381529966,5.6072266420000005,6.789601998999999,5.8235111129999995,6.97422336,4.503711287,9.835429015,6.5616020760000024,7.832889845,4.2332485160000015,5.119632889,8.332854437,5.237814602,8.596736191,10.32646464,6.1380533370000006,10.38611246,7.532449217000001,4.957474314,6.559659318,6.601814528999999,4.279522167,4.848721739,7.304982884,5.038858142,5.335553956,5.093190122,5.042560684,5.608959337999999,6.2502972560000005,5.8382605629999995,6.859424926,6.074844286,4.534396895,6.357432686,7.664864323,4.73496446,7.191280326,5.661895839,5.558178476,5.545522365,4.667801517,8.02056185,9.145895032,5.371838755,5.081590361,5.126803048,7.157576884,7.009551339,11.14001777,7.892393179,4.140638471,5.440010028,8.157671673,5.308428534,4.311006707,4.727372046,6.716577111,5.160912776,4.27679354,7.928609363,6.1627449,10.81221292,6.486687099,6.068056843,6.254765592999999,5.94569125,7.258381999,6.70292213,5.477756756000002,5.499413515,5.649588,7.249431183,6.63796155,4.892994463,6.221081785,4.965516401,7.6045200920000005,4.718475051,8.339432943,7.1871287420000005,10.36844015,4.663687144,4.407191302,7.056908046,5.5073538960000015,6.031460017000001,4.805583382,10.05797048,6.9008613510000005,10.05910821,7.574598677999999,4.815793153,5.301472562,6.68201473,7.692046697,6.752206158,8.972293605,6.3126495039999995,6.349942712000001,6.0750923839999995,6.966118117000001,7.415323586,7.024747071,4.285155968,6.760142758,4.821927641,4.785199312,5.8342189410000005,7.364182135,5.253810328,4.396997726,7.296336416,5.976381085,5.495276401,6.054973671,5.290796108,5.08693913,7.603922464,4.3784606539999995,5.051759766,4.831896789,9.692998307,6.768773907000001,9.508883331,4.521718374,7.347211202,5.326506708,10.01020368,6.823421727,6.231044279,4.859600391,7.628803549,4.947387968999999,11.45027121,9.148471215,5.971752385,6.5824630410000005,9.648083657,9.861365311,7.693188782999999,6.530833951,7.711625109,5.714374072999999,10.71827971,5.712912604,6.111353546,6.540014322999999,8.098792661000001,8.498264133,5.838782386,8.104023067,9.342506803,10.22074953,4.512715407,5.175920681,5.500514335,4.807062952,8.399995563,4.811367662,9.834121631,8.325662407000001,5.604840514,5.278295156,5.483234293,5.675970883,4.332405501,5.860878832999999,7.844459756,9.000816807,7.049829536,4.990829651,5.809024854,11.48355736,12.35401926,6.222020729,5.078889428,6.2321421070000005,5.304596125,4.2921990889999995,8.024736401,7.169402265,10.38474224,8.514897955,6.287830682,7.741506375,7.109640095,5.437212227000001,4.8253376789999995,4.851641613,5.216800692,6.5891304129999995,6.864094562000001,6.041782744,5.882052375,5.812045366,5.5527202739999995,6.650373871,7.470223797,7.608076466,5.700181477999999,4.3990275919999995,7.936355835,4.275451973,5.165213631,5.688491459,5.681661752999999,6.385702035,6.531408421,5.512922275,8.954396877,4.941941474,5.365509239,5.909331356,4.817531218,6.858964384,4.801862073,10.42399767,9.842162624,5.627400777,5.577043447,5.312259499,5.564459314,7.470536748,8.420973423,4.43900202,4.515231899,7.1403222379999995,8.589988553,5.4375686089999995,6.372567413,8.634132506,7.601223363,4.773986976000001,5.6178517060000015,7.120718373,6.149979276,9.955179196,8.53805366,4.609920273,10.08646783,5.193069979,4.588730792,5.147286684,6.198822389,8.675167529,5.17229103,6.873159516,7.813429687,6.857944292000001,4.848598602,6.315250355,5.125391497,7.631319069,5.36570816,7.222083948,4.928690587,10.82668645,9.820610176,5.219223686,7.29752634,5.155191542,5.101041498,11.38191037,6.235892699,6.496898165,10.19181263,9.382263402000001,6.32172572,6.082549617000001,7.438267907999999,5.015892739,7.284459742999999,8.892904042,4.211289064,7.633417944,6.342581778,7.654326202000001,6.689176201,5.84468593,6.578128714,8.271265306,6.212092875,8.421615601000001,6.704475612,5.860053937000001,6.561846787,4.972138313,8.604386265,5.844510093999999,9.009004666000001,5.178707986,5.973607071,4.975535109,5.199770684,5.023458651,4.834247421000001,4.891177633,5.211937287,6.517828827000001,5.26293959,5.031573542,5.610948098,5.868620394,7.252327216,7.403621621,7.238603104,6.461756502,5.810767909,12.35276978,5.541408504,6.3151550489999995,7.880332049,5.539360137,4.202739674,7.490742278,5.418804495,8.900451896,5.191263496,5.176126593999999,4.440214975,7.426499954,5.835226627000001,6.596074354,7.158037525,5.784657009,5.59810468,12.76021273,6.804429207,4.2592464460000015,12.39878294,7.585810342,5.7252742539999995,4.470577629,5.652147126,6.197222312999999,8.647697435,6.0737942,4.9110382260000005,4.5980900689999995,7.671799339,5.687957872,7.7308845370000006,6.74978863,8.006336713,6.149099541,7.359855382999999,5.455484014,4.87814304,5.938572289,5.743834044,4.834769106,4.557775423,4.680579175,9.466082992,8.209556335,10.00564449,6.370786819,5.830102612,5.653628932,6.847887657999999,7.697493763,4.881147619,5.837840278,5.576284575,5.868408596,4.826802302,7.933755199,13.05510314,4.278280672,5.369699128,7.0904988410000005,4.275852642,8.029749146,9.35610749,10.079569699999999,11.45646043,7.271362661,7.370130876,8.277469422000001,7.266049093999999,5.32130751,6.056291794,7.24792798,4.923133366,6.628814042,6.1657842610000015,9.629544141,7.086143927,5.010085012,5.586225555,4.88632824,5.709199571,4.422834368999999,5.795759549,8.213208682000001,8.294670227000001,5.571625386,5.6521837029999995,8.916332622999999,10.35584199,11.125259300000002,6.390296383,5.8114102370000005,5.88460234,7.238646072000001,9.465921572000001,7.34722503,7.668714232,7.128726914,5.0640574019999995,7.688814953,5.277136076000001,4.619413641,5.621694767,5.307178223,5.1404617969999995,6.576974882000001,8.565427297000001,5.256683442,4.0826850630000004,5.38090456,4.438996714,4.5969684719999995,6.405913684,4.939438255,4.979449106000001,4.535800171,6.843735307999999,5.441062313,8.308413974,5.8186167860000015,7.518170329,5.968909244,6.169793219,5.855428193,9.499262603,6.863795426,4.631623964,8.131341217000001,4.543148683,6.600211423999999,7.940435898,5.775556532,7.683529092000001,8.394134635,7.927514029,8.179972781,8.252602484,4.949076819,5.381786311,4.4054862,8.404972416,10.65424759,6.032857118,7.793597411,7.096681707,7.198454586,5.9265166979999995,4.858502952,6.7988088289999995,4.853091723,5.055310307,6.2023289429999995,6.6449502910000025,6.143696992000001,5.746118878,5.697682746,4.9143639839999995,7.6743544739999985,4.683900817,7.151313805,6.4285475660000015,8.57354933,5.305415473,7.666779149,7.645395255,5.3293203060000005,5.050000743,10.0070238,5.811253557000001,5.39905649,8.469443028999999,4.323826736,6.168958797999999,7.99515265,5.788081802000001,6.086926442999999,7.315467331,8.766183448,6.374714177,7.38735023,4.987772403,4.245595263,5.054827811,4.759431271,9.782397203,5.314878556,6.257479752999999,5.98644646,5.024519273,8.211301548,7.37038097,5.5842546220000004,5.477215084,4.983673433,5.625431721,9.191475785,6.973511866,9.320379373,6.185119498,6.4070175260000015,7.736794887,5.521666217000001,6.14265812,4.912750681,12.87599743,6.124280385,4.3657508310000015,6.954423695,5.335084075,7.160117249,6.743471832999999,7.623071702000001,4.766359205,9.315124804,5.866954666,10.04481733,4.403326458,5.521424777000001,5.165366562,4.955054217,5.010975727,6.7798810739999995,6.3923917260000005,7.658391802000001,11.538755,5.803622219,6.773826484,5.697444031,4.928899152,7.419501222999999,5.41863183,5.944988717999999,5.65174313,7.762742458,6.149573837999999,5.124597249,4.584760145,4.911744961,8.433100021,5.4188866639999995,5.110328629,6.018308311,4.816406419,4.847874492,5.088904298,6.565916818,8.41548011,8.456004228,4.842011724,6.944010124,6.234963235,8.604137573,7.524863048999999,6.283564048,6.284855061,6.3581648479999995,5.207788876,6.325751341,5.8544084629999995,5.081878951,8.99295251,6.2536003220000005,4.344864329,7.730312822999999,7.352574122,4.532647492,6.156972885,7.543682578999999,7.789972931,10.66208289,4.8523660710000005,4.712408478,7.584432427,7.995651153,7.345436302,4.796851636,7.928450939,5.677195959,6.802804748,5.724543411,6.084690129,4.984439514,6.9800262910000015,6.7102230579999995,5.6365190620000005,7.8651558060000015,8.085540952999999,6.025241049,9.798498666,6.34890528,4.870817016,7.362216011,7.7347171,7.518898106,4.642666965,8.067501349,4.330973335,8.98540391,5.891958058999999,7.702395049,7.033504656,7.200616274,4.2692458910000015,6.5417837410000015,7.2424325970000005,6.5839342510000005,4.667454029,4.1742223869999995,5.999786114,9.552568522,5.069357025,6.460936165,7.784144078,5.64260659,6.0284018060000015,7.771164757,5.281442949,5.622487099,6.4775839170000005,5.42652021,8.65060331,10.31984221,7.518429717999999,4.192223376,5.405079023,7.886115697,5.9155244960000015,9.597075588,6.797433361,4.571960206,5.376108602,6.343462242999999,5.169848198,4.585138801,5.954461692000001,4.468619562,7.039031886,5.059485491,5.306888557,6.530313437999999,8.970179099,8.40128126,6.941573633,7.18563397,4.6662562439999995,5.307407773,6.922085605,5.539523419,5.678584312000001,9.190532314,4.923942923999999,6.28655911,8.360531457999999,5.49817788,7.601112818,4.633401208,8.180211106,8.242063225,7.559007382000001,10.02631712,4.8239853319999995,11.33634973,4.450757277,7.184730603999999,6.99373388,4.679198101,4.501435431,10.53835797,7.265492068999999,6.593941015,6.3313409279999995,7.22608955,4.936646214,7.0047182810000015,8.882186738,7.8934109810000015,8.017301045,5.141659801,5.897616827,7.913486685,8.190354427,4.488443072,5.205242128,5.396280399,5.287651477,4.836460961,5.648314506,6.8968971660000005,4.607267712,8.00079713,4.779591492,4.904712153999999,7.964692886,8.161402246,6.595518124,5.565924232,7.757681132,7.152648869,4.800244351,7.59824377,8.04463157,7.329484575,7.4236680339999985,4.683754223999999,4.718589892,8.452718091,7.644813721,5.936192514,8.701875255,9.283387527999999,4.930191703999999,8.714245834,5.329192239,5.070290544,7.395709844,6.641953689,6.782357779,6.449977256,4.806631843,5.131607726,6.57473457,5.112893315,9.337176964,4.38490655,5.092693882,10.36079501,7.117967899,7.3488042,7.635913648,5.795569479,8.193731534,4.147231913,8.469623848,7.0229672039999995,5.1389728880000005,6.0147054760000005,4.951420359,6.2675931579999995,5.696047502000001,6.020162685,5.699590762000001,6.529281532000001,5.895880644,6.522037856,4.4427456780000005,8.34563347,5.116780556,7.401170549,4.336038745,7.174277035,8.896475251,8.005752569,7.893253425,8.954704223,5.6775230310000016,7.656457487000001,4.492467714,8.237502476,6.134863289,9.728680949,11.48644165,6.134233313999999,7.3621297110000015,5.410768462,7.617290661,4.302193157,8.693381453999999,6.074549635,8.198138703,6.799051812,7.734161665,4.832197468,6.32543462,6.005859244,4.398422353,6.133934603999999,5.240999013,5.033590611,5.690621095,13.21519503,6.636512139,6.474432928,10.16680595,7.810163524,6.143929368999999,8.299873426,8.040707043,8.255200519,9.353140243,8.927150166,7.058539013,7.047682204,5.205493788,5.5682692660000015,6.460864554,8.264836079,4.288779562,6.107659462000001,11.48764651,5.390830547999999,8.408040405,5.832637895,5.540725651,5.240529895,6.874343634,6.322936014,9.420483377,9.485606133,7.841871135,7.297705203,6.50380241,4.28136699,5.430531403,7.6011847470000005,8.448449787000001,5.553807837000001,4.486248524,6.587320581,5.575636821,7.285205811,7.465486012,5.211896324,6.242011682,6.35443021,6.1289234839999995,5.491547862999999,7.342542777999999,6.371680875,5.966730962000001,4.770058592,7.152138937999999,5.422649312000001,5.1757379839999995,4.19535706,4.804373988,8.571980762,6.621381307999999,8.517078198,5.910716633,7.6113028310000015,5.7223830389999994,7.893967779,5.995898897000001,7.084932134,5.810774747999999,5.218355911000001,6.3601408410000015,7.75778555,5.932526967,8.719652252000001,4.450349227,6.209337256,4.416661284,5.71741423,7.640525692000001,11.69144448,4.741305551,8.506718457,11.84503583,6.8393669379999995,6.219102542999999,7.119473361,7.035659764,7.004844301,6.078677806,6.698111063,8.330097076,6.3266592379999995,5.847321872,8.920093853,6.497406655,5.784921174,5.325248325,7.015486192999999,4.600195398,7.752756064,12.30377488,5.2564592910000005,6.688457372999999,5.898365605,7.893858312000001,6.299768877999999,6.900171877000001,5.690494581,8.833992531,5.007070488,6.092589244,7.319127707000001,5.694647454,6.715125147999999,6.865285199,4.825225678,8.133291946,7.2264088179999995,5.653849927,5.1934420160000005,5.24112367,5.191392,6.6625348970000005,4.668452234,5.499004612,6.864835848999999,6.703293658,6.575767615,10.16497967,5.435517582,4.736889706,5.692774534,6.650815691,6.2689737,8.366943793999999,6.842782091,6.093950456,7.326577202999999,7.587387647000001,6.035303884,7.03743974,8.233534762,4.929969021000001,5.815729784,8.089148518,9.083728987999999,4.1138491460000015,5.7627681289999995,5.247282166000001,6.063512652000001,6.458983722999999,6.756001165,4.536724746,9.571385101,5.752374457,5.9589224839999995,8.205160591,6.382084084,7.197837034,6.308477826,8.78656277,8.136140703999999,7.22704546,8.615329722,6.005084779,7.428361207999999,7.213394619,8.087155274,5.900203457999999,7.799691507,11.66666354,7.365168177999999,4.76936833,10.15358217,7.063338077999999,8.081797212,6.906332065,7.047562135,6.28002381,5.147766644,5.484111381,5.65396883,7.745063036,7.342799648,5.9723376770000005,6.885963843,4.665853313,5.0109085669999995,10.10485917,5.1298824739999995,8.904445849,5.3188425960000005,4.404855803999999,11.18103516,5.217128536000001,10.32676981,5.348217072,6.59021405,6.230802075,9.633212854,5.721713144,8.091207426,9.10953854,6.460757822000001,7.289850922,7.453560112999999,7.5038059729999995,6.776102196,6.019892845,6.162266186,4.4890272000000015,6.926629985,6.03029751,9.142829082,5.43258978,9.602174247,7.69847601,7.965507016,7.159339827999999,5.993937186,8.089516925,8.627100402,7.4233527289999985,8.09860849,8.707538287,5.363525321,7.752427467,5.02621269,6.257825344,8.035348707,9.513199108,8.186701669,4.433710243999999,5.620776547999999,8.316650183,7.77303898,5.463007336,7.344189419,7.926615512000001,10.0754038,7.283537442999999,5.470395902000001,6.032278985,5.888442341,8.004729328,8.392281495,8.593489672999999,8.216847739,6.05579883,7.595710866,6.064408504,10.5772583,6.687164787,6.8219786870000005,8.126296349,6.075140721,7.469309053,5.49352102,4.221410695,9.994911404,6.779465184,6.5305765,7.575736846,5.296437269,6.793282972,5.41690303,6.429978221,7.18274498,5.4500639920000005,5.7773296610000004,5.235925451,6.463125558,8.044009997,9.750831665,3.813668525,5.327194585,5.677607148,5.80295889,7.957001859,4.774286378999999,5.4176195310000015,4.3989192919999995,7.778565703,5.285286816,5.115507438,6.724929241,8.940066879,4.688644738,7.499636897999999,8.209415577,9.721185902,7.346088615,4.963900962,4.729272601,8.753383232000001,9.064467547000001,8.672297665,10.43141862,9.787400051,6.312865771,4.531141262,4.817968844,6.839937736,7.513470055,5.60518454,7.866808363,7.409916731,7.886421745,8.955224539,5.76346925,6.355621263,5.003200316,7.2236140120000005,4.782486976,6.2495644860000015,4.8486409010000004,4.774844794,6.9150158489999995,6.2033253560000015,6.402384574,5.501861623,7.437465426,8.759435643,6.04335492,5.746477499,5.499408868,5.799347125,10.31266984,9.13979267,8.18821052,8.436744212,6.83506759,6.9717947239999996,7.560502358,5.99506491,6.847714548,7.083516286,5.459077159,4.729058641,5.939721603,7.215446384,6.584527552999999,4.356994459,5.7626992910000014,6.935082446,5.181558036,8.310216543,5.508183667999999,5.8691007520000005,5.003966134,7.363536346,5.343355765,4.658136302,5.161605051,5.595191802,7.9473019,5.265506307,4.601905567,8.190828783999999,4.877626537,8.875576397,10.52609055,5.184767863,6.907940505,11.64608635,6.561937403,6.152277638999999,4.85318027,5.124996586,6.295701276,6.841436067999999,4.628303282,8.490143993,7.136495048,7.41859968,7.461105762000001,5.652620422999999,5.787895391,5.26722979,5.933354487999999,5.2419101139999995,7.063351535,6.364804797000001,6.314391317,11.77763182,4.96730631,4.657118700000002,7.654941459,5.5976801960000016,5.163443879,7.092090568,6.501921224,8.762242937,6.040906531,6.148298317,5.022076135,6.486405897000001,4.837954374,4.747680992,5.94576049,8.723648962,5.362681499,7.245327728999999,4.896304487,4.8379760460000005,5.673755063,4.8143722780000004,6.3137430660000025,5.4014908870000005,4.671976857,7.445772688,5.562936702999999,6.4548756360000015,11.97958911,5.125806347,8.791130653,6.9454689929999995,10.41241936,4.567506245,5.979013052999999,7.627129196,5.661762837,4.091060499,7.650081809,4.403617362,7.259935033,5.658276663,5.95378337,5.486300489,11.7157117,9.660190077000001,8.26458148,4.814227064,5.066078824,4.695779097,7.621553221,7.332826594,5.244256871,5.808171912000001,5.472628328,5.55935224,7.065792626,7.277646752000001,7.910727972999999,7.799284366,5.868750981,4.533591041,4.972952801,7.1970055529999994,10.98580626,4.858129371,10.85395359,6.062675536,8.663069079,9.584510104,4.902074686000001,4.456365186,5.814802365,10.8241601,6.876624085,7.188207679,9.382954968,6.612529229,10.06041324,8.736623981000001,7.081773909,4.615108329,5.995807523,5.883411578,5.381985082999999,6.474756826,7.677903896,7.665033519,8.065169476,4.759017781,6.095671727,7.656070817000001,7.493033617,6.335237327000001,4.545925874,5.686782148,8.643203192,4.9845795310000005,6.811395724,6.5397068439999995,7.226026192000001,6.220683206,7.851845742,7.052497671,4.484326248,7.3682477870000005,6.187343987999999,6.309843666,7.58426668,4.861834428,8.492099995,6.088702645,7.388763235,6.084548912000001,6.123415672,9.372983955,5.43351962,8.123205061,11.02594967,11.39404578,5.6874612010000005,8.41435956,4.620039026000001,10.23183988,5.479793428,6.997814099,5.779665499,5.7198054339999995,5.98121755,7.7109069020000005,11.26316763,6.413175829,5.64978486,4.620610299,7.52267597,9.490254764,7.936595588999999,6.521325813,6.568856212000001,4.978258853,7.895731396,5.5931899210000005,7.174714974,5.7967458610000016,6.665669554,6.195678035,8.857582969,10.42372451,6.191813123999999,4.890693303,4.0
24,11.50149206,6.442371492,10.06803335,6.963142909,6.355185272000001,4.505605357,8.708670106,5.215859324,4.516068508,6.00094258,4.570771944,10.72197403,5.686403123,11.15289902,6.80146911,7.280425217,9.264126575,6.315970509,4.7461321960000005,8.968372459,4.4031022580000005,7.055727082000001,8.201784479,8.276174758,6.6878140010000005,5.099945352,6.4025454029999995,6.8619766910000015,5.327775238,5.086924109,9.169905676,6.332520677000001,7.255834097,5.15407988,7.7251166960000015,7.1945858560000016,6.3680700660000005,4.852083966,6.030109086,5.0859527060000005,9.090945526,6.182953304,6.46408533,7.3724780339999985,7.443572777999999,7.562455722,5.632205614,9.458288917,6.107286892,7.180064599,4.70077951,6.180118491,6.342723522000001,9.207647722,4.3220868260000005,5.5820590060000015,4.638904575,9.564482411,4.479225634,5.486773769,6.080817861,5.36516649,8.492506169,6.912919058,6.338581211,8.250269444,6.463140937,7.087047044,7.3940686960000015,7.831392153999999,6.335388312999999,13.5181696,8.005862952000001,4.417853148,6.8746792889999995,4.738113684,5.035287448,6.635549515,4.650025679,6.81094212,7.3732038310000005,6.413856415,8.638084422,9.042507137000001,5.273553656,5.664064442999999,7.488676497999999,4.9273997419999995,5.407971438,8.560319865,5.330746971,6.998517367000001,5.24807257,8.531623349,7.795500189,6.114101886,10.23013373,4.389235505,4.317163208,7.0484042879999995,5.454337732000001,6.0064216020000005,6.4053457210000015,8.564987106,7.452004938,9.153700446,9.57436994,4.767665404,5.0284764000000015,7.1580560470000005,4.9751590939999994,5.126707822,4.796996409,6.735165042999999,5.935333825,9.052949647,4.32670593,5.290257243,5.880046843,6.875871997000001,10.854647199999999,8.629766072,5.741546848,8.742215148,7.780149285,5.2821427739999995,4.973961296000001,5.456137135,4.676784881000001,7.379573947999999,5.443773075,10.96838826,6.546830569,6.58209914,5.835749924,8.040748607000001,6.532607877,4.731770722,6.287236872,5.3135597510000006,4.372232695,4.589372707,9.914731286,9.148258279,5.644284422999999,6.348863904,4.936908325,6.065469641,10.26790921,4.728262443,6.9791131360000005,4.731528248,7.200273342999999,5.525224796,8.73827955,6.63257591,5.736863747999999,6.193571929,7.708140667,5.346744183999999,9.101556646,4.770013274,6.886826602,6.292550022,6.777024409,4.7640755619999995,8.893178767,6.802069413,8.907980371,4.965191657,4.35156473,5.958083646,7.25387529,9.170295199,8.207702661,8.34902625,8.033019292999999,9.792479002,7.6076755060000005,4.580852244,5.576925352999999,4.432778325,5.21360975,4.557041882,4.396621081,9.955099639,9.25701749,7.689693802000001,7.15825626,6.037861945,5.155064684,6.463150015,7.0963414160000005,7.4351252510000005,6.205401942000001,6.486973405,7.81797012,8.750490682,6.242774596,5.575816372999999,8.151872376,8.859764105,7.5742523760000005,9.452456485,6.214428539,6.935434267000001,5.637472746,8.262827551,4.736596797,5.449053957,5.088603815,9.873359407,5.9408638210000015,5.816516943,6.2151221670000005,9.254887091,6.333001498,5.873113525,6.279914262,5.8423294110000015,7.321422592999999,8.551113701,6.497064924,6.941721338,4.502733147,11.15365941,5.6392328,7.131342328,5.480434799999999,5.870379436,6.156483795,10.03350703,5.0859636969999995,5.353907635,11.35395009,5.3847811839999995,6.161352357999999,4.850398866,5.281831766,7.98134041,5.848019184,4.254925335,8.836448303,7.383963457,5.531576804,6.8135084610000005,5.430313792000001,4.652612597,6.2297097820000005,4.926018202,5.735378008,4.925996222,6.71879443,4.73094431,9.879670747,7.67250849,10.36222301,5.799352482000001,6.3073298829999995,9.14176897,5.646238632,6.867631255,5.066943491,5.269260018,4.656442299999998,7.515971531,5.3691125689999994,6.873610404,6.212164821,6.918278269,7.1180385510000015,4.668945893,7.053280387999999,6.95825291,7.809522096,6.511460258,8.429819001,7.0283960999999975,4.482832818,8.180887468,11.56632956,8.401735942,8.617592396000001,7.52255705,4.381808875,7.4321755629999995,5.779905319,4.91761119,5.50538799,5.851914086,6.664978773,6.666931131,9.28747002,10.63615461,4.965512438999999,7.38189164,6.971159806,5.0145074119999995,6.285051645,8.891757899,5.930476106,5.6066843429999995,9.721787048,5.862713192,7.796469302999999,6.919588462999999,7.455708127,4.7159481219999995,6.921718477000001,4.920637311,4.43064762,5.77188515,6.41641135,6.7577459410000005,4.677197275,7.604141019,7.015955397000001,9.768861845,6.822428426,7.3812923779999995,6.175912899,5.272539419,5.972877177999999,4.628634701,7.85747222,4.677607076,6.731795485,10.385073,8.393103538,5.046282286,6.899490806,5.764388783999999,4.830382449,6.131059483,11.62638356,6.986157612,6.201104777,7.840455771,8.595916075,8.1596453,4.320360882,7.539984349,7.735142194,5.405552861,6.64350281,7.077242565,4.702353014,7.499452923,5.5716171160000005,8.167678421,5.09188012,6.280016149,4.673708582,6.040137232999999,7.7412463670000005,7.398333918,8.760252202,5.736360539,7.722674279,8.952642838,5.054043426000001,10.27555551,8.508830226,4.594475587,4.959274703999999,5.419809435,8.130212756,5.424384506,8.207199825,5.159400717,6.0044885279999995,4.9844395630000005,6.602749149,5.725360734,5.392266001,9.639912936,8.518327482,6.034278314,8.479845527,8.505095942,7.3506679,5.654903653,6.3100328889999995,4.517108428999999,4.862970081,8.765548638,6.239062075,7.874146979,5.206580257,7.698496987,5.923440667,6.262111708,8.554487137999999,8.978221469,6.516017941,6.992607146,8.038289322999999,6.511164832,6.820190116,6.199315937000001,5.264528017,9.226419169,6.873461868,5.724435119,6.196317231,6.1732865110000015,4.685959639,6.89612314,5.5803443470000005,8.029406892999999,10.82099309,4.26431945,7.753742904,4.842169406,5.886866531,5.529670061,6.314380907,5.518627996,5.337513745,8.730809927000001,6.606106575,4.66008699,5.664551311,10.439303500000001,6.021911433,7.941893792,6.420154256,5.092464181,8.090246118,5.415750967,10.39802045,7.6181913,4.316782454,5.7515813179999995,11.63373314,8.098534772,6.424526056,7.0022076160000015,6.2180518739999995,8.946694328,5.549040442000001,4.785903966,6.468842968,5.647339016,8.773264314,6.089321832,5.1168363889999995,7.991553841,7.494752684,5.121722231000001,4.81519485,6.52027907,5.118722662,5.994238788,4.630387717,4.911844295,7.759447618999999,6.876955646,4.917988200000001,7.200370982999999,8.15957021,7.996568055,5.034626225,8.847838932,6.4970241060000005,5.37073751,6.402874167999999,5.052630738,7.390427669,5.598747313,8.114011657,5.511852782,4.897979253,5.507905119,4.536293378,4.875413443,4.290743096,6.461321272999999,6.715975808,7.2153369760000015,5.755598452999999,7.47280029,11.02730793,5.443701507999999,4.6127299289999995,6.861131134,7.583613467999999,4.652456265,6.9293406210000015,4.732947578,6.958004777,8.29403347,4.90748459,7.481996745,9.091452775,8.204906614,5.741285284,8.802906869,6.428653317,8.368052882999999,8.492165179,5.248801922,5.863990518,5.639136412,5.862467633,4.882989067,7.114008457000001,8.082603092000001,4.690814377,7.285857315,7.320758047000001,5.4627725929999995,5.00460421,6.180513027999999,6.954288654,6.06538784,8.113059577000001,7.730653266,7.4893468410000015,5.74437226,5.208793355,7.245645597,9.412565927000001,6.130252785,6.471244032,8.316313206,5.687845633999999,6.9516435770000005,6.159203784,5.51544592,5.319563626,8.432106688,7.07083247,7.640022632999999,6.784477229,6.128621085,6.728392949,8.112246432000001,5.449545027,6.7326107639999995,4.926277385,7.443092495,7.377849677,8.045419546,5.769309223,9.266944661,6.4884140860000015,5.212826134,6.035814003,7.7146268870000005,7.195582722,6.680828914,8.43331268,6.8359341910000015,6.872657203999999,6.185372178,6.020043544,7.048924332,6.439546226,8.900956033,6.317324022999999,10.20504472,5.381582572999999,5.393992398,5.566302514,10.06964081,7.507132493999999,6.301476125,6.616266115,4.572022598,7.782885019,6.138979802000001,5.85502014,5.240553382,5.706342867999999,7.973275611,9.259936745,9.216038679,6.867657446,8.311252084,6.868651367000001,7.3593069710000005,7.3534335870000005,6.916516764,7.78015881,5.786803711,7.798265936,8.533321373,9.021019512,8.617996527999999,6.5855388989999994,4.661497348,4.601253648999999,5.132001679,7.545107729,9.352492796,7.670480082999999,6.036228106,6.857401229,6.393015501,7.4082506760000015,9.379424159,12.32992484,4.823402232,12.81585995,4.925324033,5.7320245089999995,5.561082711,4.526467321,6.296002155,8.241074441,4.423739797,4.341388545,6.784552929,9.769910333,7.593538708,7.525699899,8.787406464,8.983043647999999,5.6552837270000005,5.775140801,7.03544428,6.814657762,7.953558554,6.071206987,7.544465934,6.108396282999999,4.477864555,6.101232988,5.757462478,5.6018965010000015,8.145411332,7.8692976660000005,5.454809909,6.5911395729999995,5.542561347,4.607433326000001,4.697766051,5.043430254,4.36194964,4.786052767,4.716666741,4.810935013,4.916650177,8.926447154,8.624608300000002,5.061354205,6.11046741,5.687936016,4.832727126,4.7068470719999995,5.574318664,7.518359977999999,6.902908213,9.783735115,5.363832816,5.97688963,5.141545503,4.705465579,5.267913254,6.723613137999999,6.564454745,4.962264526,7.937933528999999,5.494424146,9.441531392,5.171516071,6.368912965,4.768977945,4.592269858,5.377686762000001,4.728898031,6.766877631,5.039417578,7.680947374,9.382871158,4.364108596,4.985862256,6.101112595,6.211260066,7.443231093,5.407194324,8.624577894,6.858240706,10.13089679,7.502348725,8.343720004,8.96259621,8.097994906,8.44714149,6.617412926,7.892730356,6.7924410810000015,7.215989645,5.965638642,4.562670778999999,6.515265858999999,7.490217031,4.890064016,5.50307157,5.418014192,5.9805856,4.739157045,5.11431957,7.890329705,8.855776118,7.694793318999999,6.633601893,6.8340253529999995,6.174919383,4.739932348,5.714116882999999,4.865162686000001,4.76342044,8.842475775,4.365342534,4.795490706,9.498292937,7.0478048960000015,6.10117245,4.403795579,6.893625925,4.4118517289999994,6.812062731,5.24057934,7.280950301,7.279883672,8.655320846,6.575390835,5.2931145939999995,4.655549527,7.637765495,7.313104768,6.995355601,4.9202716419999994,7.775431281,7.486675139,8.948615102,7.476625594,6.359928742,8.479946768,5.641710955,5.382061124,5.605229659,5.4266708679999995,9.268021422,9.233436613,6.296072915,4.665310839,4.769654473,7.741264094,7.295070475,8.694152005,4.703188514,4.73137228,8.302395982,9.589908413,5.02483017,7.8751290260000015,9.554254401,7.996915411,5.073759293999999,4.996063821,6.028797129,6.718370799,6.520389487,4.804730512,7.009454946,5.69158257,7.614257169,9.43343236,6.2694017460000016,5.685989747000001,5.189859342,4.318528115,6.205628982,6.864317047,4.977732468999999,6.801875676,6.379296404,7.465328396,10.68098878,10.20422249,11.03713673,8.575320878,7.2375769389999975,11.12521411,9.452257348,8.447606115,7.068338011,5.531425389,6.29291329,8.751102793,6.148215037999999,7.820360544,4.983576857,5.395988377,7.143778747000001,8.807778597,4.44578936,6.9422162279999995,8.046113507000001,8.185623235,4.479437112,5.429372829,5.225641677,5.40635653,9.904297866,4.760438996,13.21365963,14.04399296,6.179690399,7.317390355,7.654732461,9.276246399,9.927301976,9.095603859,6.906418691,6.636219003,5.777721504,8.03905262,5.199403117,7.1911385060000015,9.110071831,5.713084212,4.755315989,8.192638067,7.307062595,8.916503766,10.500537699999999,5.277852091000001,9.670309726000001,6.59853266,6.865779507,8.763052978,6.212970972999999,5.726540881,6.4830062029999995,9.188995015,7.024908383,4.444937755,6.8087699829999995,6.912405784,13.03482453,7.6772387029999996,6.523648737,7.318174152999999,5.559040573,6.5103868060000005,5.146776313999999,8.453039052000001,7.927180521,10.63755358,8.27583208,5.928761242999999,8.298536544,5.708766175,8.224036112,9.299234846000001,5.93555323,6.379356809,6.066986377,7.307184427999999,6.945203962999999,6.199280129,5.363093172,7.007375679,6.605539922,9.118548002,7.505895602000001,5.893262593999999,5.17024385,5.630679413999999,9.398298573,7.3857299770000004,5.560797935,4.731213039,5.066541125,9.228349003,9.309733629,5.019317625,7.716850031,6.519214325,12.83227933,4.870987565,6.790473669,7.168289328999999,4.845528261,6.578078577,7.015386017000001,7.529372865,9.203012141,5.484610617,9.473441216,5.324563533,5.732609931,8.336984847,4.924556245,5.916140738999999,7.322960307000001,5.076560008,8.909155152,9.148088334,6.845693193,8.585230357999999,5.064816158999999,11.93149863,5.624558396,6.566565825,4.471495029,6.3211837110000015,8.073890824,4.828403741,5.788047626,9.157879863,7.1412064179999994,8.603444676,4.372123707,5.9176570889999995,8.094267894,10.06853187,5.318289878,7.783592089,6.623214377,5.072958995,6.9369175310000015,7.467304247,7.628553847,12.04691509,6.407246455,5.984853556,4.769200289,9.24079399,8.643519688,8.393519035,5.723229633,5.536520601,6.126867283999999,7.336186783,5.053818764,4.853436576,5.123748687,5.627458017,7.2356939160000024,5.439165781,4.887526853,6.009773751,7.596793203,14.02962029,5.838318323999999,5.863296922999999,6.301831883999999,6.731944745,5.17387308,4.835868541,6.183070763,6.08954038,5.93455281,5.4458257439999995,6.74320556,5.611829361,7.418318977999999,8.165669609,5.714627999,12.50580816,5.603057636,5.294750402,8.520960934,6.8092225410000005,4.950667775,6.002745362000001,4.484269885,6.237674939,5.0761826480000005,6.018643624,5.978812415,7.604349087,7.111170129,7.87325726,7.658372657999999,5.0209045969999995,4.17489039,8.439847839,7.421242446,5.354989235,7.375963262999999,6.190145287999999,11.26120273,10.7500283,8.795989335,7.997413855,5.619281189,6.487996552,9.515781328,5.43954116,5.452216445,6.154555443,5.224540115,5.395071102999999,6.787386457,7.975265396,7.413251548,6.7197630660000005,6.443936817999999,6.031281456,6.498953908,6.593576112,6.675671212,7.841119326,5.419690623999999,9.362507968,7.161481741,6.429778861,9.347164662,5.6808227229999995,6.6371404689999975,6.931560366,6.551670495,6.257415394,5.162116518,9.980327603,6.874553822999999,4.837028045,7.127014,6.4717973639999995,8.435752102,4.613670225,5.345079833,6.733900498,8.161269613,7.7485334639999985,8.492169164,7.309976377000001,6.342043971,5.103586048,4.91406744,4.652400275,11.32268758,4.812456313999999,8.670946212,7.169802344,6.265072977000001,4.6556931939999995,11.01649095,5.880747653999999,7.45823126,7.209433763,5.761698047,5.894761114,6.492072221,4.626298574,4.7687151960000005,7.484842939,5.83456608,6.90915846,5.057366238,6.690069414,8.280477355,6.32452735,8.600904819,10.62871395,9.094848205,7.233059582,9.621776987,11.02367792,6.349988569,4.797932459,6.528808996,5.386894357999999,6.662483094,6.001574205,8.714568658,6.356030538,7.433460137000001,6.5352050120000005,5.618376026,4.624338012,5.153025703,7.233646498,8.161926882000001,7.181744817,7.236297828,5.42748054,5.2267540619999995,6.482587499,4.819385476,6.534103375,6.6107444310000005,10.22120325,10.68831166,4.385573681,4.83398048,6.5008605610000005,7.0902443239999995,4.7568136889999995,4.080157915,7.65801647,7.982765316,5.776629647999999,4.419595289,5.049290114,7.001724227,6.991261278,5.513399188999999,6.277013854,6.747357121,4.9347583760000004,6.409848909,5.546247567999999,6.046290567000001,7.235040406,5.320747449,5.331262357,5.855207900000001,6.069988502999999,5.63318545,6.142360981,7.582832517999999,4.179136109,9.187360894,4.544650561,6.877137817,6.455489012,6.777285158,5.595771653,5.071100004,4.684647518999999,5.081060894,5.683690829,6.200430451,7.556824983999999,5.8800395420000005,11.32584034,5.6736500360000015,7.232424162,4.549951302,5.8264697010000015,4.4195598480000005,5.662846947,5.574215952,6.079310808,7.626620827999999,4.472888028,5.523273652,4.559197562,7.744768485,6.476417975,7.580464434,11.72005118,5.039351295,6.888086932999999,10.16318109,9.015902407999999,8.369266742999999,5.502208249,7.1180161779999995,4.270002957,4.754453235,4.8120005919999995,4.833651855,5.011228498,6.846926064,9.430013621,5.882321717000001,6.203535717,9.670787504,5.991879869,8.920904725,6.156220374,8.401487833,8.498269192,5.944929012999999,9.169280378,6.6023793410000025,5.481843021,7.051380282,5.04308136,7.082828115,6.5834618670000005,8.331862875,7.37458871,7.1469545010000015,6.183583425,4.690889258,8.01294946,8.281929478,5.095416717,4.50007232,5.671099661,5.90459141,6.3566702070000005,6.40454729,6.232235652000001,10.34111891,6.996944587000001,6.357638661,6.8146911160000005,8.420214054,11.21232426,5.038693776000001,8.520566079,6.3728554860000015,8.411834942999999,6.621232572,9.15270772,7.500624264,7.808656487,6.979945505,10.85421122,7.455185822000001,9.439064287999999,4.78873767,5.801973345,4.400920199,7.389273997999999,7.127506704,5.89929377,5.278060003,8.816160423,6.948438218,6.554532152999999,6.9585323510000014,5.030501297,11.67444482,5.226900951,5.8356833539999995,6.727651132999999,6.566038467,9.261484087000001,7.0150715429999995,4.845426455,6.136494839,5.557294203,8.663802056,5.4197096610000015,4.889084421000001,7.148251639,5.5077537439999995,5.832792535,6.235935143,9.456177027,10.01793514,6.336572469,8.07882122,7.961308886,7.445081355,7.9544903310000015,8.159837179,6.985993102,8.131133944,6.660265159,6.244805363999999,6.354548382000001,4.772672957,7.851425495,9.542031465,5.2194299719999995,6.237651082,4.947507002,8.806589153,8.059403468,6.42034102,5.795186974,4.338912288,5.415177987000001,6.782258268,9.116970081,4.966776539,7.044816497,4.986509661,9.053853596,5.895589396,5.991793907999999,6.042977658,4.481059073,6.623644989,5.514584585,5.43472652,5.2427079569999995,6.480078224,4.68838615,7.205595849,5.608079851,5.503405017,10.75443658,6.7134948539999995,4.571875889,6.1686804429999995,9.26683013,5.296298232,8.590900357999999,8.23949559,4.409564135,6.310945727999999,5.8850238820000005,5.683750087000001,5.565222979,4.628767346,4.965162523,6.207749691,4.945533675,6.598754351,7.8599599829999995,6.585936969,7.152433292,10.02104073,5.258338339,5.101417553,7.036263138,5.6321632410000015,5.435419232,5.7670152360000015,4.453184329,4.39048111,8.678369352999999,6.330902846,8.496664682999999,12.42436045,4.649332288,8.949945537,6.066196428,7.659033513,5.015230177,4.473461808,5.934610738,11.75389531,10.28287406,8.241815195,7.642977228999999,5.384706785,4.800696805,5.6934121289999995,7.146392682999999,9.27825604,7.391407282,7.8515819539999985,5.352170056,7.666940941,5.925187386,5.234207103,6.070877384,7.223431729,7.430760542000001,6.292402474,6.868660067,7.4539144020000005,6.755660764,5.650305792999999,5.784142472,8.173094669,8.350628922,9.110551561,9.700618301,8.152270137,10.34390032,9.039385084,8.721870337999999,7.722797944,7.8940285060000015,6.160600095,10.1354179,4.5927438789999995,8.397391916,6.359273815,4.599267258999999,8.852459352999999,6.464309338,11.46950154,4.410319843,6.557592333,5.867686394,6.317478799,6.191466613999999,8.264289672,8.565379549,7.477648855,4.45900713,8.209666198999999,4.39694642,8.025518111,5.0258323030000005,5.745312825,5.788978329,5.9256659,9.738111053999999,4.965269097,5.671604637000001,6.849007643999999,5.075390683,7.025691972000001,7.63823544,8.794794605,7.757427957000001,4.25756135,8.001998958,8.4673428,5.545366771,5.430048861,5.081945056,6.7635388270000005,6.607678074,8.530615762,4.75945937,8.960919192,7.357237483,5.734780957999999,6.390436782,7.730890692000001,6.6322624029999995,6.064386344,7.828095789,6.915756332000001,9.561036247999999,7.214998262000001,4.213195995,6.976694424,7.3445813829999995,5.497170497000001,5.263750407,8.618324756,5.344809791,5.206727955,8.801316992,8.018918845,7.218036427,8.070646434,9.309106153,5.688104196,5.378473604,9.970358535,9.133457669,5.615039756,4.419277211,5.152739858,5.172570169,5.226703387,7.454058527999999,7.997499737999999,8.844225514,7.031468384,6.815699045,6.77050034,10.55605107,7.393180911,4.80839369,6.285792185,7.479713844,4.602375996,11.84205461,6.137253969,9.600338706,7.588042084,9.116003033,7.550573327,8.002077486000001,9.280823095,5.988699774,5.285961267,6.4497729889999995,4.353819967,7.988503121,7.475606252,7.731964558,5.589297771,11.59139887,7.75559663,8.042798067,8.914109391,5.869647109,5.68186873,5.316514767,7.148199475,5.303254587,5.4856167760000005,6.399044879,7.81640383,7.304098346,7.279991017,6.705962726,5.593935815,4.82543522,5.175130687,5.6743351539999995,6.341053401,5.521433131,4.40135156,4.069840226,5.123659151,5.204267627,5.20970514,4.5908152069999995,5.617032772000001,7.337480802999999,5.8054454060000005,6.587648637000001,5.86296469,6.939654831,4.679658979,11.06966639,9.449557636,4.738270834,5.947991742999999,7.146481735,5.309210537,8.583365642999999,4.503651921,5.319668359,9.549887353999999,6.449545218,8.202031538,5.657760306,5.495874954,6.685027737,5.846460757000001,4.202334414,4.487399872,6.972912332000001,5.34434333,7.880836211,4.74110038,6.654581385,6.494159302000001,6.809439555,4.5645960169999995,5.434073385,9.99087645,8.493274187,5.550620285,6.986556462,6.337767303,7.243800221,5.8081631960000015,5.993970751,6.648063336,6.334177057000001,9.70534655,9.489948803999999,9.636475916,7.16746605,7.852614847999999,5.111675853,7.095071462999999,4.714591915,7.9991337520000005,7.18985853,6.204063493,7.0865880039999976,8.557742637999999,7.589957711,5.140520334,5.269688013000001,4.894119305,6.1846715360000015,9.594429017000001,9.906965092,4.819320929,5.6991621939999995,5.950962264,7.938442961,5.928869547000001,6.4666592760000015,11.01853087,5.143335378,7.861375568,6.698545633999999,5.337513133,7.008840137000001,4.590784438,5.942874463,5.843490137000001,5.227557904,5.414295813,5.247775798,8.968411338,11.36114321,5.656069402999999,4.268572173,4.737791057,9.919117421000001,8.519279739,7.774070921,6.6662155510000005,4.490582871,4.272440233999999,7.4005141939999985,7.003357882,6.984655589,4.90135603,4.7369939169999995,6.596541002,4.617412683,4.918217567,5.086070095,8.586066801,9.074621302999999,5.068056102,5.84177145,6.811170721,7.975317255,5.964880421,4.592302228,6.352354602,5.329032928999999,5.504747561,5.522474956,8.867113832000001,6.5907528110000015,6.507133235,6.800523484,5.740095977999999,7.406185446,5.093645396,6.192189162999999,8.915259625,6.5996284260000015,4.876355611,7.700291826,4.729282883,8.10374402,7.900862525,4.798501035,9.502881643,6.3558193439999995,10.15703222,5.173785501,6.023775204,5.607057919,11.81260082,5.963688445,10.15811681,12.28566716,8.039109652,6.540099796,7.459396882999999,5.855647481,10.9414198,9.400767898,4.873090383,7.955180536,7.154021544,8.530785527,9.205398519,6.654334092999999,10.61573847,6.223807817999999,4.984079877,8.658302907000001,8.845010398,5.729027632,10.39317211,5.677960556,8.266654991000001,5.333644673,6.3911105820000005,6.9803231729999995,4.787486341,6.209491732,7.024333399,4.297395205,8.223825741,4.8478685619999995,8.571677907,8.593653518,5.715301015,5.068825034,4.633442227,10.61966661,7.453457812999999,7.140656149,6.97093445,7.260208615,7.546753394,7.272213428,9.927361487999999,5.915485515,6.7759616110000005,7.504203353999999,8.20723043,5.925663064,9.430460295,7.150118544,5.622391264,5.873933438,5.40321451,7.3663816739999985,8.24385629,5.963630869,5.230764403999999,8.815169656,4.554113387,5.234507476,5.853578272000001,4.905725708,6.652484977,5.6131911279999995,6.188277808,9.156976214,7.3393757389999985,9.217475988,9.521987889,8.068837683,8.961029249,5.137709112,7.827721282000001,6.595240702000001,8.701643792999999,7.6206493029999995,5.102454096000001,5.0503787319999995,7.352468977000001,7.31970796,4.497392296,6.380310828,6.968521363,8.342265422999999,5.849118722,5.111583486000001,6.047354365,7.142549653,8.056061785,7.985226346,7.561413009,7.932026229,6.841105353,5.739648572,6.579444341,7.790669164,10.05402075,6.708194617999999,6.707666897,12.88259284,8.896337691,6.735430067999999,8.506715011,11.38016106,10.85026511,4.186892799,4.195903265,5.425789765,6.865439907000001,8.460337557999999,10.02361073,6.972882956,7.600602477000001,7.956536483,5.430982928,4.7224355330000005,6.928363347,8.317453059,9.06905508,5.582457467999999,10.01035868,4.641124507,9.073730449,5.4000748970000005,5.108163072,5.191104289,6.490859531,4.535067358,4.799468658,5.21565277,7.705228121,8.008287232999999,4.631161186,9.352892368,6.767848834,6.751112943,9.467770991,6.6638833360000005,9.887227118,7.363871649,7.921348718,5.673398584,6.030125415,5.083153067,4.752281541,6.710226847,7.77326678,6.7878233020000005,4.937375753,7.959933958,7.2330774920000005,5.349483276,8.15944446,7.091445208,7.465665962,5.987053347000001,5.531227146,4.2803389,5.359874728,10.17560536,6.996796101,5.140682067,11.67054024,5.192275205,10.67891964,5.755719002,6.03052479,5.841208961,5.515385834,4.937422083,4.557994358,5.7312843739999995,5.351612752,4.823666762,5.26137527,6.09215335,4.814450005,6.934794887000001,5.302211618,7.262720718,12.18502645,5.57421987,4.757414936,5.674151859,6.046091121,4.945843374,6.954759475,9.42195583,6.801302777,5.905508697,10.20299823,5.71461562,4.927400405,4.247782337,5.611887126,4.993266098,7.940609151,7.586354696,5.302187857,7.720296323999999,5.9629088889999995,7.055667947000001,5.73662554,5.823461484,4.508680524,7.6951148510000005,8.669527214,10.2959632,5.044319557,4.721300907,7.213716954,5.179530234,11.03814307,5.883863419,8.87248415,6.495107656,6.195447511,5.738216027000001,8.310776005,8.599328468,6.200535062999999,6.258201307,6.950618443,5.741130724,7.76896529,5.717839239,4.5890915130000005,4.980905508999999,5.388798692000001,6.997118209,8.57921821,6.177082048,5.8620252729999995,5.873503082999999,5.24034217,7.008972907,6.192498165,4.577677017,4.252943801,4.1138991030000005,6.8320880000000015,8.703577382,4.874037112,6.760239058,6.533225848,5.6932358039999995,6.253744844,7.03706323,10.25983853,4.882737654,10.62084132,4.9517642969999995,6.021071915,4.826649762,11.28103155,4.41299449,7.685116308,5.15850098,5.825605362,5.430279998,8.698009196000001,5.75298744,8.242090961,7.972641287999999,4.470670375,5.340622309,8.590171955,7.133089469,7.318046402999999,4.488409834,6.785787826,5.779555611,9.195815831,7.154597721,8.098717158,6.654294362000001,7.495057774,4.80063513,8.972442735,5.260232998,5.310305444,7.364486787000001,8.395928992,5.067530411,9.175536486,10.90544646,7.083427358,6.667242398,4.905443562,11.11049275,4.652071871,9.124758647,4.71347533,6.194040526,5.243137512,5.031570643999999,4.876542082,6.322978377,8.373949073,11.59104828,6.632254382999999,4.884810507,8.023811734,8.207719212999999,5.792850527000001,4.455685926,8.112423698999999,7.711585931,8.931185117,6.373120472,5.2871060739999995,6.213943133,7.759552346,6.98281629,6.706640724,4.683255309,5.128560772,5.078741088,5.6765125339999996,6.509895185,7.126634075,7.837170634,6.927865216,5.221287127,6.960422137999999,7.612230017999999,5.543466821,5.626577758,8.871929026,4.795344986,6.6465029929999995,4.87434213,8.977907373999999,5.323429774,4.813148579,4.838174853,5.716323963,5.787499285,9.465791579,5.750666549,5.476872079,5.713769494,4.514437268,9.535887726,8.501953054,5.822959902000001,6.381529966,5.6072266420000005,6.789601998999999,5.8235111129999995,6.97422336,4.503711287,9.835429015,6.5616020760000024,7.832889845,4.2332485160000015,5.119632889,8.332854437,5.237814602,8.596736191,10.32646464,6.1380533370000006,10.38611246,7.532449217000001,4.957474314,6.559659318,6.601814528999999,4.279522167,4.848721739,7.304982884,5.038858142,5.335553956,5.093190122,5.042560684,5.608959337999999,6.2502972560000005,5.8382605629999995,6.859424926,6.074844286,4.534396895,6.357432686,7.664864323,4.73496446,7.191280326,5.661895839,5.558178476,5.545522365,4.667801517,8.02056185,9.145895032,5.371838755,5.081590361,5.126803048,7.157576884,7.009551339,11.14001777,7.892393179,4.140638471,5.440010028,8.157671673,5.308428534,4.311006707,4.727372046,6.716577111,5.160912776,4.27679354,7.928609363,6.1627449,10.81221292,6.486687099,6.068056843,6.254765592999999,5.94569125,7.258381999,6.70292213,5.477756756000002,5.499413515,5.649588,7.249431183,6.63796155,4.892994463,6.221081785,4.965516401,7.6045200920000005,4.718475051,8.339432943,7.1871287420000005,10.36844015,4.663687144,4.407191302,7.056908046,5.5073538960000015,6.031460017000001,4.805583382,10.05797048,6.9008613510000005,10.05910821,7.574598677999999,4.815793153,5.301472562,6.68201473,7.692046697,6.752206158,8.972293605,6.3126495039999995,6.349942712000001,6.0750923839999995,6.966118117000001,7.415323586,7.024747071,4.285155968,6.760142758,4.821927641,4.785199312,5.8342189410000005,7.364182135,5.253810328,4.396997726,7.296336416,5.976381085,5.495276401,6.054973671,5.290796108,5.08693913,7.603922464,4.3784606539999995,5.051759766,4.831896789,9.692998307,6.768773907000001,9.508883331,4.521718374,7.347211202,5.326506708,10.01020368,6.823421727,6.231044279,4.859600391,7.628803549,4.947387968999999,11.45027121,9.148471215,5.971752385,6.5824630410000005,9.648083657,9.861365311,7.693188782999999,6.530833951,7.711625109,5.714374072999999,10.71827971,5.712912604,6.111353546,6.540014322999999,8.098792661000001,8.498264133,5.838782386,8.104023067,9.342506803,10.22074953,4.512715407,5.175920681,5.500514335,4.807062952,8.399995563,4.811367662,9.834121631,8.325662407000001,5.604840514,5.278295156,5.483234293,5.675970883,4.332405501,5.860878832999999,7.844459756,9.000816807,7.049829536,4.990829651,5.809024854,11.48355736,12.35401926,6.222020729,5.078889428,6.2321421070000005,5.304596125,4.2921990889999995,8.024736401,7.169402265,10.38474224,8.514897955,6.287830682,7.741506375,7.109640095,5.437212227000001,4.8253376789999995,4.851641613,5.216800692,6.5891304129999995,6.864094562000001,6.041782744,5.882052375,5.812045366,5.5527202739999995,6.650373871,7.470223797,7.608076466,5.700181477999999,4.3990275919999995,7.936355835,4.275451973,5.165213631,5.688491459,5.681661752999999,6.385702035,6.531408421,5.512922275,8.954396877,4.941941474,5.365509239,5.909331356,4.817531218,6.858964384,4.801862073,10.42399767,9.842162624,5.627400777,5.577043447,5.312259499,5.564459314,7.470536748,8.420973423,4.43900202,4.515231899,7.1403222379999995,8.589988553,5.4375686089999995,6.372567413,8.634132506,7.601223363,4.773986976000001,5.6178517060000015,7.120718373,6.149979276,9.955179196,8.53805366,4.609920273,10.08646783,5.193069979,4.588730792,5.147286684,6.198822389,8.675167529,5.17229103,6.873159516,7.813429687,6.857944292000001,4.848598602,6.315250355,5.125391497,7.631319069,5.36570816,7.222083948,4.928690587,10.82668645,9.820610176,5.219223686,7.29752634,5.155191542,5.101041498,11.38191037,6.235892699,6.496898165,10.19181263,9.382263402000001,6.32172572,6.082549617000001,7.438267907999999,5.015892739,7.284459742999999,8.892904042,4.211289064,7.633417944,6.342581778,7.654326202000001,6.689176201,5.84468593,6.578128714,8.271265306,6.212092875,8.421615601000001,6.704475612,5.860053937000001,6.561846787,4.972138313,8.604386265,5.844510093999999,9.009004666000001,5.178707986,5.973607071,4.975535109,5.199770684,5.023458651,4.834247421000001,4.891177633,5.211937287,6.517828827000001,5.26293959,5.031573542,5.610948098,5.868620394,7.252327216,7.403621621,7.238603104,6.461756502,5.810767909,12.35276978,5.541408504,6.3151550489999995,7.880332049,5.539360137,4.202739674,7.490742278,5.418804495,8.900451896,5.191263496,5.176126593999999,4.440214975,7.426499954,5.835226627000001,6.596074354,7.158037525,5.784657009,5.59810468,12.76021273,6.804429207,4.2592464460000015,12.39878294,7.585810342,5.7252742539999995,4.470577629,5.652147126,6.197222312999999,8.647697435,6.0737942,4.9110382260000005,4.5980900689999995,7.671799339,5.687957872,7.7308845370000006,6.74978863,8.006336713,6.149099541,7.359855382999999,5.455484014,4.87814304,5.938572289,5.743834044,4.834769106,4.557775423,4.680579175,9.466082992,8.209556335,10.00564449,6.370786819,5.830102612,5.653628932,6.847887657999999,7.697493763,4.881147619,5.837840278,5.576284575,5.868408596,4.826802302,7.933755199,13.05510314,4.278280672,5.369699128,7.0904988410000005,4.275852642,8.029749146,9.35610749,10.079569699999999,11.45646043,7.271362661,7.370130876,8.277469422000001,7.266049093999999,5.32130751,6.056291794,7.24792798,4.923133366,6.628814042,6.1657842610000015,9.629544141,7.086143927,5.010085012,5.586225555,4.88632824,5.709199571,4.422834368999999,5.795759549,8.213208682000001,8.294670227000001,5.571625386,5.6521837029999995,8.916332622999999,10.35584199,11.125259300000002,6.390296383,5.8114102370000005,5.88460234,7.238646072000001,9.465921572000001,7.34722503,7.668714232,7.128726914,5.0640574019999995,7.688814953,5.277136076000001,4.619413641,5.621694767,5.307178223,5.1404617969999995,6.576974882000001,8.565427297000001,5.256683442,4.0826850630000004,5.38090456,4.438996714,4.5969684719999995,6.405913684,4.939438255,4.979449106000001,4.535800171,6.843735307999999,5.441062313,8.308413974,5.8186167860000015,7.518170329,5.968909244,6.169793219,5.855428193,9.499262603,6.863795426,4.631623964,8.131341217000001,4.543148683,6.600211423999999,7.940435898,5.775556532,7.683529092000001,8.394134635,7.927514029,8.179972781,8.252602484,4.949076819,5.381786311,4.4054862,8.404972416,10.65424759,6.032857118,7.793597411,7.096681707,7.198454586,5.9265166979999995,4.858502952,6.7988088289999995,4.853091723,5.055310307,6.2023289429999995,6.6449502910000025,6.143696992000001,5.746118878,5.697682746,4.9143639839999995,7.6743544739999985,4.683900817,7.151313805,6.4285475660000015,8.57354933,5.305415473,7.666779149,7.645395255,5.3293203060000005,5.050000743,10.0070238,5.811253557000001,5.39905649,8.469443028999999,4.323826736,6.168958797999999,7.99515265,5.788081802000001,6.086926442999999,7.315467331,8.766183448,6.374714177,7.38735023,4.987772403,4.245595263,5.054827811,4.759431271,9.782397203,5.314878556,6.257479752999999,5.98644646,5.024519273,8.211301548,7.37038097,5.5842546220000004,5.477215084,4.983673433,5.625431721,9.191475785,6.973511866,9.320379373,6.185119498,6.4070175260000015,7.736794887,5.521666217000001,6.14265812,4.912750681,12.87599743,6.124280385,4.3657508310000015,6.954423695,5.335084075,7.160117249,6.743471832999999,7.623071702000001,4.766359205,9.315124804,5.866954666,10.04481733,4.403326458,5.521424777000001,5.165366562,4.955054217,5.010975727,6.7798810739999995,6.3923917260000005,7.658391802000001,11.538755,5.803622219,6.773826484,5.697444031,4.928899152,7.419501222999999,5.41863183,5.944988717999999,5.65174313,7.762742458,6.149573837999999,5.124597249,4.584760145,4.911744961,8.433100021,5.4188866639999995,5.110328629,6.018308311,4.816406419,4.847874492,5.088904298,6.565916818,8.41548011,8.456004228,4.842011724,6.944010124,6.234963235,8.604137573,7.524863048999999,6.283564048,6.284855061,6.3581648479999995,5.207788876,6.325751341,5.8544084629999995,5.081878951,8.99295251,6.2536003220000005,4.344864329,7.730312822999999,7.352574122,4.532647492,6.156972885,7.543682578999999,7.789972931,10.66208289,4.8523660710000005,4.712408478,7.584432427,7.995651153,7.345436302,4.796851636,7.928450939,5.677195959,6.802804748,5.724543411,6.084690129,4.984439514,6.9800262910000015,6.7102230579999995,5.6365190620000005,7.8651558060000015,8.085540952999999,6.025241049,9.798498666,6.34890528,4.870817016,7.362216011,7.7347171,7.518898106,4.642666965,8.067501349,4.330973335,8.98540391,5.891958058999999,7.702395049,7.033504656,7.200616274,4.2692458910000015,6.5417837410000015,7.2424325970000005,6.5839342510000005,4.667454029,4.1742223869999995,5.999786114,9.552568522,5.069357025,6.460936165,7.784144078,5.64260659,6.0284018060000015,7.771164757,5.281442949,5.622487099,6.4775839170000005,5.42652021,8.65060331,10.31984221,7.518429717999999,4.192223376,5.405079023,7.886115697,5.9155244960000015,9.597075588,6.797433361,4.571960206,5.376108602,6.343462242999999,5.169848198,4.585138801,5.954461692000001,4.468619562,7.039031886,5.059485491,5.306888557,6.530313437999999,8.970179099,8.40128126,6.941573633,7.18563397,4.6662562439999995,5.307407773,6.922085605,5.539523419,5.678584312000001,9.190532314,4.923942923999999,6.28655911,8.360531457999999,5.49817788,7.601112818,4.633401208,8.180211106,8.242063225,7.559007382000001,10.02631712,4.8239853319999995,11.33634973,4.450757277,7.184730603999999,6.99373388,4.679198101,4.501435431,10.53835797,7.265492068999999,6.593941015,6.3313409279999995,7.22608955,4.936646214,7.0047182810000015,8.882186738,7.8934109810000015,8.017301045,5.141659801,5.897616827,7.913486685,8.190354427,4.488443072,5.205242128,5.396280399,5.287651477,4.836460961,5.648314506,6.8968971660000005,4.607267712,8.00079713,4.779591492,4.904712153999999,7.964692886,8.161402246,6.595518124,5.565924232,7.757681132,7.152648869,4.800244351,7.59824377,8.04463157,7.329484575,7.4236680339999985,4.683754223999999,4.718589892,8.452718091,7.644813721,5.936192514,8.701875255,9.283387527999999,4.930191703999999,8.714245834,5.329192239,5.070290544,7.395709844,6.641953689,6.782357779,6.449977256,4.806631843,5.131607726,6.57473457,5.112893315,9.337176964,4.38490655,5.092693882,10.36079501,7.117967899,7.3488042,7.635913648,5.795569479,8.193731534,4.147231913,8.469623848,7.0229672039999995,5.1389728880000005,6.0147054760000005,4.951420359,6.2675931579999995,5.696047502000001,6.020162685,5.699590762000001,6.529281532000001,5.895880644,6.522037856,4.4427456780000005,8.34563347,5.116780556,7.401170549,4.336038745,7.174277035,8.896475251,8.005752569,7.893253425,8.954704223,5.6775230310000016,7.656457487000001,4.492467714,8.237502476,6.134863289,9.728680949,11.48644165,6.134233313999999,7.3621297110000015,5.410768462,7.617290661,4.302193157,8.693381453999999,6.074549635,8.198138703,6.799051812,7.734161665,4.832197468,6.32543462,6.005859244,4.398422353,6.133934603999999,5.240999013,5.033590611,5.690621095,13.21519503,6.636512139,6.474432928,10.16680595,7.810163524,6.143929368999999,8.299873426,8.040707043,8.255200519,9.353140243,8.927150166,7.058539013,7.047682204,5.205493788,5.5682692660000015,6.460864554,8.264836079,4.288779562,6.107659462000001,11.48764651,5.390830547999999,8.408040405,5.832637895,5.540725651,5.240529895,6.874343634,6.322936014,9.420483377,9.485606133,7.841871135,7.297705203,6.50380241,4.28136699,5.430531403,7.6011847470000005,8.448449787000001,5.553807837000001,4.486248524,6.587320581,5.575636821,7.285205811,7.465486012,5.211896324,6.242011682,6.35443021,6.1289234839999995,5.491547862999999,7.342542777999999,6.371680875,5.966730962000001,4.770058592,7.152138937999999,5.422649312000001,5.1757379839999995,4.19535706,4.804373988,8.571980762,6.621381307999999,8.517078198,5.910716633,7.6113028310000015,5.7223830389999994,7.893967779,5.995898897000001,7.084932134,5.810774747999999,5.218355911000001,6.3601408410000015,7.75778555,5.932526967,8.719652252000001,4.450349227,6.209337256,4.416661284,5.71741423,7.640525692000001,11.69144448,4.741305551,8.506718457,11.84503583,6.8393669379999995,6.219102542999999,7.119473361,7.035659764,7.004844301,6.078677806,6.698111063,8.330097076,6.3266592379999995,5.847321872,8.920093853,6.497406655,5.784921174,5.325248325,7.015486192999999,4.600195398,7.752756064,12.30377488,5.2564592910000005,6.688457372999999,5.898365605,7.893858312000001,6.299768877999999,6.900171877000001,5.690494581,8.833992531,5.007070488,6.092589244,7.319127707000001,5.694647454,6.715125147999999,6.865285199,4.825225678,8.133291946,7.2264088179999995,5.653849927,5.1934420160000005,5.24112367,5.191392,6.6625348970000005,4.668452234,5.499004612,6.864835848999999,6.703293658,6.575767615,10.16497967,5.435517582,4.736889706,5.692774534,6.650815691,6.2689737,8.366943793999999,6.842782091,6.093950456,7.326577202999999,7.587387647000001,6.035303884,7.03743974,8.233534762,4.929969021000001,5.815729784,8.089148518,9.083728987999999,4.1138491460000015,5.7627681289999995,5.247282166000001,6.063512652000001,6.458983722999999,6.756001165,4.536724746,9.571385101,5.752374457,5.9589224839999995,8.205160591,6.382084084,7.197837034,6.308477826,8.78656277,8.136140703999999,7.22704546,8.615329722,6.005084779,7.428361207999999,7.213394619,8.087155274,5.900203457999999,7.799691507,11.66666354,7.365168177999999,4.76936833,10.15358217,7.063338077999999,8.081797212,6.906332065,7.047562135,6.28002381,5.147766644,5.484111381,5.65396883,7.745063036,7.342799648,5.9723376770000005,6.885963843,4.665853313,5.0109085669999995,10.10485917,5.1298824739999995,8.904445849,5.3188425960000005,4.404855803999999,11.18103516,5.217128536000001,10.32676981,5.348217072,6.59021405,6.230802075,9.633212854,5.721713144,8.091207426,9.10953854,6.460757822000001,7.289850922,7.453560112999999,7.5038059729999995,6.776102196,6.019892845,6.162266186,4.4890272000000015,6.926629985,6.03029751,9.142829082,5.43258978,9.602174247,7.69847601,7.965507016,7.159339827999999,5.993937186,8.089516925,8.627100402,7.4233527289999985,8.09860849,8.707538287,5.363525321,7.752427467,5.02621269,6.257825344,8.035348707,9.513199108,8.186701669,4.433710243999999,5.620776547999999,8.316650183,7.77303898,5.463007336,7.344189419,7.926615512000001,10.0754038,7.283537442999999,5.470395902000001,6.032278985,5.888442341,8.004729328,8.392281495,8.593489672999999,8.216847739,6.05579883,7.595710866,6.064408504,10.5772583,6.687164787,6.8219786870000005,8.126296349,6.075140721,7.469309053,5.49352102,4.221410695,9.994911404,6.779465184,6.5305765,7.575736846,5.296437269,6.793282972,5.41690303,6.429978221,7.18274498,5.4500639920000005,5.7773296610000004,5.235925451,6.463125558,8.044009997,9.750831665,3.813668525,5.327194585,5.677607148,5.80295889,7.957001859,4.774286378999999,5.4176195310000015,4.3989192919999995,7.778565703,5.285286816,5.115507438,6.724929241,8.940066879,4.688644738,7.499636897999999,8.209415577,9.721185902,7.346088615,4.963900962,4.729272601,8.753383232000001,9.064467547000001,8.672297665,10.43141862,9.787400051,6.312865771,4.531141262,4.817968844,6.839937736,7.513470055,5.60518454,7.866808363,7.409916731,7.886421745,8.955224539,5.76346925,6.355621263,5.003200316,7.2236140120000005,4.782486976,6.2495644860000015,4.8486409010000004,4.774844794,6.9150158489999995,6.2033253560000015,6.402384574,5.501861623,7.437465426,8.759435643,6.04335492,5.746477499,5.499408868,5.799347125,10.31266984,9.13979267,8.18821052,8.436744212,6.83506759,6.9717947239999996,7.560502358,5.99506491,6.847714548,7.083516286,5.459077159,4.729058641,5.939721603,7.215446384,6.584527552999999,4.356994459,5.7626992910000014,6.935082446,5.181558036,8.310216543,5.508183667999999,5.8691007520000005,5.003966134,7.363536346,5.343355765,4.658136302,5.161605051,5.595191802,7.9473019,5.265506307,4.601905567,8.190828783999999,4.877626537,8.875576397,10.52609055,5.184767863,6.907940505,11.64608635,6.561937403,6.152277638999999,4.85318027,5.124996586,6.295701276,6.841436067999999,4.628303282,8.490143993,7.136495048,7.41859968,7.461105762000001,5.652620422999999,5.787895391,5.26722979,5.933354487999999,5.2419101139999995,7.063351535,6.364804797000001,6.314391317,11.77763182,4.96730631,4.657118700000002,7.654941459,5.5976801960000016,5.163443879,7.092090568,6.501921224,8.762242937,6.040906531,6.148298317,5.022076135,6.486405897000001,4.837954374,4.747680992,5.94576049,8.723648962,5.362681499,7.245327728999999,4.896304487,4.8379760460000005,5.673755063,4.8143722780000004,6.3137430660000025,5.4014908870000005,4.671976857,7.445772688,5.562936702999999,6.4548756360000015,11.97958911,5.125806347,8.791130653,6.9454689929999995,10.41241936,4.567506245,5.979013052999999,7.627129196,5.661762837,4.091060499,7.650081809,4.403617362,7.259935033,5.658276663,5.95378337,5.486300489,11.7157117,9.660190077000001,8.26458148,4.814227064,5.066078824,4.695779097,7.621553221,7.332826594,5.244256871,5.808171912000001,5.472628328,5.55935224,7.065792626,7.277646752000001,7.910727972999999,7.799284366,5.868750981,4.533591041,4.972952801,7.1970055529999994,10.98580626,4.858129371,10.85395359,6.062675536,8.663069079,9.584510104,4.902074686000001,4.456365186,5.814802365,10.8241601,6.876624085,7.188207679,9.382954968,6.612529229,10.06041324,8.736623981000001,7.081773909,4.615108329,5.995807523,5.883411578,5.381985082999999,6.474756826,7.677903896,7.665033519,8.065169476,4.759017781,6.095671727,7.656070817000001,7.493033617,6.335237327000001,4.545925874,5.686782148,8.643203192,4.9845795310000005,6.811395724,6.5397068439999995,7.226026192000001,6.220683206,7.851845742,7.052497671,4.484326248,7.3682477870000005,6.187343987999999,6.309843666,7.58426668,4.861834428,8.492099995,6.088702645,7.388763235,6.084548912000001,6.123415672,9.372983955,5.43351962,8.123205061,11.02594967,11.39404578,5.6874612010000005,8.41435956,4.620039026000001,10.23183988,5.479793428,6.997814099,5.779665499,5.7198054339999995,5.98121755,7.7109069020000005,11.26316763,6.413175829,5.64978486,4.620610299,7.52267597,9.490254764,7.936595588999999,6.521325813,6.568856212000001,4.978258853,7.895731396,5.5931899210000005,7.174714974,5.7967458610000016,6.665669554,6.195678035,8.857582969,10.42372451,6.191813123999999,4.890693303,4.0
25,11.50149206,6.442371492,10.06803335,6.963142909,6.355185272000001,4.505605357,8.708670106,5.215859324,4.516068508,6.00094258,4.570771944,10.72197403,5.686403123,11.15289902,6.80146911,7.280425217,9.264126575,6.315970509,4.7461321960000005,8.968372459,4.4031022580000005,7.055727082000001,8.201784479,8.276174758,6.6878140010000005,5.099945352,6.4025454029999995,6.8619766910000015,5.327775238,5.086924109,9.169905676,6.332520677000001,7.255834097,5.15407988,7.7251166960000015,7.1945858560000016,6.3680700660000005,4.852083966,6.030109086,5.0859527060000005,9.090945526,6.182953304,6.46408533,7.3724780339999985,7.443572777999999,7.562455722,5.632205614,9.458288917,6.107286892,7.180064599,4.70077951,6.180118491,6.342723522000001,9.207647722,4.3220868260000005,5.5820590060000015,4.638904575,9.564482411,4.479225634,5.486773769,6.080817861,5.36516649,8.492506169,6.912919058,6.338581211,8.250269444,6.463140937,7.087047044,7.3940686960000015,7.831392153999999,6.335388312999999,13.5181696,8.005862952000001,4.417853148,6.8746792889999995,4.738113684,5.035287448,6.635549515,4.650025679,6.81094212,7.3732038310000005,6.413856415,8.638084422,9.042507137000001,5.273553656,5.664064442999999,7.488676497999999,4.9273997419999995,5.407971438,8.560319865,5.330746971,6.998517367000001,5.24807257,8.531623349,7.795500189,6.114101886,10.23013373,4.389235505,4.317163208,7.0484042879999995,5.454337732000001,6.0064216020000005,6.4053457210000015,8.564987106,7.452004938,9.153700446,9.57436994,4.767665404,5.0284764000000015,7.1580560470000005,4.9751590939999994,5.126707822,4.796996409,6.735165042999999,5.935333825,9.052949647,4.32670593,5.290257243,5.880046843,6.875871997000001,10.854647199999999,8.629766072,5.741546848,8.742215148,7.780149285,5.2821427739999995,4.973961296000001,5.456137135,4.676784881000001,7.379573947999999,5.443773075,10.96838826,6.546830569,6.58209914,5.835749924,8.040748607000001,6.532607877,4.731770722,6.287236872,5.3135597510000006,4.372232695,4.589372707,9.914731286,9.148258279,5.644284422999999,6.348863904,4.936908325,6.065469641,10.26790921,4.728262443,6.9791131360000005,4.731528248,7.200273342999999,5.525224796,8.73827955,6.63257591,5.736863747999999,6.193571929,7.708140667,5.346744183999999,9.101556646,4.770013274,6.886826602,6.292550022,6.777024409,4.7640755619999995,8.893178767,6.802069413,8.907980371,4.965191657,4.35156473,5.958083646,7.25387529,9.170295199,8.207702661,8.34902625,8.033019292999999,9.792479002,7.6076755060000005,4.580852244,5.576925352999999,4.432778325,5.21360975,4.557041882,4.396621081,9.955099639,9.25701749,7.689693802000001,7.15825626,6.037861945,5.155064684,6.463150015,7.0963414160000005,7.4351252510000005,6.205401942000001,6.486973405,7.81797012,8.750490682,6.242774596,5.575816372999999,8.151872376,8.859764105,7.5742523760000005,9.452456485,6.214428539,6.935434267000001,5.637472746,8.262827551,4.736596797,5.449053957,5.088603815,9.873359407,5.9408638210000015,5.816516943,6.2151221670000005,9.254887091,6.333001498,5.873113525,6.279914262,5.8423294110000015,7.321422592999999,8.551113701,6.497064924,6.941721338,4.502733147,11.15365941,5.6392328,7.131342328,5.480434799999999,5.870379436,6.156483795,10.03350703,5.0859636969999995,5.353907635,11.35395009,5.3847811839999995,6.161352357999999,4.850398866,5.281831766,7.98134041,5.848019184,4.254925335,8.836448303,7.383963457,5.531576804,6.8135084610000005,5.430313792000001,4.652612597,6.2297097820000005,4.926018202,5.735378008,4.925996222,6.71879443,4.73094431,9.879670747,7.67250849,10.36222301,5.799352482000001,6.3073298829999995,9.14176897,5.646238632,6.867631255,5.066943491,5.269260018,4.656442299999998,7.515971531,5.3691125689999994,6.873610404,6.212164821,6.918278269,7.1180385510000015,4.668945893,7.053280387999999,6.95825291,7.809522096,6.511460258,8.429819001,7.0283960999999975,4.482832818,8.180887468,11.56632956,8.401735942,8.617592396000001,7.52255705,4.381808875,7.4321755629999995,5.779905319,4.91761119,5.50538799,5.851914086,6.664978773,6.666931131,9.28747002,10.63615461,4.965512438999999,7.38189164,6.971159806,5.0145074119999995,6.285051645,8.891757899,5.930476106,5.6066843429999995,9.721787048,5.862713192,7.796469302999999,6.919588462999999,7.455708127,4.7159481219999995,6.921718477000001,4.920637311,4.43064762,5.77188515,6.41641135,6.7577459410000005,4.677197275,7.604141019,7.015955397000001,9.768861845,6.822428426,7.3812923779999995,6.175912899,5.272539419,5.972877177999999,4.628634701,7.85747222,4.677607076,6.731795485,10.385073,8.393103538,5.046282286,6.899490806,5.764388783999999,4.830382449,6.131059483,11.62638356,6.986157612,6.201104777,7.840455771,8.595916075,8.1596453,4.320360882,7.539984349,7.735142194,5.405552861,6.64350281,7.077242565,4.702353014,7.499452923,5.5716171160000005,8.167678421,5.09188012,6.280016149,4.673708582,6.040137232999999,7.7412463670000005,7.398333918,8.760252202,5.736360539,7.722674279,8.952642838,5.054043426000001,10.27555551,8.508830226,4.594475587,4.959274703999999,5.419809435,8.130212756,5.424384506,8.207199825,5.159400717,6.0044885279999995,4.9844395630000005,6.602749149,5.725360734,5.392266001,9.639912936,8.518327482,6.034278314,8.479845527,8.505095942,7.3506679,5.654903653,6.3100328889999995,4.517108428999999,4.862970081,8.765548638,6.239062075,7.874146979,5.206580257,7.698496987,5.923440667,6.262111708,8.554487137999999,8.978221469,6.516017941,6.992607146,8.038289322999999,6.511164832,6.820190116,6.199315937000001,5.264528017,9.226419169,6.873461868,5.724435119,6.196317231,6.1732865110000015,4.685959639,6.89612314,5.5803443470000005,8.029406892999999,10.82099309,4.26431945,7.753742904,4.842169406,5.886866531,5.529670061,6.314380907,5.518627996,5.337513745,8.730809927000001,6.606106575,4.66008699,5.664551311,10.439303500000001,6.021911433,7.941893792,6.420154256,5.092464181,8.090246118,5.415750967,10.39802045,7.6181913,4.316782454,5.7515813179999995,11.63373314,8.098534772,6.424526056,7.0022076160000015,6.2180518739999995,8.946694328,5.549040442000001,4.785903966,6.468842968,5.647339016,8.773264314,6.089321832,5.1168363889999995,7.991553841,7.494752684,5.121722231000001,4.81519485,6.52027907,5.118722662,5.994238788,4.630387717,4.911844295,7.759447618999999,6.876955646,4.917988200000001,7.200370982999999,8.15957021,7.996568055,5.034626225,8.847838932,6.4970241060000005,5.37073751,6.402874167999999,5.052630738,7.390427669,5.598747313,8.114011657,5.511852782,4.897979253,5.507905119,4.536293378,4.875413443,4.290743096,6.461321272999999,6.715975808,7.2153369760000015,5.755598452999999,7.47280029,11.02730793,5.443701507999999,4.6127299289999995,6.861131134,7.583613467999999,4.652456265,6.9293406210000015,4.732947578,6.958004777,8.29403347,4.90748459,7.481996745,9.091452775,8.204906614,5.741285284,8.802906869,6.428653317,8.368052882999999,8.492165179,5.248801922,5.863990518,5.639136412,5.862467633,4.882989067,7.114008457000001,8.082603092000001,4.690814377,7.285857315,7.320758047000001,5.4627725929999995,5.00460421,6.180513027999999,6.954288654,6.06538784,8.113059577000001,7.730653266,7.4893468410000015,5.74437226,5.208793355,7.245645597,9.412565927000001,6.130252785,6.471244032,8.316313206,5.687845633999999,6.9516435770000005,6.159203784,5.51544592,5.319563626,8.432106688,7.07083247,7.640022632999999,6.784477229,6.128621085,6.728392949,8.112246432000001,5.449545027,6.7326107639999995,4.926277385,7.443092495,7.377849677,8.045419546,5.769309223,9.266944661,6.4884140860000015,5.212826134,6.035814003,7.7146268870000005,7.195582722,6.680828914,8.43331268,6.8359341910000015,6.872657203999999,6.185372178,6.020043544,7.048924332,6.439546226,8.900956033,6.317324022999999,10.20504472,5.381582572999999,5.393992398,5.566302514,10.06964081,7.507132493999999,6.301476125,6.616266115,4.572022598,7.782885019,6.138979802000001,5.85502014,5.240553382,5.706342867999999,7.973275611,9.259936745,9.216038679,6.867657446,8.311252084,6.868651367000001,7.3593069710000005,7.3534335870000005,6.916516764,7.78015881,5.786803711,7.798265936,8.533321373,9.021019512,8.617996527999999,6.5855388989999994,4.661497348,4.601253648999999,5.132001679,7.545107729,9.352492796,7.670480082999999,6.036228106,6.857401229,6.393015501,7.4082506760000015,9.379424159,12.32992484,4.823402232,12.81585995,4.925324033,5.7320245089999995,5.561082711,4.526467321,6.296002155,8.241074441,4.423739797,4.341388545,6.784552929,9.769910333,7.593538708,7.525699899,8.787406464,8.983043647999999,5.6552837270000005,5.775140801,7.03544428,6.814657762,7.953558554,6.071206987,7.544465934,6.108396282999999,4.477864555,6.101232988,5.757462478,5.6018965010000015,8.145411332,7.8692976660000005,5.454809909,6.5911395729999995,5.542561347,4.607433326000001,4.697766051,5.043430254,4.36194964,4.786052767,4.716666741,4.810935013,4.916650177,8.926447154,8.624608300000002,5.061354205,6.11046741,5.687936016,4.832727126,4.7068470719999995,5.574318664,7.518359977999999,6.902908213,9.783735115,5.363832816,5.97688963,5.141545503,4.705465579,5.267913254,6.723613137999999,6.564454745,4.962264526,7.937933528999999,5.494424146,9.441531392,5.171516071,6.368912965,4.768977945,4.592269858,5.377686762000001,4.728898031,6.766877631,5.039417578,7.680947374,9.382871158,4.364108596,4.985862256,6.101112595,6.211260066,7.443231093,5.407194324,8.624577894,6.858240706,10.13089679,7.502348725,8.343720004,8.96259621,8.097994906,8.44714149,6.617412926,7.892730356,6.7924410810000015,7.215989645,5.965638642,4.562670778999999,6.515265858999999,7.490217031,4.890064016,5.50307157,5.418014192,5.9805856,4.739157045,5.11431957,7.890329705,8.855776118,7.694793318999999,6.633601893,6.8340253529999995,6.174919383,4.739932348,5.714116882999999,4.865162686000001,4.76342044,8.842475775,4.365342534,4.795490706,9.498292937,7.0478048960000015,6.10117245,4.403795579,6.893625925,4.4118517289999994,6.812062731,5.24057934,7.280950301,7.279883672,8.655320846,6.575390835,5.2931145939999995,4.655549527,7.637765495,7.313104768,6.995355601,4.9202716419999994,7.775431281,7.486675139,8.948615102,7.476625594,6.359928742,8.479946768,5.641710955,5.382061124,5.605229659,5.4266708679999995,9.268021422,9.233436613,6.296072915,4.665310839,4.769654473,7.741264094,7.295070475,8.694152005,4.703188514,4.73137228,8.302395982,9.589908413,5.02483017,7.8751290260000015,9.554254401,7.996915411,5.073759293999999,4.996063821,6.028797129,6.718370799,6.520389487,4.804730512,7.009454946,5.69158257,7.614257169,9.43343236,6.2694017460000016,5.685989747000001,5.189859342,4.318528115,6.205628982,6.864317047,4.977732468999999,6.801875676,6.379296404,7.465328396,10.68098878,10.20422249,11.03713673,8.575320878,7.2375769389999975,11.12521411,9.452257348,8.447606115,7.068338011,5.531425389,6.29291329,8.751102793,6.148215037999999,7.820360544,4.983576857,5.395988377,7.143778747000001,8.807778597,4.44578936,6.9422162279999995,8.046113507000001,8.185623235,4.479437112,5.429372829,5.225641677,5.40635653,9.904297866,4.760438996,13.21365963,14.04399296,6.179690399,7.317390355,7.654732461,9.276246399,9.927301976,9.095603859,6.906418691,6.636219003,5.777721504,8.03905262,5.199403117,7.1911385060000015,9.110071831,5.713084212,4.755315989,8.192638067,7.307062595,8.916503766,10.500537699999999,5.277852091000001,9.670309726000001,6.59853266,6.865779507,8.763052978,6.212970972999999,5.726540881,6.4830062029999995,9.188995015,7.024908383,4.444937755,6.8087699829999995,6.912405784,13.03482453,7.6772387029999996,6.523648737,7.318174152999999,5.559040573,6.5103868060000005,5.146776313999999,8.453039052000001,7.927180521,10.63755358,8.27583208,5.928761242999999,8.298536544,5.708766175,8.224036112,9.299234846000001,5.93555323,6.379356809,6.066986377,7.307184427999999,6.945203962999999,6.199280129,5.363093172,7.007375679,6.605539922,9.118548002,7.505895602000001,5.893262593999999,5.17024385,5.630679413999999,9.398298573,7.3857299770000004,5.560797935,4.731213039,5.066541125,9.228349003,9.309733629,5.019317625,7.716850031,6.519214325,12.83227933,4.870987565,6.790473669,7.168289328999999,4.845528261,6.578078577,7.015386017000001,7.529372865,9.203012141,5.484610617,9.473441216,5.324563533,5.732609931,8.336984847,4.924556245,5.916140738999999,7.322960307000001,5.076560008,8.909155152,9.148088334,6.845693193,8.585230357999999,5.064816158999999,11.93149863,5.624558396,6.566565825,4.471495029,6.3211837110000015,8.073890824,4.828403741,5.788047626,9.157879863,7.1412064179999994,8.603444676,4.372123707,5.9176570889999995,8.094267894,10.06853187,5.318289878,7.783592089,6.623214377,5.072958995,6.9369175310000015,7.467304247,7.628553847,12.04691509,6.407246455,5.984853556,4.769200289,9.24079399,8.643519688,8.393519035,5.723229633,5.536520601,6.126867283999999,7.336186783,5.053818764,4.853436576,5.123748687,5.627458017,7.2356939160000024,5.439165781,4.887526853,6.009773751,7.596793203,14.02962029,5.838318323999999,5.863296922999999,6.301831883999999,6.731944745,5.17387308,4.835868541,6.183070763,6.08954038,5.93455281,5.4458257439999995,6.74320556,5.611829361,7.418318977999999,8.165669609,5.714627999,12.50580816,5.603057636,5.294750402,8.520960934,6.8092225410000005,4.950667775,6.002745362000001,4.484269885,6.237674939,5.0761826480000005,6.018643624,5.978812415,7.604349087,7.111170129,7.87325726,7.658372657999999,5.0209045969999995,4.17489039,8.439847839,7.421242446,5.354989235,7.375963262999999,6.190145287999999,11.26120273,10.7500283,8.795989335,7.997413855,5.619281189,6.487996552,9.515781328,5.43954116,5.452216445,6.154555443,5.224540115,5.395071102999999,6.787386457,7.975265396,7.413251548,6.7197630660000005,6.443936817999999,6.031281456,6.498953908,6.593576112,6.675671212,7.841119326,5.419690623999999,9.362507968,7.161481741,6.429778861,9.347164662,5.6808227229999995,6.6371404689999975,6.931560366,6.551670495,6.257415394,5.162116518,9.980327603,6.874553822999999,4.837028045,7.127014,6.4717973639999995,8.435752102,4.613670225,5.345079833,6.733900498,8.161269613,7.7485334639999985,8.492169164,7.309976377000001,6.342043971,5.103586048,4.91406744,4.652400275,11.32268758,4.812456313999999,8.670946212,7.169802344,6.265072977000001,4.6556931939999995,11.01649095,5.880747653999999,7.45823126,7.209433763,5.761698047,5.894761114,6.492072221,4.626298574,4.7687151960000005,7.484842939,5.83456608,6.90915846,5.057366238,6.690069414,8.280477355,6.32452735,8.600904819,10.62871395,9.094848205,7.233059582,9.621776987,11.02367792,6.349988569,4.797932459,6.528808996,5.386894357999999,6.662483094,6.001574205,8.714568658,6.356030538,7.433460137000001,6.5352050120000005,5.618376026,4.624338012,5.153025703,7.233646498,8.161926882000001,7.181744817,7.236297828,5.42748054,5.2267540619999995,6.482587499,4.819385476,6.534103375,6.6107444310000005,10.22120325,10.68831166,4.385573681,4.83398048,6.5008605610000005,7.0902443239999995,4.7568136889999995,4.080157915,7.65801647,7.982765316,5.776629647999999,4.419595289,5.049290114,7.001724227,6.991261278,5.513399188999999,6.277013854,6.747357121,4.9347583760000004,6.409848909,5.546247567999999,6.046290567000001,7.235040406,5.320747449,5.331262357,5.855207900000001,6.069988502999999,5.63318545,6.142360981,7.582832517999999,4.179136109,9.187360894,4.544650561,6.877137817,6.455489012,6.777285158,5.595771653,5.071100004,4.684647518999999,5.081060894,5.683690829,6.200430451,7.556824983999999,5.8800395420000005,11.32584034,5.6736500360000015,7.232424162,4.549951302,5.8264697010000015,4.4195598480000005,5.662846947,5.574215952,6.079310808,7.626620827999999,4.472888028,5.523273652,4.559197562,7.744768485,6.476417975,7.580464434,11.72005118,5.039351295,6.888086932999999,10.16318109,9.015902407999999,8.369266742999999,5.502208249,7.1180161779999995,4.270002957,4.754453235,4.8120005919999995,4.833651855,5.011228498,6.846926064,9.430013621,5.882321717000001,6.203535717,9.670787504,5.991879869,8.920904725,6.156220374,8.401487833,8.498269192,5.944929012999999,9.169280378,6.6023793410000025,5.481843021,7.051380282,5.04308136,7.082828115,6.5834618670000005,8.331862875,7.37458871,7.1469545010000015,6.183583425,4.690889258,8.01294946,8.281929478,5.095416717,4.50007232,5.671099661,5.90459141,6.3566702070000005,6.40454729,6.232235652000001,10.34111891,6.996944587000001,6.357638661,6.8146911160000005,8.420214054,11.21232426,5.038693776000001,8.520566079,6.3728554860000015,8.411834942999999,6.621232572,9.15270772,7.500624264,7.808656487,6.979945505,10.85421122,7.455185822000001,9.439064287999999,4.78873767,5.801973345,4.400920199,7.389273997999999,7.127506704,5.89929377,5.278060003,8.816160423,6.948438218,6.554532152999999,6.9585323510000014,5.030501297,11.67444482,5.226900951,5.8356833539999995,6.727651132999999,6.566038467,9.261484087000001,7.0150715429999995,4.845426455,6.136494839,5.557294203,8.663802056,5.4197096610000015,4.889084421000001,7.148251639,5.5077537439999995,5.832792535,6.235935143,9.456177027,10.01793514,6.336572469,8.07882122,7.961308886,7.445081355,7.9544903310000015,8.159837179,6.985993102,8.131133944,6.660265159,6.244805363999999,6.354548382000001,4.772672957,7.851425495,9.542031465,5.2194299719999995,6.237651082,4.947507002,8.806589153,8.059403468,6.42034102,5.795186974,4.338912288,5.415177987000001,6.782258268,9.116970081,4.966776539,7.044816497,4.986509661,9.053853596,5.895589396,5.991793907999999,6.042977658,4.481059073,6.623644989,5.514584585,5.43472652,5.2427079569999995,6.480078224,4.68838615,7.205595849,5.608079851,5.503405017,10.75443658,6.7134948539999995,4.571875889,6.1686804429999995,9.26683013,5.296298232,8.590900357999999,8.23949559,4.409564135,6.310945727999999,5.8850238820000005,5.683750087000001,5.565222979,4.628767346,4.965162523,6.207749691,4.945533675,6.598754351,7.8599599829999995,6.585936969,7.152433292,10.02104073,5.258338339,5.101417553,7.036263138,5.6321632410000015,5.435419232,5.7670152360000015,4.453184329,4.39048111,8.678369352999999,6.330902846,8.496664682999999,12.42436045,4.649332288,8.949945537,6.066196428,7.659033513,5.015230177,4.473461808,5.934610738,11.75389531,10.28287406,8.241815195,7.642977228999999,5.384706785,4.800696805,5.6934121289999995,7.146392682999999,9.27825604,7.391407282,7.8515819539999985,5.352170056,7.666940941,5.925187386,5.234207103,6.070877384,7.223431729,7.430760542000001,6.292402474,6.868660067,7.4539144020000005,6.755660764,5.650305792999999,5.784142472,8.173094669,8.350628922,9.110551561,9.700618301,8.152270137,10.34390032,9.039385084,8.721870337999999,7.722797944,7.8940285060000015,6.160600095,10.1354179,4.5927438789999995,8.397391916,6.359273815,4.599267258999999,8.852459352999999,6.464309338,11.46950154,4.410319843,6.557592333,5.867686394,6.317478799,6.191466613999999,8.264289672,8.565379549,7.477648855,4.45900713,8.209666198999999,4.39694642,8.025518111,5.0258323030000005,5.745312825,5.788978329,5.9256659,9.738111053999999,4.965269097,5.671604637000001,6.849007643999999,5.075390683,7.025691972000001,7.63823544,8.794794605,7.757427957000001,4.25756135,8.001998958,8.4673428,5.545366771,5.430048861,5.081945056,6.7635388270000005,6.607678074,8.530615762,4.75945937,8.960919192,7.357237483,5.734780957999999,6.390436782,7.730890692000001,6.6322624029999995,6.064386344,7.828095789,6.915756332000001,9.561036247999999,7.214998262000001,4.213195995,6.976694424,7.3445813829999995,5.497170497000001,5.263750407,8.618324756,5.344809791,5.206727955,8.801316992,8.018918845,7.218036427,8.070646434,9.309106153,5.688104196,5.378473604,9.970358535,9.133457669,5.615039756,4.419277211,5.152739858,5.172570169,5.226703387,7.454058527999999,7.997499737999999,8.844225514,7.031468384,6.815699045,6.77050034,10.55605107,7.393180911,4.80839369,6.285792185,7.479713844,4.602375996,11.84205461,6.137253969,9.600338706,7.588042084,9.116003033,7.550573327,8.002077486000001,9.280823095,5.988699774,5.285961267,6.4497729889999995,4.353819967,7.988503121,7.475606252,7.731964558,5.589297771,11.59139887,7.75559663,8.042798067,8.914109391,5.869647109,5.68186873,5.316514767,7.148199475,5.303254587,5.4856167760000005,6.399044879,7.81640383,7.304098346,7.279991017,6.705962726,5.593935815,4.82543522,5.175130687,5.6743351539999995,6.341053401,5.521433131,4.40135156,4.069840226,5.123659151,5.204267627,5.20970514,4.5908152069999995,5.617032772000001,7.337480802999999,5.8054454060000005,6.587648637000001,5.86296469,6.939654831,4.679658979,11.06966639,9.449557636,4.738270834,5.947991742999999,7.146481735,5.309210537,8.583365642999999,4.503651921,5.319668359,9.549887353999999,6.449545218,8.202031538,5.657760306,5.495874954,6.685027737,5.846460757000001,4.202334414,4.487399872,6.972912332000001,5.34434333,7.880836211,4.74110038,6.654581385,6.494159302000001,6.809439555,4.5645960169999995,5.434073385,9.99087645,8.493274187,5.550620285,6.986556462,6.337767303,7.243800221,5.8081631960000015,5.993970751,6.648063336,6.334177057000001,9.70534655,9.489948803999999,9.636475916,7.16746605,7.852614847999999,5.111675853,7.095071462999999,4.714591915,7.9991337520000005,7.18985853,6.204063493,7.0865880039999976,8.557742637999999,7.589957711,5.140520334,5.269688013000001,4.894119305,6.1846715360000015,9.594429017000001,9.906965092,4.819320929,5.6991621939999995,5.950962264,7.938442961,5.928869547000001,6.4666592760000015,11.01853087,5.143335378,7.861375568,6.698545633999999,5.337513133,7.008840137000001,4.590784438,5.942874463,5.843490137000001,5.227557904,5.414295813,5.247775798,8.968411338,11.36114321,5.656069402999999,4.268572173,4.737791057,9.919117421000001,8.519279739,7.774070921,6.6662155510000005,4.490582871,4.272440233999999,7.4005141939999985,7.003357882,6.984655589,4.90135603,4.7369939169999995,6.596541002,4.617412683,4.918217567,5.086070095,8.586066801,9.074621302999999,5.068056102,5.84177145,6.811170721,7.975317255,5.964880421,4.592302228,6.352354602,5.329032928999999,5.504747561,5.522474956,8.867113832000001,6.5907528110000015,6.507133235,6.800523484,5.740095977999999,7.406185446,5.093645396,6.192189162999999,8.915259625,6.5996284260000015,4.876355611,7.700291826,4.729282883,8.10374402,7.900862525,4.798501035,9.502881643,6.3558193439999995,10.15703222,5.173785501,6.023775204,5.607057919,11.81260082,5.963688445,10.15811681,12.28566716,8.039109652,6.540099796,7.459396882999999,5.855647481,10.9414198,9.400767898,4.873090383,7.955180536,7.154021544,8.530785527,9.205398519,6.654334092999999,10.61573847,6.223807817999999,4.984079877,8.658302907000001,8.845010398,5.729027632,10.39317211,5.677960556,8.266654991000001,5.333644673,6.3911105820000005,6.9803231729999995,4.787486341,6.209491732,7.024333399,4.297395205,8.223825741,4.8478685619999995,8.571677907,8.593653518,5.715301015,5.068825034,4.633442227,10.61966661,7.453457812999999,7.140656149,6.97093445,7.260208615,7.546753394,7.272213428,9.927361487999999,5.915485515,6.7759616110000005,7.504203353999999,8.20723043,5.925663064,9.430460295,7.150118544,5.622391264,5.873933438,5.40321451,7.3663816739999985,8.24385629,5.963630869,5.230764403999999,8.815169656,4.554113387,5.234507476,5.853578272000001,4.905725708,6.652484977,5.6131911279999995,6.188277808,9.156976214,7.3393757389999985,9.217475988,9.521987889,8.068837683,8.961029249,5.137709112,7.827721282000001,6.595240702000001,8.701643792999999,7.6206493029999995,5.102454096000001,5.0503787319999995,7.352468977000001,7.31970796,4.497392296,6.380310828,6.968521363,8.342265422999999,5.849118722,5.111583486000001,6.047354365,7.142549653,8.056061785,7.985226346,7.561413009,7.932026229,6.841105353,5.739648572,6.579444341,7.790669164,10.05402075,6.708194617999999,6.707666897,12.88259284,8.896337691,6.735430067999999,8.506715011,11.38016106,10.85026511,4.186892799,4.195903265,5.425789765,6.865439907000001,8.460337557999999,10.02361073,6.972882956,7.600602477000001,7.956536483,5.430982928,4.7224355330000005,6.928363347,8.317453059,9.06905508,5.582457467999999,10.01035868,4.641124507,9.073730449,5.4000748970000005,5.108163072,5.191104289,6.490859531,4.535067358,4.799468658,5.21565277,7.705228121,8.008287232999999,4.631161186,9.352892368,6.767848834,6.751112943,9.467770991,6.6638833360000005,9.887227118,7.363871649,7.921348718,5.673398584,6.030125415,5.083153067,4.752281541,6.710226847,7.77326678,6.7878233020000005,4.937375753,7.959933958,7.2330774920000005,5.349483276,8.15944446,7.091445208,7.465665962,5.987053347000001,5.531227146,4.2803389,5.359874728,10.17560536,6.996796101,5.140682067,11.67054024,5.192275205,10.67891964,5.755719002,6.03052479,5.841208961,5.515385834,4.937422083,4.557994358,5.7312843739999995,5.351612752,4.823666762,5.26137527,6.09215335,4.814450005,6.934794887000001,5.302211618,7.262720718,12.18502645,5.57421987,4.757414936,5.674151859,6.046091121,4.945843374,6.954759475,9.42195583,6.801302777,5.905508697,10.20299823,5.71461562,4.927400405,4.247782337,5.611887126,4.993266098,7.940609151,7.586354696,5.302187857,7.720296323999999,5.9629088889999995,7.055667947000001,5.73662554,5.823461484,4.508680524,7.6951148510000005,8.669527214,10.2959632,5.044319557,4.721300907,7.213716954,5.179530234,11.03814307,5.883863419,8.87248415,6.495107656,6.195447511,5.738216027000001,8.310776005,8.599328468,6.200535062999999,6.258201307,6.950618443,5.741130724,7.76896529,5.717839239,4.5890915130000005,4.980905508999999,5.388798692000001,6.997118209,8.57921821,6.177082048,5.8620252729999995,5.873503082999999,5.24034217,7.008972907,6.192498165,4.577677017,4.252943801,4.1138991030000005,6.8320880000000015,8.703577382,4.874037112,6.760239058,6.533225848,5.6932358039999995,6.253744844,7.03706323,10.25983853,4.882737654,10.62084132,4.9517642969999995,6.021071915,4.826649762,11.28103155,4.41299449,7.685116308,5.15850098,5.825605362,5.430279998,8.698009196000001,5.75298744,8.242090961,7.972641287999999,4.470670375,5.340622309,8.590171955,7.133089469,7.318046402999999,4.488409834,6.785787826,5.779555611,9.195815831,7.154597721,8.098717158,6.654294362000001,7.495057774,4.80063513,8.972442735,5.260232998,5.310305444,7.364486787000001,8.395928992,5.067530411,9.175536486,10.90544646,7.083427358,6.667242398,4.905443562,11.11049275,4.652071871,9.124758647,4.71347533,6.194040526,5.243137512,5.031570643999999,4.876542082,6.322978377,8.373949073,11.59104828,6.632254382999999,4.884810507,8.023811734,8.207719212999999,5.792850527000001,4.455685926,8.112423698999999,7.711585931,8.931185117,6.373120472,5.2871060739999995,6.213943133,7.759552346,6.98281629,6.706640724,4.683255309,5.128560772,5.078741088,5.6765125339999996,6.509895185,7.126634075,7.837170634,6.927865216,5.221287127,6.960422137999999,7.612230017999999,5.543466821,5.626577758,8.871929026,4.795344986,6.6465029929999995,4.87434213,8.977907373999999,5.323429774,4.813148579,4.838174853,5.716323963,5.787499285,9.465791579,5.750666549,5.476872079,5.713769494,4.514437268,9.535887726,8.501953054,5.822959902000001,6.381529966,5.6072266420000005,6.789601998999999,5.8235111129999995,6.97422336,4.503711287,9.835429015,6.5616020760000024,7.832889845,4.2332485160000015,5.119632889,8.332854437,5.237814602,8.596736191,10.32646464,6.1380533370000006,10.38611246,7.532449217000001,4.957474314,6.559659318,6.601814528999999,4.279522167,4.848721739,7.304982884,5.038858142,5.335553956,5.093190122,5.042560684,5.608959337999999,6.2502972560000005,5.8382605629999995,6.859424926,6.074844286,4.534396895,6.357432686,7.664864323,4.73496446,7.191280326,5.661895839,5.558178476,5.545522365,4.667801517,8.02056185,9.145895032,5.371838755,5.081590361,5.126803048,7.157576884,7.009551339,11.14001777,7.892393179,4.140638471,5.440010028,8.157671673,5.308428534,4.311006707,4.727372046,6.716577111,5.160912776,4.27679354,7.928609363,6.1627449,10.81221292,6.486687099,6.068056843,6.254765592999999,5.94569125,7.258381999,6.70292213,5.477756756000002,5.499413515,5.649588,7.249431183,6.63796155,4.892994463,6.221081785,4.965516401,7.6045200920000005,4.718475051,8.339432943,7.1871287420000005,10.36844015,4.663687144,4.407191302,7.056908046,5.5073538960000015,6.031460017000001,4.805583382,10.05797048,6.9008613510000005,10.05910821,7.574598677999999,4.815793153,5.301472562,6.68201473,7.692046697,6.752206158,8.972293605,6.3126495039999995,6.349942712000001,6.0750923839999995,6.966118117000001,7.415323586,7.024747071,4.285155968,6.760142758,4.821927641,4.785199312,5.8342189410000005,7.364182135,5.253810328,4.396997726,7.296336416,5.976381085,5.495276401,6.054973671,5.290796108,5.08693913,7.603922464,4.3784606539999995,5.051759766,4.831896789,9.692998307,6.768773907000001,9.508883331,4.521718374,7.347211202,5.326506708,10.01020368,6.823421727,6.231044279,4.859600391,7.628803549,4.947387968999999,11.45027121,9.148471215,5.971752385,6.5824630410000005,9.648083657,9.861365311,7.693188782999999,6.530833951,7.711625109,5.714374072999999,10.71827971,5.712912604,6.111353546,6.540014322999999,8.098792661000001,8.498264133,5.838782386,8.104023067,9.342506803,10.22074953,4.512715407,5.175920681,5.500514335,4.807062952,8.399995563,4.811367662,9.834121631,8.325662407000001,5.604840514,5.278295156,5.483234293,5.675970883,4.332405501,5.860878832999999,7.844459756,9.000816807,7.049829536,4.990829651,5.809024854,11.48355736,12.35401926,6.222020729,5.078889428,6.2321421070000005,5.304596125,4.2921990889999995,8.024736401,7.169402265,10.38474224,8.514897955,6.287830682,7.741506375,7.109640095,5.437212227000001,4.8253376789999995,4.851641613,5.216800692,6.5891304129999995,6.864094562000001,6.041782744,5.882052375,5.812045366,5.5527202739999995,6.650373871,7.470223797,7.608076466,5.700181477999999,4.3990275919999995,7.936355835,4.275451973,5.165213631,5.688491459,5.681661752999999,6.385702035,6.531408421,5.512922275,8.954396877,4.941941474,5.365509239,5.909331356,4.817531218,6.858964384,4.801862073,10.42399767,9.842162624,5.627400777,5.577043447,5.312259499,5.564459314,7.470536748,8.420973423,4.43900202,4.515231899,7.1403222379999995,8.589988553,5.4375686089999995,6.372567413,8.634132506,7.601223363,4.773986976000001,5.6178517060000015,7.120718373,6.149979276,9.955179196,8.53805366,4.609920273,10.08646783,5.193069979,4.588730792,5.147286684,6.198822389,8.675167529,5.17229103,6.873159516,7.813429687,6.857944292000001,4.848598602,6.315250355,5.125391497,7.631319069,5.36570816,7.222083948,4.928690587,10.82668645,9.820610176,5.219223686,7.29752634,5.155191542,5.101041498,11.38191037,6.235892699,6.496898165,10.19181263,9.382263402000001,6.32172572,6.082549617000001,7.438267907999999,5.015892739,7.284459742999999,8.892904042,4.211289064,7.633417944,6.342581778,7.654326202000001,6.689176201,5.84468593,6.578128714,8.271265306,6.212092875,8.421615601000001,6.704475612,5.860053937000001,6.561846787,4.972138313,8.604386265,5.844510093999999,9.009004666000001,5.178707986,5.973607071,4.975535109,5.199770684,5.023458651,4.834247421000001,4.891177633,5.211937287,6.517828827000001,5.26293959,5.031573542,5.610948098,5.868620394,7.252327216,7.403621621,7.238603104,6.461756502,5.810767909,12.35276978,5.541408504,6.3151550489999995,7.880332049,5.539360137,4.202739674,7.490742278,5.418804495,8.900451896,5.191263496,5.176126593999999,4.440214975,7.426499954,5.835226627000001,6.596074354,7.158037525,5.784657009,5.59810468,12.76021273,6.804429207,4.2592464460000015,12.39878294,7.585810342,5.7252742539999995,4.470577629,5.652147126,6.197222312999999,8.647697435,6.0737942,4.9110382260000005,4.5980900689999995,7.671799339,5.687957872,7.7308845370000006,6.74978863,8.006336713,6.149099541,7.359855382999999,5.455484014,4.87814304,5.938572289,5.743834044,4.834769106,4.557775423,4.680579175,9.466082992,8.209556335,10.00564449,6.370786819,5.830102612,5.653628932,6.847887657999999,7.697493763,4.881147619,5.837840278,5.576284575,5.868408596,4.826802302,7.933755199,13.05510314,4.278280672,5.369699128,7.0904988410000005,4.275852642,8.029749146,9.35610749,10.079569699999999,11.45646043,7.271362661,7.370130876,8.277469422000001,7.266049093999999,5.32130751,6.056291794,7.24792798,4.923133366,6.628814042,6.1657842610000015,9.629544141,7.086143927,5.010085012,5.586225555,4.88632824,5.709199571,4.422834368999999,5.795759549,8.213208682000001,8.294670227000001,5.571625386,5.6521837029999995,8.916332622999999,10.35584199,11.125259300000002,6.390296383,5.8114102370000005,5.88460234,7.238646072000001,9.465921572000001,7.34722503,7.668714232,7.128726914,5.0640574019999995,7.688814953,5.277136076000001,4.619413641,5.621694767,5.307178223,5.1404617969999995,6.576974882000001,8.565427297000001,5.256683442,4.0826850630000004,5.38090456,4.438996714,4.5969684719999995,6.405913684,4.939438255,4.979449106000001,4.535800171,6.843735307999999,5.441062313,8.308413974,5.8186167860000015,7.518170329,5.968909244,6.169793219,5.855428193,9.499262603,6.863795426,4.631623964,8.131341217000001,4.543148683,6.600211423999999,7.940435898,5.775556532,7.683529092000001,8.394134635,7.927514029,8.179972781,8.252602484,4.949076819,5.381786311,4.4054862,8.404972416,10.65424759,6.032857118,7.793597411,7.096681707,7.198454586,5.9265166979999995,4.858502952,6.7988088289999995,4.853091723,5.055310307,6.2023289429999995,6.6449502910000025,6.143696992000001,5.746118878,5.697682746,4.9143639839999995,7.6743544739999985,4.683900817,7.151313805,6.4285475660000015,8.57354933,5.305415473,7.666779149,7.645395255,5.3293203060000005,5.050000743,10.0070238,5.811253557000001,5.39905649,8.469443028999999,4.323826736,6.168958797999999,7.99515265,5.788081802000001,6.086926442999999,7.315467331,8.766183448,6.374714177,7.38735023,4.987772403,4.245595263,5.054827811,4.759431271,9.782397203,5.314878556,6.257479752999999,5.98644646,5.024519273,8.211301548,7.37038097,5.5842546220000004,5.477215084,4.983673433,5.625431721,9.191475785,6.973511866,9.320379373,6.185119498,6.4070175260000015,7.736794887,5.521666217000001,6.14265812,4.912750681,12.87599743,6.124280385,4.3657508310000015,6.954423695,5.335084075,7.160117249,6.743471832999999,7.623071702000001,4.766359205,9.315124804,5.866954666,10.04481733,4.403326458,5.521424777000001,5.165366562,4.955054217,5.010975727,6.7798810739999995,6.3923917260000005,7.658391802000001,11.538755,5.803622219,6.773826484,5.697444031,4.928899152,7.419501222999999,5.41863183,5.944988717999999,5.65174313,7.762742458,6.149573837999999,5.124597249,4.584760145,4.911744961,8.433100021,5.4188866639999995,5.110328629,6.018308311,4.816406419,4.847874492,5.088904298,6.565916818,8.41548011,8.456004228,4.842011724,6.944010124,6.234963235,8.604137573,7.524863048999999,6.283564048,6.284855061,6.3581648479999995,5.207788876,6.325751341,5.8544084629999995,5.081878951,8.99295251,6.2536003220000005,4.344864329,7.730312822999999,7.352574122,4.532647492,6.156972885,7.543682578999999,7.789972931,10.66208289,4.8523660710000005,4.712408478,7.584432427,7.995651153,7.345436302,4.796851636,7.928450939,5.677195959,6.802804748,5.724543411,6.084690129,4.984439514,6.9800262910000015,6.7102230579999995,5.6365190620000005,7.8651558060000015,8.085540952999999,6.025241049,9.798498666,6.34890528,4.870817016,7.362216011,7.7347171,7.518898106,4.642666965,8.067501349,4.330973335,8.98540391,5.891958058999999,7.702395049,7.033504656,7.200616274,4.2692458910000015,6.5417837410000015,7.2424325970000005,6.5839342510000005,4.667454029,4.1742223869999995,5.999786114,9.552568522,5.069357025,6.460936165,7.784144078,5.64260659,6.0284018060000015,7.771164757,5.281442949,5.622487099,6.4775839170000005,5.42652021,8.65060331,10.31984221,7.518429717999999,4.192223376,5.405079023,7.886115697,5.9155244960000015,9.597075588,6.797433361,4.571960206,5.376108602,6.343462242999999,5.169848198,4.585138801,5.954461692000001,4.468619562,7.039031886,5.059485491,5.306888557,6.530313437999999,8.970179099,8.40128126,6.941573633,7.18563397,4.6662562439999995,5.307407773,6.922085605,5.539523419,5.678584312000001,9.190532314,4.923942923999999,6.28655911,8.360531457999999,5.49817788,7.601112818,4.633401208,8.180211106,8.242063225,7.559007382000001,10.02631712,4.8239853319999995,11.33634973,4.450757277,7.184730603999999,6.99373388,4.679198101,4.501435431,10.53835797,7.265492068999999,6.593941015,6.3313409279999995,7.22608955,4.936646214,7.0047182810000015,8.882186738,7.8934109810000015,8.017301045,5.141659801,5.897616827,7.913486685,8.190354427,4.488443072,5.205242128,5.396280399,5.287651477,4.836460961,5.648314506,6.8968971660000005,4.607267712,8.00079713,4.779591492,4.904712153999999,7.964692886,8.161402246,6.595518124,5.565924232,7.757681132,7.152648869,4.800244351,7.59824377,8.04463157,7.329484575,7.4236680339999985,4.683754223999999,4.718589892,8.452718091,7.644813721,5.936192514,8.701875255,9.283387527999999,4.930191703999999,8.714245834,5.329192239,5.070290544,7.395709844,6.641953689,6.782357779,6.449977256,4.806631843,5.131607726,6.57473457,5.112893315,9.337176964,4.38490655,5.092693882,10.36079501,7.117967899,7.3488042,7.635913648,5.795569479,8.193731534,4.147231913,8.469623848,7.0229672039999995,5.1389728880000005,6.0147054760000005,4.951420359,6.2675931579999995,5.696047502000001,6.020162685,5.699590762000001,6.529281532000001,5.895880644,6.522037856,4.4427456780000005,8.34563347,5.116780556,7.401170549,4.336038745,7.174277035,8.896475251,8.005752569,7.893253425,8.954704223,5.6775230310000016,7.656457487000001,4.492467714,8.237502476,6.134863289,9.728680949,11.48644165,6.134233313999999,7.3621297110000015,5.410768462,7.617290661,4.302193157,8.693381453999999,6.074549635,8.198138703,6.799051812,7.734161665,4.832197468,6.32543462,6.005859244,4.398422353,6.133934603999999,5.240999013,5.033590611,5.690621095,13.21519503,6.636512139,6.474432928,10.16680595,7.810163524,6.143929368999999,8.299873426,8.040707043,8.255200519,9.353140243,8.927150166,7.058539013,7.047682204,5.205493788,5.5682692660000015,6.460864554,8.264836079,4.288779562,6.107659462000001,11.48764651,5.390830547999999,8.408040405,5.832637895,5.540725651,5.240529895,6.874343634,6.322936014,9.420483377,9.485606133,7.841871135,7.297705203,6.50380241,4.28136699,5.430531403,7.6011847470000005,8.448449787000001,5.553807837000001,4.486248524,6.587320581,5.575636821,7.285205811,7.465486012,5.211896324,6.242011682,6.35443021,6.1289234839999995,5.491547862999999,7.342542777999999,6.371680875,5.966730962000001,4.770058592,7.152138937999999,5.422649312000001,5.1757379839999995,4.19535706,4.804373988,8.571980762,6.621381307999999,8.517078198,5.910716633,7.6113028310000015,5.7223830389999994,7.893967779,5.995898897000001,7.084932134,5.810774747999999,5.218355911000001,6.3601408410000015,7.75778555,5.932526967,8.719652252000001,4.450349227,6.209337256,4.416661284,5.71741423,7.640525692000001,11.69144448,4.741305551,8.506718457,11.84503583,6.8393669379999995,6.219102542999999,7.119473361,7.035659764,7.004844301,6.078677806,6.698111063,8.330097076,6.3266592379999995,5.847321872,8.920093853,6.497406655,5.784921174,5.325248325,7.015486192999999,4.600195398,7.752756064,12.30377488,5.2564592910000005,6.688457372999999,5.898365605,7.893858312000001,6.299768877999999,6.900171877000001,5.690494581,8.833992531,5.007070488,6.092589244,7.319127707000001,5.694647454,6.715125147999999,6.865285199,4.825225678,8.133291946,7.2264088179999995,5.653849927,5.1934420160000005,5.24112367,5.191392,6.6625348970000005,4.668452234,5.499004612,6.864835848999999,6.703293658,6.575767615,10.16497967,5.435517582,4.736889706,5.692774534,6.650815691,6.2689737,8.366943793999999,6.842782091,6.093950456,7.326577202999999,7.587387647000001,6.035303884,7.03743974,8.233534762,4.929969021000001,5.815729784,8.089148518,9.083728987999999,4.1138491460000015,5.7627681289999995,5.247282166000001,6.063512652000001,6.458983722999999,6.756001165,4.536724746,9.571385101,5.752374457,5.9589224839999995,8.205160591,6.382084084,7.197837034,6.308477826,8.78656277,8.136140703999999,7.22704546,8.615329722,6.005084779,7.428361207999999,7.213394619,8.087155274,5.900203457999999,7.799691507,11.66666354,7.365168177999999,4.76936833,10.15358217,7.063338077999999,8.081797212,6.906332065,7.047562135,6.28002381,5.147766644,5.484111381,5.65396883,7.745063036,7.342799648,5.9723376770000005,6.885963843,4.665853313,5.0109085669999995,10.10485917,5.1298824739999995,8.904445849,5.3188425960000005,4.404855803999999,11.18103516,5.217128536000001,10.32676981,5.348217072,6.59021405,6.230802075,9.633212854,5.721713144,8.091207426,9.10953854,6.460757822000001,7.289850922,7.453560112999999,7.5038059729999995,6.776102196,6.019892845,6.162266186,4.4890272000000015,6.926629985,6.03029751,9.142829082,5.43258978,9.602174247,7.69847601,7.965507016,7.159339827999999,5.993937186,8.089516925,8.627100402,7.4233527289999985,8.09860849,8.707538287,5.363525321,7.752427467,5.02621269,6.257825344,8.035348707,9.513199108,8.186701669,4.433710243999999,5.620776547999999,8.316650183,7.77303898,5.463007336,7.344189419,7.926615512000001,10.0754038,7.283537442999999,5.470395902000001,6.032278985,5.888442341,8.004729328,8.392281495,8.593489672999999,8.216847739,6.05579883,7.595710866,6.064408504,10.5772583,6.687164787,6.8219786870000005,8.126296349,6.075140721,7.469309053,5.49352102,4.221410695,9.994911404,6.779465184,6.5305765,7.575736846,5.296437269,6.793282972,5.41690303,6.429978221,7.18274498,5.4500639920000005,5.7773296610000004,5.235925451,6.463125558,8.044009997,9.750831665,3.813668525,5.327194585,5.677607148,5.80295889,7.957001859,4.774286378999999,5.4176195310000015,4.3989192919999995,7.778565703,5.285286816,5.115507438,6.724929241,8.940066879,4.688644738,7.499636897999999,8.209415577,9.721185902,7.346088615,4.963900962,4.729272601,8.753383232000001,9.064467547000001,8.672297665,10.43141862,9.787400051,6.312865771,4.531141262,4.817968844,6.839937736,7.513470055,5.60518454,7.866808363,7.409916731,7.886421745,8.955224539,5.76346925,6.355621263,5.003200316,7.2236140120000005,4.782486976,6.2495644860000015,4.8486409010000004,4.774844794,6.9150158489999995,6.2033253560000015,6.402384574,5.501861623,7.437465426,8.759435643,6.04335492,5.746477499,5.499408868,5.799347125,10.31266984,9.13979267,8.18821052,8.436744212,6.83506759,6.9717947239999996,7.560502358,5.99506491,6.847714548,7.083516286,5.459077159,4.729058641,5.939721603,7.215446384,6.584527552999999,4.356994459,5.7626992910000014,6.935082446,5.181558036,8.310216543,5.508183667999999,5.8691007520000005,5.003966134,7.363536346,5.343355765,4.658136302,5.161605051,5.595191802,7.9473019,5.265506307,4.601905567,8.190828783999999,4.877626537,8.875576397,10.52609055,5.184767863,6.907940505,11.64608635,6.561937403,6.152277638999999,4.85318027,5.124996586,6.295701276,6.841436067999999,4.628303282,8.490143993,7.136495048,7.41859968,7.461105762000001,5.652620422999999,5.787895391,5.26722979,5.933354487999999,5.2419101139999995,7.063351535,6.364804797000001,6.314391317,11.77763182,4.96730631,4.657118700000002,7.654941459,5.5976801960000016,5.163443879,7.092090568,6.501921224,8.762242937,6.040906531,6.148298317,5.022076135,6.486405897000001,4.837954374,4.747680992,5.94576049,8.723648962,5.362681499,7.245327728999999,4.896304487,4.8379760460000005,5.673755063,4.8143722780000004,6.3137430660000025,5.4014908870000005,4.671976857,7.445772688,5.562936702999999,6.4548756360000015,11.97958911,5.125806347,8.791130653,6.9454689929999995,10.41241936,4.567506245,5.979013052999999,7.627129196,5.661762837,4.091060499,7.650081809,4.403617362,7.259935033,5.658276663,5.95378337,5.486300489,11.7157117,9.660190077000001,8.26458148,4.814227064,5.066078824,4.695779097,7.621553221,7.332826594,5.244256871,5.808171912000001,5.472628328,5.55935224,7.065792626,7.277646752000001,7.910727972999999,7.799284366,5.868750981,4.533591041,4.972952801,7.1970055529999994,10.98580626,4.858129371,10.85395359,6.062675536,8.663069079,9.584510104,4.902074686000001,4.456365186,5.814802365,10.8241601,6.876624085,7.188207679,9.382954968,6.612529229,10.06041324,8.736623981000001,7.081773909,4.615108329,5.995807523,5.883411578,5.381985082999999,6.474756826,7.677903896,7.665033519,8.065169476,4.759017781,6.095671727,7.656070817000001,7.493033617,6.335237327000001,4.545925874,5.686782148,8.643203192,4.9845795310000005,6.811395724,6.5397068439999995,7.226026192000001,6.220683206,7.851845742,7.052497671,4.484326248,7.3682477870000005,6.187343987999999,6.309843666,7.58426668,4.861834428,8.492099995,6.088702645,7.388763235,6.084548912000001,6.123415672,9.372983955,5.43351962,8.123205061,11.02594967,11.39404578,5.6874612010000005,8.41435956,4.620039026000001,10.23183988,5.479793428,6.997814099,5.779665499,5.7198054339999995,5.98121755,7.7109069020000005,11.26316763,6.413175829,5.64978486,4.620610299,7.52267597,9.490254764,7.936595588999999,6.521325813,6.568856212000001,4.978258853,7.895731396,5.5931899210000005,7.174714974,5.7967458610000016,6.665669554,6.195678035,8.857582969,10.42372451,6.191813123999999,4.890693303,4.0
26,11.50149206,6.442371492,10.06803335,6.963142909,6.355185272000001,4.505605357,8.708670106,5.215859324,4.516068508,6.00094258,4.570771944,10.72197403,5.686403123,11.15289902,6.80146911,7.280425217,9.264126575,6.315970509,4.7461321960000005,8.968372459,4.4031022580000005,7.055727082000001,8.201784479,8.276174758,6.6878140010000005,5.099945352,6.4025454029999995,6.8619766910000015,5.327775238,5.086924109,9.169905676,6.332520677000001,7.255834097,5.15407988,7.7251166960000015,7.1945858560000016,6.3680700660000005,4.852083966,6.030109086,5.0859527060000005,9.090945526,6.182953304,6.46408533,7.3724780339999985,7.443572777999999,7.562455722,5.632205614,9.458288917,6.107286892,7.180064599,4.70077951,6.180118491,6.342723522000001,9.207647722,4.3220868260000005,5.5820590060000015,4.638904575,9.564482411,4.479225634,5.486773769,6.080817861,5.36516649,8.492506169,6.912919058,6.338581211,8.250269444,6.463140937,7.087047044,7.3940686960000015,7.831392153999999,6.335388312999999,13.5181696,8.005862952000001,4.417853148,6.8746792889999995,4.738113684,5.035287448,6.635549515,4.650025679,6.81094212,7.3732038310000005,6.413856415,8.638084422,9.042507137000001,5.273553656,5.664064442999999,7.488676497999999,4.9273997419999995,5.407971438,8.560319865,5.330746971,6.998517367000001,5.24807257,8.531623349,7.795500189,6.114101886,10.23013373,4.389235505,4.317163208,7.0484042879999995,5.454337732000001,6.0064216020000005,6.4053457210000015,8.564987106,7.452004938,9.153700446,9.57436994,4.767665404,5.0284764000000015,7.1580560470000005,4.9751590939999994,5.126707822,4.796996409,6.735165042999999,5.935333825,9.052949647,4.32670593,5.290257243,5.880046843,6.875871997000001,10.854647199999999,8.629766072,5.741546848,8.742215148,7.780149285,5.2821427739999995,4.973961296000001,5.456137135,4.676784881000001,7.379573947999999,5.443773075,10.96838826,6.546830569,6.58209914,5.835749924,8.040748607000001,6.532607877,4.731770722,6.287236872,5.3135597510000006,4.372232695,4.589372707,9.914731286,9.148258279,5.644284422999999,6.348863904,4.936908325,6.065469641,10.26790921,4.728262443,6.9791131360000005,4.731528248,7.200273342999999,5.525224796,8.73827955,6.63257591,5.736863747999999,6.193571929,7.708140667,5.346744183999999,9.101556646,4.770013274,6.886826602,6.292550022,6.777024409,4.7640755619999995,8.893178767,6.802069413,8.907980371,4.965191657,4.35156473,5.958083646,7.25387529,9.170295199,8.207702661,8.34902625,8.033019292999999,9.792479002,7.6076755060000005,4.580852244,5.576925352999999,4.432778325,5.21360975,4.557041882,4.396621081,9.955099639,9.25701749,7.689693802000001,7.15825626,6.037861945,5.155064684,6.463150015,7.0963414160000005,7.4351252510000005,6.205401942000001,6.486973405,7.81797012,8.750490682,6.242774596,5.575816372999999,8.151872376,8.859764105,7.5742523760000005,9.452456485,6.214428539,6.935434267000001,5.637472746,8.262827551,4.736596797,5.449053957,5.088603815,9.873359407,5.9408638210000015,5.816516943,6.2151221670000005,9.254887091,6.333001498,5.873113525,6.279914262,5.8423294110000015,7.321422592999999,8.551113701,6.497064924,6.941721338,4.502733147,11.15365941,5.6392328,7.131342328,5.480434799999999,5.870379436,6.156483795,10.03350703,5.0859636969999995,5.353907635,11.35395009,5.3847811839999995,6.161352357999999,4.850398866,5.281831766,7.98134041,5.848019184,4.254925335,8.836448303,7.383963457,5.531576804,6.8135084610000005,5.430313792000001,4.652612597,6.2297097820000005,4.926018202,5.735378008,4.925996222,6.71879443,4.73094431,9.879670747,7.67250849,10.36222301,5.799352482000001,6.3073298829999995,9.14176897,5.646238632,6.867631255,5.066943491,5.269260018,4.656442299999998,7.515971531,5.3691125689999994,6.873610404,6.212164821,6.918278269,7.1180385510000015,4.668945893,7.053280387999999,6.95825291,7.809522096,6.511460258,8.429819001,7.0283960999999975,4.482832818,8.180887468,11.56632956,8.401735942,8.617592396000001,7.52255705,4.381808875,7.4321755629999995,5.779905319,4.91761119,5.50538799,5.851914086,6.664978773,6.666931131,9.28747002,10.63615461,4.965512438999999,7.38189164,6.971159806,5.0145074119999995,6.285051645,8.891757899,5.930476106,5.6066843429999995,9.721787048,5.862713192,7.796469302999999,6.919588462999999,7.455708127,4.7159481219999995,6.921718477000001,4.920637311,4.43064762,5.77188515,6.41641135,6.7577459410000005,4.677197275,7.604141019,7.015955397000001,9.768861845,6.822428426,7.3812923779999995,6.175912899,5.272539419,5.972877177999999,4.628634701,7.85747222,4.677607076,6.731795485,10.385073,8.393103538,5.046282286,6.899490806,5.764388783999999,4.830382449,6.131059483,11.62638356,6.986157612,6.201104777,7.840455771,8.595916075,8.1596453,4.320360882,7.539984349,7.735142194,5.405552861,6.64350281,7.077242565,4.702353014,7.499452923,5.5716171160000005,8.167678421,5.09188012,6.280016149,4.673708582,6.040137232999999,7.7412463670000005,7.398333918,8.760252202,5.736360539,7.722674279,8.952642838,5.054043426000001,10.27555551,8.508830226,4.594475587,4.959274703999999,5.419809435,8.130212756,5.424384506,8.207199825,5.159400717,6.0044885279999995,4.9844395630000005,6.602749149,5.725360734,5.392266001,9.639912936,8.518327482,6.034278314,8.479845527,8.505095942,7.3506679,5.654903653,6.3100328889999995,4.517108428999999,4.862970081,8.765548638,6.239062075,7.874146979,5.206580257,7.698496987,5.923440667,6.262111708,8.554487137999999,8.978221469,6.516017941,6.992607146,8.038289322999999,6.511164832,6.820190116,6.199315937000001,5.264528017,9.226419169,6.873461868,5.724435119,6.196317231,6.1732865110000015,4.685959639,6.89612314,5.5803443470000005,8.029406892999999,10.82099309,4.26431945,7.753742904,4.842169406,5.886866531,5.529670061,6.314380907,5.518627996,5.337513745,8.730809927000001,6.606106575,4.66008699,5.664551311,10.439303500000001,6.021911433,7.941893792,6.420154256,5.092464181,8.090246118,5.415750967,10.39802045,7.6181913,4.316782454,5.7515813179999995,11.63373314,8.098534772,6.424526056,7.0022076160000015,6.2180518739999995,8.946694328,5.549040442000001,4.785903966,6.468842968,5.647339016,8.773264314,6.089321832,5.1168363889999995,7.991553841,7.494752684,5.121722231000001,4.81519485,6.52027907,5.118722662,5.994238788,4.630387717,4.911844295,7.759447618999999,6.876955646,4.917988200000001,7.200370982999999,8.15957021,7.996568055,5.034626225,8.847838932,6.4970241060000005,5.37073751,6.402874167999999,5.052630738,7.390427669,5.598747313,8.114011657,5.511852782,4.897979253,5.507905119,4.536293378,4.875413443,4.290743096,6.461321272999999,6.715975808,7.2153369760000015,5.755598452999999,7.47280029,11.02730793,5.443701507999999,4.6127299289999995,6.861131134,7.583613467999999,4.652456265,6.9293406210000015,4.732947578,6.958004777,8.29403347,4.90748459,7.481996745,9.091452775,8.204906614,5.741285284,8.802906869,6.428653317,8.368052882999999,8.492165179,5.248801922,5.863990518,5.639136412,5.862467633,4.882989067,7.114008457000001,8.082603092000001,4.690814377,7.285857315,7.320758047000001,5.4627725929999995,5.00460421,6.180513027999999,6.954288654,6.06538784,8.113059577000001,7.730653266,7.4893468410000015,5.74437226,5.208793355,7.245645597,9.412565927000001,6.130252785,6.471244032,8.316313206,5.687845633999999,6.9516435770000005,6.159203784,5.51544592,5.319563626,8.432106688,7.07083247,7.640022632999999,6.784477229,6.128621085,6.728392949,8.112246432000001,5.449545027,6.7326107639999995,4.926277385,7.443092495,7.377849677,8.045419546,5.769309223,9.266944661,6.4884140860000015,5.212826134,6.035814003,7.7146268870000005,7.195582722,6.680828914,8.43331268,6.8359341910000015,6.872657203999999,6.185372178,6.020043544,7.048924332,6.439546226,8.900956033,6.317324022999999,10.20504472,5.381582572999999,5.393992398,5.566302514,10.06964081,7.507132493999999,6.301476125,6.616266115,4.572022598,7.782885019,6.138979802000001,5.85502014,5.240553382,5.706342867999999,7.973275611,9.259936745,9.216038679,6.867657446,8.311252084,6.868651367000001,7.3593069710000005,7.3534335870000005,6.916516764,7.78015881,5.786803711,7.798265936,8.533321373,9.021019512,8.617996527999999,6.5855388989999994,4.661497348,4.601253648999999,5.132001679,7.545107729,9.352492796,7.670480082999999,6.036228106,6.857401229,6.393015501,7.4082506760000015,9.379424159,12.32992484,4.823402232,12.81585995,4.925324033,5.7320245089999995,5.561082711,4.526467321,6.296002155,8.241074441,4.423739797,4.341388545,6.784552929,9.769910333,7.593538708,7.525699899,8.787406464,8.983043647999999,5.6552837270000005,5.775140801,7.03544428,6.814657762,7.953558554,6.071206987,7.544465934,6.108396282999999,4.477864555,6.101232988,5.757462478,5.6018965010000015,8.145411332,7.8692976660000005,5.454809909,6.5911395729999995,5.542561347,4.607433326000001,4.697766051,5.043430254,4.36194964,4.786052767,4.716666741,4.810935013,4.916650177,8.926447154,8.624608300000002,5.061354205,6.11046741,5.687936016,4.832727126,4.7068470719999995,5.574318664,7.518359977999999,6.902908213,9.783735115,5.363832816,5.97688963,5.141545503,4.705465579,5.267913254,6.723613137999999,6.564454745,4.962264526,7.937933528999999,5.494424146,9.441531392,5.171516071,6.368912965,4.768977945,4.592269858,5.377686762000001,4.728898031,6.766877631,5.039417578,7.680947374,9.382871158,4.364108596,4.985862256,6.101112595,6.211260066,7.443231093,5.407194324,8.624577894,6.858240706,10.13089679,7.502348725,8.343720004,8.96259621,8.097994906,8.44714149,6.617412926,7.892730356,6.7924410810000015,7.215989645,5.965638642,4.562670778999999,6.515265858999999,7.490217031,4.890064016,5.50307157,5.418014192,5.9805856,4.739157045,5.11431957,7.890329705,8.855776118,7.694793318999999,6.633601893,6.8340253529999995,6.174919383,4.739932348,5.714116882999999,4.865162686000001,4.76342044,8.842475775,4.365342534,4.795490706,9.498292937,7.0478048960000015,6.10117245,4.403795579,6.893625925,4.4118517289999994,6.812062731,5.24057934,7.280950301,7.279883672,8.655320846,6.575390835,5.2931145939999995,4.655549527,7.637765495,7.313104768,6.995355601,4.9202716419999994,7.775431281,7.486675139,8.948615102,7.476625594,6.359928742,8.479946768,5.641710955,5.382061124,5.605229659,5.4266708679999995,9.268021422,9.233436613,6.296072915,4.665310839,4.769654473,7.741264094,7.295070475,8.694152005,4.703188514,4.73137228,8.302395982,9.589908413,5.02483017,7.8751290260000015,9.554254401,7.996915411,5.073759293999999,4.996063821,6.028797129,6.718370799,6.520389487,4.804730512,7.009454946,5.69158257,7.614257169,9.43343236,6.2694017460000016,5.685989747000001,5.189859342,4.318528115,6.205628982,6.864317047,4.977732468999999,6.801875676,6.379296404,7.465328396,10.68098878,10.20422249,11.03713673,8.575320878,7.2375769389999975,11.12521411,9.452257348,8.447606115,7.068338011,5.531425389,6.29291329,8.751102793,6.148215037999999,7.820360544,4.983576857,5.395988377,7.143778747000001,8.807778597,4.44578936,6.9422162279999995,8.046113507000001,8.185623235,4.479437112,5.429372829,5.225641677,5.40635653,9.904297866,4.760438996,13.21365963,14.04399296,6.179690399,7.317390355,7.654732461,9.276246399,9.927301976,9.095603859,6.906418691,6.636219003,5.777721504,8.03905262,5.199403117,7.1911385060000015,9.110071831,5.713084212,4.755315989,8.192638067,7.307062595,8.916503766,10.500537699999999,5.277852091000001,9.670309726000001,6.59853266,6.865779507,8.763052978,6.212970972999999,5.726540881,6.4830062029999995,9.188995015,7.024908383,4.444937755,6.8087699829999995,6.912405784,13.03482453,7.6772387029999996,6.523648737,7.318174152999999,5.559040573,6.5103868060000005,5.146776313999999,8.453039052000001,7.927180521,10.63755358,8.27583208,5.928761242999999,8.298536544,5.708766175,8.224036112,9.299234846000001,5.93555323,6.379356809,6.066986377,7.307184427999999,6.945203962999999,6.199280129,5.363093172,7.007375679,6.605539922,9.118548002,7.505895602000001,5.893262593999999,5.17024385,5.630679413999999,9.398298573,7.3857299770000004,5.560797935,4.731213039,5.066541125,9.228349003,9.309733629,5.019317625,7.716850031,6.519214325,12.83227933,4.870987565,6.790473669,7.168289328999999,4.845528261,6.578078577,7.015386017000001,7.529372865,9.203012141,5.484610617,9.473441216,5.324563533,5.732609931,8.336984847,4.924556245,5.916140738999999,7.322960307000001,5.076560008,8.909155152,9.148088334,6.845693193,8.585230357999999,5.064816158999999,11.93149863,5.624558396,6.566565825,4.471495029,6.3211837110000015,8.073890824,4.828403741,5.788047626,9.157879863,7.1412064179999994,8.603444676,4.372123707,5.9176570889999995,8.094267894,10.06853187,5.318289878,7.783592089,6.623214377,5.072958995,6.9369175310000015,7.467304247,7.628553847,12.04691509,6.407246455,5.984853556,4.769200289,9.24079399,8.643519688,8.393519035,5.723229633,5.536520601,6.126867283999999,7.336186783,5.053818764,4.853436576,5.123748687,5.627458017,7.2356939160000024,5.439165781,4.887526853,6.009773751,7.596793203,14.02962029,5.838318323999999,5.863296922999999,6.301831883999999,6.731944745,5.17387308,4.835868541,6.183070763,6.08954038,5.93455281,5.4458257439999995,6.74320556,5.611829361,7.418318977999999,8.165669609,5.714627999,12.50580816,5.603057636,5.294750402,8.520960934,6.8092225410000005,4.950667775,6.002745362000001,4.484269885,6.237674939,5.0761826480000005,6.018643624,5.978812415,7.604349087,7.111170129,7.87325726,7.658372657999999,5.0209045969999995,4.17489039,8.439847839,7.421242446,5.354989235,7.375963262999999,6.190145287999999,11.26120273,10.7500283,8.795989335,7.997413855,5.619281189,6.487996552,9.515781328,5.43954116,5.452216445,6.154555443,5.224540115,5.395071102999999,6.787386457,7.975265396,7.413251548,6.7197630660000005,6.443936817999999,6.031281456,6.498953908,6.593576112,6.675671212,7.841119326,5.419690623999999,9.362507968,7.161481741,6.429778861,9.347164662,5.6808227229999995,6.6371404689999975,6.931560366,6.551670495,6.257415394,5.162116518,9.980327603,6.874553822999999,4.837028045,7.127014,6.4717973639999995,8.435752102,4.613670225,5.345079833,6.733900498,8.161269613,7.7485334639999985,8.492169164,7.309976377000001,6.342043971,5.103586048,4.91406744,4.652400275,11.32268758,4.812456313999999,8.670946212,7.169802344,6.265072977000001,4.6556931939999995,11.01649095,5.880747653999999,7.45823126,7.209433763,5.761698047,5.894761114,6.492072221,4.626298574,4.7687151960000005,7.484842939,5.83456608,6.90915846,5.057366238,6.690069414,8.280477355,6.32452735,8.600904819,10.62871395,9.094848205,7.233059582,9.621776987,11.02367792,6.349988569,4.797932459,6.528808996,5.386894357999999,6.662483094,6.001574205,8.714568658,6.356030538,7.433460137000001,6.5352050120000005,5.618376026,4.624338012,5.153025703,7.233646498,8.161926882000001,7.181744817,7.236297828,5.42748054,5.2267540619999995,6.482587499,4.819385476,6.534103375,6.6107444310000005,10.22120325,10.68831166,4.385573681,4.83398048,6.5008605610000005,7.0902443239999995,4.7568136889999995,4.080157915,7.65801647,7.982765316,5.776629647999999,4.419595289,5.049290114,7.001724227,6.991261278,5.513399188999999,6.277013854,6.747357121,4.9347583760000004,6.409848909,5.546247567999999,6.046290567000001,7.235040406,5.320747449,5.331262357,5.855207900000001,6.069988502999999,5.63318545,6.142360981,7.582832517999999,4.179136109,9.187360894,4.544650561,6.877137817,6.455489012,6.777285158,5.595771653,5.071100004,4.684647518999999,5.081060894,5.683690829,6.200430451,7.556824983999999,5.8800395420000005,11.32584034,5.6736500360000015,7.232424162,4.549951302,5.8264697010000015,4.4195598480000005,5.662846947,5.574215952,6.079310808,7.626620827999999,4.472888028,5.523273652,4.559197562,7.744768485,6.476417975,7.580464434,11.72005118,5.039351295,6.888086932999999,10.16318109,9.015902407999999,8.369266742999999,5.502208249,7.1180161779999995,4.270002957,4.754453235,4.8120005919999995,4.833651855,5.011228498,6.846926064,9.430013621,5.882321717000001,6.203535717,9.670787504,5.991879869,8.920904725,6.156220374,8.401487833,8.498269192,5.944929012999999,9.169280378,6.6023793410000025,5.481843021,7.051380282,5.04308136,7.082828115,6.5834618670000005,8.331862875,7.37458871,7.1469545010000015,6.183583425,4.690889258,8.01294946,8.281929478,5.095416717,4.50007232,5.671099661,5.90459141,6.3566702070000005,6.40454729,6.232235652000001,10.34111891,6.996944587000001,6.357638661,6.8146911160000005,8.420214054,11.21232426,5.038693776000001,8.520566079,6.3728554860000015,8.411834942999999,6.621232572,9.15270772,7.500624264,7.808656487,6.979945505,10.85421122,7.455185822000001,9.439064287999999,4.78873767,5.801973345,4.400920199,7.389273997999999,7.127506704,5.89929377,5.278060003,8.816160423,6.948438218,6.554532152999999,6.9585323510000014,5.030501297,11.67444482,5.226900951,5.8356833539999995,6.727651132999999,6.566038467,9.261484087000001,7.0150715429999995,4.845426455,6.136494839,5.557294203,8.663802056,5.4197096610000015,4.889084421000001,7.148251639,5.5077537439999995,5.832792535,6.235935143,9.456177027,10.01793514,6.336572469,8.07882122,7.961308886,7.445081355,7.9544903310000015,8.159837179,6.985993102,8.131133944,6.660265159,6.244805363999999,6.354548382000001,4.772672957,7.851425495,9.542031465,5.2194299719999995,6.237651082,4.947507002,8.806589153,8.059403468,6.42034102,5.795186974,4.338912288,5.415177987000001,6.782258268,9.116970081,4.966776539,7.044816497,4.986509661,9.053853596,5.895589396,5.991793907999999,6.042977658,4.481059073,6.623644989,5.514584585,5.43472652,5.2427079569999995,6.480078224,4.68838615,7.205595849,5.608079851,5.503405017,10.75443658,6.7134948539999995,4.571875889,6.1686804429999995,9.26683013,5.296298232,8.590900357999999,8.23949559,4.409564135,6.310945727999999,5.8850238820000005,5.683750087000001,5.565222979,4.628767346,4.965162523,6.207749691,4.945533675,6.598754351,7.8599599829999995,6.585936969,7.152433292,10.02104073,5.258338339,5.101417553,7.036263138,5.6321632410000015,5.435419232,5.7670152360000015,4.453184329,4.39048111,8.678369352999999,6.330902846,8.496664682999999,12.42436045,4.649332288,8.949945537,6.066196428,7.659033513,5.015230177,4.473461808,5.934610738,11.75389531,10.28287406,8.241815195,7.642977228999999,5.384706785,4.800696805,5.6934121289999995,7.146392682999999,9.27825604,7.391407282,7.8515819539999985,5.352170056,7.666940941,5.925187386,5.234207103,6.070877384,7.223431729,7.430760542000001,6.292402474,6.868660067,7.4539144020000005,6.755660764,5.650305792999999,5.784142472,8.173094669,8.350628922,9.110551561,9.700618301,8.152270137,10.34390032,9.039385084,8.721870337999999,7.722797944,7.8940285060000015,6.160600095,10.1354179,4.5927438789999995,8.397391916,6.359273815,4.599267258999999,8.852459352999999,6.464309338,11.46950154,4.410319843,6.557592333,5.867686394,6.317478799,6.191466613999999,8.264289672,8.565379549,7.477648855,4.45900713,8.209666198999999,4.39694642,8.025518111,5.0258323030000005,5.745312825,5.788978329,5.9256659,9.738111053999999,4.965269097,5.671604637000001,6.849007643999999,5.075390683,7.025691972000001,7.63823544,8.794794605,7.757427957000001,4.25756135,8.001998958,8.4673428,5.545366771,5.430048861,5.081945056,6.7635388270000005,6.607678074,8.530615762,4.75945937,8.960919192,7.357237483,5.734780957999999,6.390436782,7.730890692000001,6.6322624029999995,6.064386344,7.828095789,6.915756332000001,9.561036247999999,7.214998262000001,4.213195995,6.976694424,7.3445813829999995,5.497170497000001,5.263750407,8.618324756,5.344809791,5.206727955,8.801316992,8.018918845,7.218036427,8.070646434,9.309106153,5.688104196,5.378473604,9.970358535,9.133457669,5.615039756,4.419277211,5.152739858,5.172570169,5.226703387,7.454058527999999,7.997499737999999,8.844225514,7.031468384,6.815699045,6.77050034,10.55605107,7.393180911,4.80839369,6.285792185,7.479713844,4.602375996,11.84205461,6.137253969,9.600338706,7.588042084,9.116003033,7.550573327,8.002077486000001,9.280823095,5.988699774,5.285961267,6.4497729889999995,4.353819967,7.988503121,7.475606252,7.731964558,5.589297771,11.59139887,7.75559663,8.042798067,8.914109391,5.869647109,5.68186873,5.316514767,7.148199475,5.303254587,5.4856167760000005,6.399044879,7.81640383,7.304098346,7.279991017,6.705962726,5.593935815,4.82543522,5.175130687,5.6743351539999995,6.341053401,5.521433131,4.40135156,4.069840226,5.123659151,5.204267627,5.20970514,4.5908152069999995,5.617032772000001,7.337480802999999,5.8054454060000005,6.587648637000001,5.86296469,6.939654831,4.679658979,11.06966639,9.449557636,4.738270834,5.947991742999999,7.146481735,5.309210537,8.583365642999999,4.503651921,5.319668359,9.549887353999999,6.449545218,8.202031538,5.657760306,5.495874954,6.685027737,5.846460757000001,4.202334414,4.487399872,6.972912332000001,5.34434333,7.880836211,4.74110038,6.654581385,6.494159302000001,6.809439555,4.5645960169999995,5.434073385,9.99087645,8.493274187,5.550620285,6.986556462,6.337767303,7.243800221,5.8081631960000015,5.993970751,6.648063336,6.334177057000001,9.70534655,9.489948803999999,9.636475916,7.16746605,7.852614847999999,5.111675853,7.095071462999999,4.714591915,7.9991337520000005,7.18985853,6.204063493,7.0865880039999976,8.557742637999999,7.589957711,5.140520334,5.269688013000001,4.894119305,6.1846715360000015,9.594429017000001,9.906965092,4.819320929,5.6991621939999995,5.950962264,7.938442961,5.928869547000001,6.4666592760000015,11.01853087,5.143335378,7.861375568,6.698545633999999,5.337513133,7.008840137000001,4.590784438,5.942874463,5.843490137000001,5.227557904,5.414295813,5.247775798,8.968411338,11.36114321,5.656069402999999,4.268572173,4.737791057,9.919117421000001,8.519279739,7.774070921,6.6662155510000005,4.490582871,4.272440233999999,7.4005141939999985,7.003357882,6.984655589,4.90135603,4.7369939169999995,6.596541002,4.617412683,4.918217567,5.086070095,8.586066801,9.074621302999999,5.068056102,5.84177145,6.811170721,7.975317255,5.964880421,4.592302228,6.352354602,5.329032928999999,5.504747561,5.522474956,8.867113832000001,6.5907528110000015,6.507133235,6.800523484,5.740095977999999,7.406185446,5.093645396,6.192189162999999,8.915259625,6.5996284260000015,4.876355611,7.700291826,4.729282883,8.10374402,7.900862525,4.798501035,9.502881643,6.3558193439999995,10.15703222,5.173785501,6.023775204,5.607057919,11.81260082,5.963688445,10.15811681,12.28566716,8.039109652,6.540099796,7.459396882999999,5.855647481,10.9414198,9.400767898,4.873090383,7.955180536,7.154021544,8.530785527,9.205398519,6.654334092999999,10.61573847,6.223807817999999,4.984079877,8.658302907000001,8.845010398,5.729027632,10.39317211,5.677960556,8.266654991000001,5.333644673,6.3911105820000005,6.9803231729999995,4.787486341,6.209491732,7.024333399,4.297395205,8.223825741,4.8478685619999995,8.571677907,8.593653518,5.715301015,5.068825034,4.633442227,10.61966661,7.453457812999999,7.140656149,6.97093445,7.260208615,7.546753394,7.272213428,9.927361487999999,5.915485515,6.7759616110000005,7.504203353999999,8.20723043,5.925663064,9.430460295,7.150118544,5.622391264,5.873933438,5.40321451,7.3663816739999985,8.24385629,5.963630869,5.230764403999999,8.815169656,4.554113387,5.234507476,5.853578272000001,4.905725708,6.652484977,5.6131911279999995,6.188277808,9.156976214,7.3393757389999985,9.217475988,9.521987889,8.068837683,8.961029249,5.137709112,7.827721282000001,6.595240702000001,8.701643792999999,7.6206493029999995,5.102454096000001,5.0503787319999995,7.352468977000001,7.31970796,4.497392296,6.380310828,6.968521363,8.342265422999999,5.849118722,5.111583486000001,6.047354365,7.142549653,8.056061785,7.985226346,7.561413009,7.932026229,6.841105353,5.739648572,6.579444341,7.790669164,10.05402075,6.708194617999999,6.707666897,12.88259284,8.896337691,6.735430067999999,8.506715011,11.38016106,10.85026511,4.186892799,4.195903265,5.425789765,6.865439907000001,8.460337557999999,10.02361073,6.972882956,7.600602477000001,7.956536483,5.430982928,4.7224355330000005,6.928363347,8.317453059,9.06905508,5.582457467999999,10.01035868,4.641124507,9.073730449,5.4000748970000005,5.108163072,5.191104289,6.490859531,4.535067358,4.799468658,5.21565277,7.705228121,8.008287232999999,4.631161186,9.352892368,6.767848834,6.751112943,9.467770991,6.6638833360000005,9.887227118,7.363871649,7.921348718,5.673398584,6.030125415,5.083153067,4.752281541,6.710226847,7.77326678,6.7878233020000005,4.937375753,7.959933958,7.2330774920000005,5.349483276,8.15944446,7.091445208,7.465665962,5.987053347000001,5.531227146,4.2803389,5.359874728,10.17560536,6.996796101,5.140682067,11.67054024,5.192275205,10.67891964,5.755719002,6.03052479,5.841208961,5.515385834,4.937422083,4.557994358,5.7312843739999995,5.351612752,4.823666762,5.26137527,6.09215335,4.814450005,6.934794887000001,5.302211618,7.262720718,12.18502645,5.57421987,4.757414936,5.674151859,6.046091121,4.945843374,6.954759475,9.42195583,6.801302777,5.905508697,10.20299823,5.71461562,4.927400405,4.247782337,5.611887126,4.993266098,7.940609151,7.586354696,5.302187857,7.720296323999999,5.9629088889999995,7.055667947000001,5.73662554,5.823461484,4.508680524,7.6951148510000005,8.669527214,10.2959632,5.044319557,4.721300907,7.213716954,5.179530234,11.03814307,5.883863419,8.87248415,6.495107656,6.195447511,5.738216027000001,8.310776005,8.599328468,6.200535062999999,6.258201307,6.950618443,5.741130724,7.76896529,5.717839239,4.5890915130000005,4.980905508999999,5.388798692000001,6.997118209,8.57921821,6.177082048,5.8620252729999995,5.873503082999999,5.24034217,7.008972907,6.192498165,4.577677017,4.252943801,4.1138991030000005,6.8320880000000015,8.703577382,4.874037112,6.760239058,6.533225848,5.6932358039999995,6.253744844,7.03706323,10.25983853,4.882737654,10.62084132,4.9517642969999995,6.021071915,4.826649762,11.28103155,4.41299449,7.685116308,5.15850098,5.825605362,5.430279998,8.698009196000001,5.75298744,8.242090961,7.972641287999999,4.470670375,5.340622309,8.590171955,7.133089469,7.318046402999999,4.488409834,6.785787826,5.779555611,9.195815831,7.154597721,8.098717158,6.654294362000001,7.495057774,4.80063513,8.972442735,5.260232998,5.310305444,7.364486787000001,8.395928992,5.067530411,9.175536486,10.90544646,7.083427358,6.667242398,4.905443562,11.11049275,4.652071871,9.124758647,4.71347533,6.194040526,5.243137512,5.031570643999999,4.876542082,6.322978377,8.373949073,11.59104828,6.632254382999999,4.884810507,8.023811734,8.207719212999999,5.792850527000001,4.455685926,8.112423698999999,7.711585931,8.931185117,6.373120472,5.2871060739999995,6.213943133,7.759552346,6.98281629,6.706640724,4.683255309,5.128560772,5.078741088,5.6765125339999996,6.509895185,7.126634075,7.837170634,6.927865216,5.221287127,6.960422137999999,7.612230017999999,5.543466821,5.626577758,8.871929026,4.795344986,6.6465029929999995,4.87434213,8.977907373999999,5.323429774,4.813148579,4.838174853,5.716323963,5.787499285,9.465791579,5.750666549,5.476872079,5.713769494,4.514437268,9.535887726,8.501953054,5.822959902000001,6.381529966,5.6072266420000005,6.789601998999999,5.8235111129999995,6.97422336,4.503711287,9.835429015,6.5616020760000024,7.832889845,4.2332485160000015,5.119632889,8.332854437,5.237814602,8.596736191,10.32646464,6.1380533370000006,10.38611246,7.532449217000001,4.957474314,6.559659318,6.601814528999999,4.279522167,4.848721739,7.304982884,5.038858142,5.335553956,5.093190122,5.042560684,5.608959337999999,6.2502972560000005,5.8382605629999995,6.859424926,6.074844286,4.534396895,6.357432686,7.664864323,4.73496446,7.191280326,5.661895839,5.558178476,5.545522365,4.667801517,8.02056185,9.145895032,5.371838755,5.081590361,5.126803048,7.157576884,7.009551339,11.14001777,7.892393179,4.140638471,5.440010028,8.157671673,5.308428534,4.311006707,4.727372046,6.716577111,5.160912776,4.27679354,7.928609363,6.1627449,10.81221292,6.486687099,6.068056843,6.254765592999999,5.94569125,7.258381999,6.70292213,5.477756756000002,5.499413515,5.649588,7.249431183,6.63796155,4.892994463,6.221081785,4.965516401,7.6045200920000005,4.718475051,8.339432943,7.1871287420000005,10.36844015,4.663687144,4.407191302,7.056908046,5.5073538960000015,6.031460017000001,4.805583382,10.05797048,6.9008613510000005,10.05910821,7.574598677999999,4.815793153,5.301472562,6.68201473,7.692046697,6.752206158,8.972293605,6.3126495039999995,6.349942712000001,6.0750923839999995,6.966118117000001,7.415323586,7.024747071,4.285155968,6.760142758,4.821927641,4.785199312,5.8342189410000005,7.364182135,5.253810328,4.396997726,7.296336416,5.976381085,5.495276401,6.054973671,5.290796108,5.08693913,7.603922464,4.3784606539999995,5.051759766,4.831896789,9.692998307,6.768773907000001,9.508883331,4.521718374,7.347211202,5.326506708,10.01020368,6.823421727,6.231044279,4.859600391,7.628803549,4.947387968999999,11.45027121,9.148471215,5.971752385,6.5824630410000005,9.648083657,9.861365311,7.693188782999999,6.530833951,7.711625109,5.714374072999999,10.71827971,5.712912604,6.111353546,6.540014322999999,8.098792661000001,8.498264133,5.838782386,8.104023067,9.342506803,10.22074953,4.512715407,5.175920681,5.500514335,4.807062952,8.399995563,4.811367662,9.834121631,8.325662407000001,5.604840514,5.278295156,5.483234293,5.675970883,4.332405501,5.860878832999999,7.844459756,9.000816807,7.049829536,4.990829651,5.809024854,11.48355736,12.35401926,6.222020729,5.078889428,6.2321421070000005,5.304596125,4.2921990889999995,8.024736401,7.169402265,10.38474224,8.514897955,6.287830682,7.741506375,7.109640095,5.437212227000001,4.8253376789999995,4.851641613,5.216800692,6.5891304129999995,6.864094562000001,6.041782744,5.882052375,5.812045366,5.5527202739999995,6.650373871,7.470223797,7.608076466,5.700181477999999,4.3990275919999995,7.936355835,4.275451973,5.165213631,5.688491459,5.681661752999999,6.385702035,6.531408421,5.512922275,8.954396877,4.941941474,5.365509239,5.909331356,4.817531218,6.858964384,4.801862073,10.42399767,9.842162624,5.627400777,5.577043447,5.312259499,5.564459314,7.470536748,8.420973423,4.43900202,4.515231899,7.1403222379999995,8.589988553,5.4375686089999995,6.372567413,8.634132506,7.601223363,4.773986976000001,5.6178517060000015,7.120718373,6.149979276,9.955179196,8.53805366,4.609920273,10.08646783,5.193069979,4.588730792,5.147286684,6.198822389,8.675167529,5.17229103,6.873159516,7.813429687,6.857944292000001,4.848598602,6.315250355,5.125391497,7.631319069,5.36570816,7.222083948,4.928690587,10.82668645,9.820610176,5.219223686,7.29752634,5.155191542,5.101041498,11.38191037,6.235892699,6.496898165,10.19181263,9.382263402000001,6.32172572,6.082549617000001,7.438267907999999,5.015892739,7.284459742999999,8.892904042,4.211289064,7.633417944,6.342581778,7.654326202000001,6.689176201,5.84468593,6.578128714,8.271265306,6.212092875,8.421615601000001,6.704475612,5.860053937000001,6.561846787,4.972138313,8.604386265,5.844510093999999,9.009004666000001,5.178707986,5.973607071,4.975535109,5.199770684,5.023458651,4.834247421000001,4.891177633,5.211937287,6.517828827000001,5.26293959,5.031573542,5.610948098,5.868620394,7.252327216,7.403621621,7.238603104,6.461756502,5.810767909,12.35276978,5.541408504,6.3151550489999995,7.880332049,5.539360137,4.202739674,7.490742278,5.418804495,8.900451896,5.191263496,5.176126593999999,4.440214975,7.426499954,5.835226627000001,6.596074354,7.158037525,5.784657009,5.59810468,12.76021273,6.804429207,4.2592464460000015,12.39878294,7.585810342,5.7252742539999995,4.470577629,5.652147126,6.197222312999999,8.647697435,6.0737942,4.9110382260000005,4.5980900689999995,7.671799339,5.687957872,7.7308845370000006,6.74978863,8.006336713,6.149099541,7.359855382999999,5.455484014,4.87814304,5.938572289,5.743834044,4.834769106,4.557775423,4.680579175,9.466082992,8.209556335,10.00564449,6.370786819,5.830102612,5.653628932,6.847887657999999,7.697493763,4.881147619,5.837840278,5.576284575,5.868408596,4.826802302,7.933755199,13.05510314,4.278280672,5.369699128,7.0904988410000005,4.275852642,8.029749146,9.35610749,10.079569699999999,11.45646043,7.271362661,7.370130876,8.277469422000001,7.266049093999999,5.32130751,6.056291794,7.24792798,4.923133366,6.628814042,6.1657842610000015,9.629544141,7.086143927,5.010085012,5.586225555,4.88632824,5.709199571,4.422834368999999,5.795759549,8.213208682000001,8.294670227000001,5.571625386,5.6521837029999995,8.916332622999999,10.35584199,11.125259300000002,6.390296383,5.8114102370000005,5.88460234,7.238646072000001,9.465921572000001,7.34722503,7.668714232,7.128726914,5.0640574019999995,7.688814953,5.277136076000001,4.619413641,5.621694767,5.307178223,5.1404617969999995,6.576974882000001,8.565427297000001,5.256683442,4.0826850630000004,5.38090456,4.438996714,4.5969684719999995,6.405913684,4.939438255,4.979449106000001,4.535800171,6.843735307999999,5.441062313,8.308413974,5.8186167860000015,7.518170329,5.968909244,6.169793219,5.855428193,9.499262603,6.863795426,4.631623964,8.131341217000001,4.543148683,6.600211423999999,7.940435898,5.775556532,7.683529092000001,8.394134635,7.927514029,8.179972781,8.252602484,4.949076819,5.381786311,4.4054862,8.404972416,10.65424759,6.032857118,7.793597411,7.096681707,7.198454586,5.9265166979999995,4.858502952,6.7988088289999995,4.853091723,5.055310307,6.2023289429999995,6.6449502910000025,6.143696992000001,5.746118878,5.697682746,4.9143639839999995,7.6743544739999985,4.683900817,7.151313805,6.4285475660000015,8.57354933,5.305415473,7.666779149,7.645395255,5.3293203060000005,5.050000743,10.0070238,5.811253557000001,5.39905649,8.469443028999999,4.323826736,6.168958797999999,7.99515265,5.788081802000001,6.086926442999999,7.315467331,8.766183448,6.374714177,7.38735023,4.987772403,4.245595263,5.054827811,4.759431271,9.782397203,5.314878556,6.257479752999999,5.98644646,5.024519273,8.211301548,7.37038097,5.5842546220000004,5.477215084,4.983673433,5.625431721,9.191475785,6.973511866,9.320379373,6.185119498,6.4070175260000015,7.736794887,5.521666217000001,6.14265812,4.912750681,12.87599743,6.124280385,4.3657508310000015,6.954423695,5.335084075,7.160117249,6.743471832999999,7.623071702000001,4.766359205,9.315124804,5.866954666,10.04481733,4.403326458,5.521424777000001,5.165366562,4.955054217,5.010975727,6.7798810739999995,6.3923917260000005,7.658391802000001,11.538755,5.803622219,6.773826484,5.697444031,4.928899152,7.419501222999999,5.41863183,5.944988717999999,5.65174313,7.762742458,6.149573837999999,5.124597249,4.584760145,4.911744961,8.433100021,5.4188866639999995,5.110328629,6.018308311,4.816406419,4.847874492,5.088904298,6.565916818,8.41548011,8.456004228,4.842011724,6.944010124,6.234963235,8.604137573,7.524863048999999,6.283564048,6.284855061,6.3581648479999995,5.207788876,6.325751341,5.8544084629999995,5.081878951,8.99295251,6.2536003220000005,4.344864329,7.730312822999999,7.352574122,4.532647492,6.156972885,7.543682578999999,7.789972931,10.66208289,4.8523660710000005,4.712408478,7.584432427,7.995651153,7.345436302,4.796851636,7.928450939,5.677195959,6.802804748,5.724543411,6.084690129,4.984439514,6.9800262910000015,6.7102230579999995,5.6365190620000005,7.8651558060000015,8.085540952999999,6.025241049,9.798498666,6.34890528,4.870817016,7.362216011,7.7347171,7.518898106,4.642666965,8.067501349,4.330973335,8.98540391,5.891958058999999,7.702395049,7.033504656,7.200616274,4.2692458910000015,6.5417837410000015,7.2424325970000005,6.5839342510000005,4.667454029,4.1742223869999995,5.999786114,9.552568522,5.069357025,6.460936165,7.784144078,5.64260659,6.0284018060000015,7.771164757,5.281442949,5.622487099,6.4775839170000005,5.42652021,8.65060331,10.31984221,7.518429717999999,4.192223376,5.405079023,7.886115697,5.9155244960000015,9.597075588,6.797433361,4.571960206,5.376108602,6.343462242999999,5.169848198,4.585138801,5.954461692000001,4.468619562,7.039031886,5.059485491,5.306888557,6.530313437999999,8.970179099,8.40128126,6.941573633,7.18563397,4.6662562439999995,5.307407773,6.922085605,5.539523419,5.678584312000001,9.190532314,4.923942923999999,6.28655911,8.360531457999999,5.49817788,7.601112818,4.633401208,8.180211106,8.242063225,7.559007382000001,10.02631712,4.8239853319999995,11.33634973,4.450757277,7.184730603999999,6.99373388,4.679198101,4.501435431,10.53835797,7.265492068999999,6.593941015,6.3313409279999995,7.22608955,4.936646214,7.0047182810000015,8.882186738,7.8934109810000015,8.017301045,5.141659801,5.897616827,7.913486685,8.190354427,4.488443072,5.205242128,5.396280399,5.287651477,4.836460961,5.648314506,6.8968971660000005,4.607267712,8.00079713,4.779591492,4.904712153999999,7.964692886,8.161402246,6.595518124,5.565924232,7.757681132,7.152648869,4.800244351,7.59824377,8.04463157,7.329484575,7.4236680339999985,4.683754223999999,4.718589892,8.452718091,7.644813721,5.936192514,8.701875255,9.283387527999999,4.930191703999999,8.714245834,5.329192239,5.070290544,7.395709844,6.641953689,6.782357779,6.449977256,4.806631843,5.131607726,6.57473457,5.112893315,9.337176964,4.38490655,5.092693882,10.36079501,7.117967899,7.3488042,7.635913648,5.795569479,8.193731534,4.147231913,8.469623848,7.0229672039999995,5.1389728880000005,6.0147054760000005,4.951420359,6.2675931579999995,5.696047502000001,6.020162685,5.699590762000001,6.529281532000001,5.895880644,6.522037856,4.4427456780000005,8.34563347,5.116780556,7.401170549,4.336038745,7.174277035,8.896475251,8.005752569,7.893253425,8.954704223,5.6775230310000016,7.656457487000001,4.492467714,8.237502476,6.134863289,9.728680949,11.48644165,6.134233313999999,7.3621297110000015,5.410768462,7.617290661,4.302193157,8.693381453999999,6.074549635,8.198138703,6.799051812,7.734161665,4.832197468,6.32543462,6.005859244,4.398422353,6.133934603999999,5.240999013,5.033590611,5.690621095,13.21519503,6.636512139,6.474432928,10.16680595,7.810163524,6.143929368999999,8.299873426,8.040707043,8.255200519,9.353140243,8.927150166,7.058539013,7.047682204,5.205493788,5.5682692660000015,6.460864554,8.264836079,4.288779562,6.107659462000001,11.48764651,5.390830547999999,8.408040405,5.832637895,5.540725651,5.240529895,6.874343634,6.322936014,9.420483377,9.485606133,7.841871135,7.297705203,6.50380241,4.28136699,5.430531403,7.6011847470000005,8.448449787000001,5.553807837000001,4.486248524,6.587320581,5.575636821,7.285205811,7.465486012,5.211896324,6.242011682,6.35443021,6.1289234839999995,5.491547862999999,7.342542777999999,6.371680875,5.966730962000001,4.770058592,7.152138937999999,5.422649312000001,5.1757379839999995,4.19535706,4.804373988,8.571980762,6.621381307999999,8.517078198,5.910716633,7.6113028310000015,5.7223830389999994,7.893967779,5.995898897000001,7.084932134,5.810774747999999,5.218355911000001,6.3601408410000015,7.75778555,5.932526967,8.719652252000001,4.450349227,6.209337256,4.416661284,5.71741423,7.640525692000001,11.69144448,4.741305551,8.506718457,11.84503583,6.8393669379999995,6.219102542999999,7.119473361,7.035659764,7.004844301,6.078677806,6.698111063,8.330097076,6.3266592379999995,5.847321872,8.920093853,6.497406655,5.784921174,5.325248325,7.015486192999999,4.600195398,7.752756064,12.30377488,5.2564592910000005,6.688457372999999,5.898365605,7.893858312000001,6.299768877999999,6.900171877000001,5.690494581,8.833992531,5.007070488,6.092589244,7.319127707000001,5.694647454,6.715125147999999,6.865285199,4.825225678,8.133291946,7.2264088179999995,5.653849927,5.1934420160000005,5.24112367,5.191392,6.6625348970000005,4.668452234,5.499004612,6.864835848999999,6.703293658,6.575767615,10.16497967,5.435517582,4.736889706,5.692774534,6.650815691,6.2689737,8.366943793999999,6.842782091,6.093950456,7.326577202999999,7.587387647000001,6.035303884,7.03743974,8.233534762,4.929969021000001,5.815729784,8.089148518,9.083728987999999,4.1138491460000015,5.7627681289999995,5.247282166000001,6.063512652000001,6.458983722999999,6.756001165,4.536724746,9.571385101,5.752374457,5.9589224839999995,8.205160591,6.382084084,7.197837034,6.308477826,8.78656277,8.136140703999999,7.22704546,8.615329722,6.005084779,7.428361207999999,7.213394619,8.087155274,5.900203457999999,7.799691507,11.66666354,7.365168177999999,4.76936833,10.15358217,7.063338077999999,8.081797212,6.906332065,7.047562135,6.28002381,5.147766644,5.484111381,5.65396883,7.745063036,7.342799648,5.9723376770000005,6.885963843,4.665853313,5.0109085669999995,10.10485917,5.1298824739999995,8.904445849,5.3188425960000005,4.404855803999999,11.18103516,5.217128536000001,10.32676981,5.348217072,6.59021405,6.230802075,9.633212854,5.721713144,8.091207426,9.10953854,6.460757822000001,7.289850922,7.453560112999999,7.5038059729999995,6.776102196,6.019892845,6.162266186,4.4890272000000015,6.926629985,6.03029751,9.142829082,5.43258978,9.602174247,7.69847601,7.965507016,7.159339827999999,5.993937186,8.089516925,8.627100402,7.4233527289999985,8.09860849,8.707538287,5.363525321,7.752427467,5.02621269,6.257825344,8.035348707,9.513199108,8.186701669,4.433710243999999,5.620776547999999,8.316650183,7.77303898,5.463007336,7.344189419,7.926615512000001,10.0754038,7.283537442999999,5.470395902000001,6.032278985,5.888442341,8.004729328,8.392281495,8.593489672999999,8.216847739,6.05579883,7.595710866,6.064408504,10.5772583,6.687164787,6.8219786870000005,8.126296349,6.075140721,7.469309053,5.49352102,4.221410695,9.994911404,6.779465184,6.5305765,7.575736846,5.296437269,6.793282972,5.41690303,6.429978221,7.18274498,5.4500639920000005,5.7773296610000004,5.235925451,6.463125558,8.044009997,9.750831665,3.813668525,5.327194585,5.677607148,5.80295889,7.957001859,4.774286378999999,5.4176195310000015,4.3989192919999995,7.778565703,5.285286816,5.115507438,6.724929241,8.940066879,4.688644738,7.499636897999999,8.209415577,9.721185902,7.346088615,4.963900962,4.729272601,8.753383232000001,9.064467547000001,8.672297665,10.43141862,9.787400051,6.312865771,4.531141262,4.817968844,6.839937736,7.513470055,5.60518454,7.866808363,7.409916731,7.886421745,8.955224539,5.76346925,6.355621263,5.003200316,7.2236140120000005,4.782486976,6.2495644860000015,4.8486409010000004,4.774844794,6.9150158489999995,6.2033253560000015,6.402384574,5.501861623,7.437465426,8.759435643,6.04335492,5.746477499,5.499408868,5.799347125,10.31266984,9.13979267,8.18821052,8.436744212,6.83506759,6.9717947239999996,7.560502358,5.99506491,6.847714548,7.083516286,5.459077159,4.729058641,5.939721603,7.215446384,6.584527552999999,4.356994459,5.7626992910000014,6.935082446,5.181558036,8.310216543,5.508183667999999,5.8691007520000005,5.003966134,7.363536346,5.343355765,4.658136302,5.161605051,5.595191802,7.9473019,5.265506307,4.601905567,8.190828783999999,4.877626537,8.875576397,10.52609055,5.184767863,6.907940505,11.64608635,6.561937403,6.152277638999999,4.85318027,5.124996586,6.295701276,6.841436067999999,4.628303282,8.490143993,7.136495048,7.41859968,7.461105762000001,5.652620422999999,5.787895391,5.26722979,5.933354487999999,5.2419101139999995,7.063351535,6.364804797000001,6.314391317,11.77763182,4.96730631,4.657118700000002,7.654941459,5.5976801960000016,5.163443879,7.092090568,6.501921224,8.762242937,6.040906531,6.148298317,5.022076135,6.486405897000001,4.837954374,4.747680992,5.94576049,8.723648962,5.362681499,7.245327728999999,4.896304487,4.8379760460000005,5.673755063,4.8143722780000004,6.3137430660000025,5.4014908870000005,4.671976857,7.445772688,5.562936702999999,6.4548756360000015,11.97958911,5.125806347,8.791130653,6.9454689929999995,10.41241936,4.567506245,5.979013052999999,7.627129196,5.661762837,4.091060499,7.650081809,4.403617362,7.259935033,5.658276663,5.95378337,5.486300489,11.7157117,9.660190077000001,8.26458148,4.814227064,5.066078824,4.695779097,7.621553221,7.332826594,5.244256871,5.808171912000001,5.472628328,5.55935224,7.065792626,7.277646752000001,7.910727972999999,7.799284366,5.868750981,4.533591041,4.972952801,7.1970055529999994,10.98580626,4.858129371,10.85395359,6.062675536,8.663069079,9.584510104,4.902074686000001,4.456365186,5.814802365,10.8241601,6.876624085,7.188207679,9.382954968,6.612529229,10.06041324,8.736623981000001,7.081773909,4.615108329,5.995807523,5.883411578,5.381985082999999,6.474756826,7.677903896,7.665033519,8.065169476,4.759017781,6.095671727,7.656070817000001,7.493033617,6.335237327000001,4.545925874,5.686782148,8.643203192,4.9845795310000005,6.811395724,6.5397068439999995,7.226026192000001,6.220683206,7.851845742,7.052497671,4.484326248,7.3682477870000005,6.187343987999999,6.309843666,7.58426668,4.861834428,8.492099995,6.088702645,7.388763235,6.084548912000001,6.123415672,9.372983955,5.43351962,8.123205061,11.02594967,11.39404578,5.6874612010000005,8.41435956,4.620039026000001,10.23183988,5.479793428,6.997814099,5.779665499,5.7198054339999995,5.98121755,7.7109069020000005,11.26316763,6.413175829,5.64978486,4.620610299,7.52267597,9.490254764,7.936595588999999,6.521325813,6.568856212000001,4.978258853,7.895731396,5.5931899210000005,7.174714974,5.7967458610000016,6.665669554,6.195678035,8.857582969,10.42372451,6.191813123999999,4.890693303,4.0
27,11.50149206,6.442371492,10.06803335,6.963142909,6.355185272000001,4.505605357,8.708670106,5.215859324,4.516068508,6.00094258,4.570771944,10.72197403,5.686403123,11.15289902,6.80146911,7.280425217,9.264126575,6.315970509,4.7461321960000005,8.968372459,4.4031022580000005,7.055727082000001,8.201784479,8.276174758,6.6878140010000005,5.099945352,6.4025454029999995,6.8619766910000015,5.327775238,5.086924109,9.169905676,6.332520677000001,7.255834097,5.15407988,7.7251166960000015,7.1945858560000016,6.3680700660000005,4.852083966,6.030109086,5.0859527060000005,9.090945526,6.182953304,6.46408533,7.3724780339999985,7.443572777999999,7.562455722,5.632205614,9.458288917,6.107286892,7.180064599,4.70077951,6.180118491,6.342723522000001,9.207647722,4.3220868260000005,5.5820590060000015,4.638904575,9.564482411,4.479225634,5.486773769,6.080817861,5.36516649,8.492506169,6.912919058,6.338581211,8.250269444,6.463140937,7.087047044,7.3940686960000015,7.831392153999999,6.335388312999999,13.5181696,8.005862952000001,4.417853148,6.8746792889999995,4.738113684,5.035287448,6.635549515,4.650025679,6.81094212,7.3732038310000005,6.413856415,8.638084422,9.042507137000001,5.273553656,5.664064442999999,7.488676497999999,4.9273997419999995,5.407971438,8.560319865,5.330746971,6.998517367000001,5.24807257,8.531623349,7.795500189,6.114101886,10.23013373,4.389235505,4.317163208,7.0484042879999995,5.454337732000001,6.0064216020000005,6.4053457210000015,8.564987106,7.452004938,9.153700446,9.57436994,4.767665404,5.0284764000000015,7.1580560470000005,4.9751590939999994,5.126707822,4.796996409,6.735165042999999,5.935333825,9.052949647,4.32670593,5.290257243,5.880046843,6.875871997000001,10.854647199999999,8.629766072,5.741546848,8.742215148,7.780149285,5.2821427739999995,4.973961296000001,5.456137135,4.676784881000001,7.379573947999999,5.443773075,10.96838826,6.546830569,6.58209914,5.835749924,8.040748607000001,6.532607877,4.731770722,6.287236872,5.3135597510000006,4.372232695,4.589372707,9.914731286,9.148258279,5.644284422999999,6.348863904,4.936908325,6.065469641,10.26790921,4.728262443,6.9791131360000005,4.731528248,7.200273342999999,5.525224796,8.73827955,6.63257591,5.736863747999999,6.193571929,7.708140667,5.346744183999999,9.101556646,4.770013274,6.886826602,6.292550022,6.777024409,4.7640755619999995,8.893178767,6.802069413,8.907980371,4.965191657,4.35156473,5.958083646,7.25387529,9.170295199,8.207702661,8.34902625,8.033019292999999,9.792479002,7.6076755060000005,4.580852244,5.576925352999999,4.432778325,5.21360975,4.557041882,4.396621081,9.955099639,9.25701749,7.689693802000001,7.15825626,6.037861945,5.155064684,6.463150015,7.0963414160000005,7.4351252510000005,6.205401942000001,6.486973405,7.81797012,8.750490682,6.242774596,5.575816372999999,8.151872376,8.859764105,7.5742523760000005,9.452456485,6.214428539,6.935434267000001,5.637472746,8.262827551,4.736596797,5.449053957,5.088603815,9.873359407,5.9408638210000015,5.816516943,6.2151221670000005,9.254887091,6.333001498,5.873113525,6.279914262,5.8423294110000015,7.321422592999999,8.551113701,6.497064924,6.941721338,4.502733147,11.15365941,5.6392328,7.131342328,5.480434799999999,5.870379436,6.156483795,10.03350703,5.0859636969999995,5.353907635,11.35395009,5.3847811839999995,6.161352357999999,4.850398866,5.281831766,7.98134041,5.848019184,4.254925335,8.836448303,7.383963457,5.531576804,6.8135084610000005,5.430313792000001,4.652612597,6.2297097820000005,4.926018202,5.735378008,4.925996222,6.71879443,4.73094431,9.879670747,7.67250849,10.36222301,5.799352482000001,6.3073298829999995,9.14176897,5.646238632,6.867631255,5.066943491,5.269260018,4.656442299999998,7.515971531,5.3691125689999994,6.873610404,6.212164821,6.918278269,7.1180385510000015,4.668945893,7.053280387999999,6.95825291,7.809522096,6.511460258,8.429819001,7.0283960999999975,4.482832818,8.180887468,11.56632956,8.401735942,8.617592396000001,7.52255705,4.381808875,7.4321755629999995,5.779905319,4.91761119,5.50538799,5.851914086,6.664978773,6.666931131,9.28747002,10.63615461,4.965512438999999,7.38189164,6.971159806,5.0145074119999995,6.285051645,8.891757899,5.930476106,5.6066843429999995,9.721787048,5.862713192,7.796469302999999,6.919588462999999,7.455708127,4.7159481219999995,6.921718477000001,4.920637311,4.43064762,5.77188515,6.41641135,6.7577459410000005,4.677197275,7.604141019,7.015955397000001,9.768861845,6.822428426,7.3812923779999995,6.175912899,5.272539419,5.972877177999999,4.628634701,7.85747222,4.677607076,6.731795485,10.385073,8.393103538,5.046282286,6.899490806,5.764388783999999,4.830382449,6.131059483,11.62638356,6.986157612,6.201104777,7.840455771,8.595916075,8.1596453,4.320360882,7.539984349,7.735142194,5.405552861,6.64350281,7.077242565,4.702353014,7.499452923,5.5716171160000005,8.167678421,5.09188012,6.280016149,4.673708582,6.040137232999999,7.7412463670000005,7.398333918,8.760252202,5.736360539,7.722674279,8.952642838,5.054043426000001,10.27555551,8.508830226,4.594475587,4.959274703999999,5.419809435,8.130212756,5.424384506,8.207199825,5.159400717,6.0044885279999995,4.9844395630000005,6.602749149,5.725360734,5.392266001,9.639912936,8.518327482,6.034278314,8.479845527,8.505095942,7.3506679,5.654903653,6.3100328889999995,4.517108428999999,4.862970081,8.765548638,6.239062075,7.874146979,5.206580257,7.698496987,5.923440667,6.262111708,8.554487137999999,8.978221469,6.516017941,6.992607146,8.038289322999999,6.511164832,6.820190116,6.199315937000001,5.264528017,9.226419169,6.873461868,5.724435119,6.196317231,6.1732865110000015,4.685959639,6.89612314,5.5803443470000005,8.029406892999999,10.82099309,4.26431945,7.753742904,4.842169406,5.886866531,5.529670061,6.314380907,5.518627996,5.337513745,8.730809927000001,6.606106575,4.66008699,5.664551311,10.439303500000001,6.021911433,7.941893792,6.420154256,5.092464181,8.090246118,5.415750967,10.39802045,7.6181913,4.316782454,5.7515813179999995,11.63373314,8.098534772,6.424526056,7.0022076160000015,6.2180518739999995,8.946694328,5.549040442000001,4.785903966,6.468842968,5.647339016,8.773264314,6.089321832,5.1168363889999995,7.991553841,7.494752684,5.121722231000001,4.81519485,6.52027907,5.118722662,5.994238788,4.630387717,4.911844295,7.759447618999999,6.876955646,4.917988200000001,7.200370982999999,8.15957021,7.996568055,5.034626225,8.847838932,6.4970241060000005,5.37073751,6.402874167999999,5.052630738,7.390427669,5.598747313,8.114011657,5.511852782,4.897979253,5.507905119,4.536293378,4.875413443,4.290743096,6.461321272999999,6.715975808,7.2153369760000015,5.755598452999999,7.47280029,11.02730793,5.443701507999999,4.6127299289999995,6.861131134,7.583613467999999,4.652456265,6.9293406210000015,4.732947578,6.958004777,8.29403347,4.90748459,7.481996745,9.091452775,8.204906614,5.741285284,8.802906869,6.428653317,8.368052882999999,8.492165179,5.248801922,5.863990518,5.639136412,5.862467633,4.882989067,7.114008457000001,8.082603092000001,4.690814377,7.285857315,7.320758047000001,5.4627725929999995,5.00460421,6.180513027999999,6.954288654,6.06538784,8.113059577000001,7.730653266,7.4893468410000015,5.74437226,5.208793355,7.245645597,9.412565927000001,6.130252785,6.471244032,8.316313206,5.687845633999999,6.9516435770000005,6.159203784,5.51544592,5.319563626,8.432106688,7.07083247,7.640022632999999,6.784477229,6.128621085,6.728392949,8.112246432000001,5.449545027,6.7326107639999995,4.926277385,7.443092495,7.377849677,8.045419546,5.769309223,9.266944661,6.4884140860000015,5.212826134,6.035814003,7.7146268870000005,7.195582722,6.680828914,8.43331268,6.8359341910000015,6.872657203999999,6.185372178,6.020043544,7.048924332,6.439546226,8.900956033,6.317324022999999,10.20504472,5.381582572999999,5.393992398,5.566302514,10.06964081,7.507132493999999,6.301476125,6.616266115,4.572022598,7.782885019,6.138979802000001,5.85502014,5.240553382,5.706342867999999,7.973275611,9.259936745,9.216038679,6.867657446,8.311252084,6.868651367000001,7.3593069710000005,7.3534335870000005,6.916516764,7.78015881,5.786803711,7.798265936,8.533321373,9.021019512,8.617996527999999,6.5855388989999994,4.661497348,4.601253648999999,5.132001679,7.545107729,9.352492796,7.670480082999999,6.036228106,6.857401229,6.393015501,7.4082506760000015,9.379424159,12.32992484,4.823402232,12.81585995,4.925324033,5.7320245089999995,5.561082711,4.526467321,6.296002155,8.241074441,4.423739797,4.341388545,6.784552929,9.769910333,7.593538708,7.525699899,8.787406464,8.983043647999999,5.6552837270000005,5.775140801,7.03544428,6.814657762,7.953558554,6.071206987,7.544465934,6.108396282999999,4.477864555,6.101232988,5.757462478,5.6018965010000015,8.145411332,7.8692976660000005,5.454809909,6.5911395729999995,5.542561347,4.607433326000001,4.697766051,5.043430254,4.36194964,4.786052767,4.716666741,4.810935013,4.916650177,8.926447154,8.624608300000002,5.061354205,6.11046741,5.687936016,4.832727126,4.7068470719999995,5.574318664,7.518359977999999,6.902908213,9.783735115,5.363832816,5.97688963,5.141545503,4.705465579,5.267913254,6.723613137999999,6.564454745,4.962264526,7.937933528999999,5.494424146,9.441531392,5.171516071,6.368912965,4.768977945,4.592269858,5.377686762000001,4.728898031,6.766877631,5.039417578,7.680947374,9.382871158,4.364108596,4.985862256,6.101112595,6.211260066,7.443231093,5.407194324,8.624577894,6.858240706,10.13089679,7.502348725,8.343720004,8.96259621,8.097994906,8.44714149,6.617412926,7.892730356,6.7924410810000015,7.215989645,5.965638642,4.562670778999999,6.515265858999999,7.490217031,4.890064016,5.50307157,5.418014192,5.9805856,4.739157045,5.11431957,7.890329705,8.855776118,7.694793318999999,6.633601893,6.8340253529999995,6.174919383,4.739932348,5.714116882999999,4.865162686000001,4.76342044,8.842475775,4.365342534,4.795490706,9.498292937,7.0478048960000015,6.10117245,4.403795579,6.893625925,4.4118517289999994,6.812062731,5.24057934,7.280950301,7.279883672,8.655320846,6.575390835,5.2931145939999995,4.655549527,7.637765495,7.313104768,6.995355601,4.9202716419999994,7.775431281,7.486675139,8.948615102,7.476625594,6.359928742,8.479946768,5.641710955,5.382061124,5.605229659,5.4266708679999995,9.268021422,9.233436613,6.296072915,4.665310839,4.769654473,7.741264094,7.295070475,8.694152005,4.703188514,4.73137228,8.302395982,9.589908413,5.02483017,7.8751290260000015,9.554254401,7.996915411,5.073759293999999,4.996063821,6.028797129,6.718370799,6.520389487,4.804730512,7.009454946,5.69158257,7.614257169,9.43343236,6.2694017460000016,5.685989747000001,5.189859342,4.318528115,6.205628982,6.864317047,4.977732468999999,6.801875676,6.379296404,7.465328396,10.68098878,10.20422249,11.03713673,8.575320878,7.2375769389999975,11.12521411,9.452257348,8.447606115,7.068338011,5.531425389,6.29291329,8.751102793,6.148215037999999,7.820360544,4.983576857,5.395988377,7.143778747000001,8.807778597,4.44578936,6.9422162279999995,8.046113507000001,8.185623235,4.479437112,5.429372829,5.225641677,5.40635653,9.904297866,4.760438996,13.21365963,14.04399296,6.179690399,7.317390355,7.654732461,9.276246399,9.927301976,9.095603859,6.906418691,6.636219003,5.777721504,8.03905262,5.199403117,7.1911385060000015,9.110071831,5.713084212,4.755315989,8.192638067,7.307062595,8.916503766,10.500537699999999,5.277852091000001,9.670309726000001,6.59853266,6.865779507,8.763052978,6.212970972999999,5.726540881,6.4830062029999995,9.188995015,7.024908383,4.444937755,6.8087699829999995,6.912405784,13.03482453,7.6772387029999996,6.523648737,7.318174152999999,5.559040573,6.5103868060000005,5.146776313999999,8.453039052000001,7.927180521,10.63755358,8.27583208,5.928761242999999,8.298536544,5.708766175,8.224036112,9.299234846000001,5.93555323,6.379356809,6.066986377,7.307184427999999,6.945203962999999,6.199280129,5.363093172,7.007375679,6.605539922,9.118548002,7.505895602000001,5.893262593999999,5.17024385,5.630679413999999,9.398298573,7.3857299770000004,5.560797935,4.731213039,5.066541125,9.228349003,9.309733629,5.019317625,7.716850031,6.519214325,12.83227933,4.870987565,6.790473669,7.168289328999999,4.845528261,6.578078577,7.015386017000001,7.529372865,9.203012141,5.484610617,9.473441216,5.324563533,5.732609931,8.336984847,4.924556245,5.916140738999999,7.322960307000001,5.076560008,8.909155152,9.148088334,6.845693193,8.585230357999999,5.064816158999999,11.93149863,5.624558396,6.566565825,4.471495029,6.3211837110000015,8.073890824,4.828403741,5.788047626,9.157879863,7.1412064179999994,8.603444676,4.372123707,5.9176570889999995,8.094267894,10.06853187,5.318289878,7.783592089,6.623214377,5.072958995,6.9369175310000015,7.467304247,7.628553847,12.04691509,6.407246455,5.984853556,4.769200289,9.24079399,8.643519688,8.393519035,5.723229633,5.536520601,6.126867283999999,7.336186783,5.053818764,4.853436576,5.123748687,5.627458017,7.2356939160000024,5.439165781,4.887526853,6.009773751,7.596793203,14.02962029,5.838318323999999,5.863296922999999,6.301831883999999,6.731944745,5.17387308,4.835868541,6.183070763,6.08954038,5.93455281,5.4458257439999995,6.74320556,5.611829361,7.418318977999999,8.165669609,5.714627999,12.50580816,5.603057636,5.294750402,8.520960934,6.8092225410000005,4.950667775,6.002745362000001,4.484269885,6.237674939,5.0761826480000005,6.018643624,5.978812415,7.604349087,7.111170129,7.87325726,7.658372657999999,5.0209045969999995,4.17489039,8.439847839,7.421242446,5.354989235,7.375963262999999,6.190145287999999,11.26120273,10.7500283,8.795989335,7.997413855,5.619281189,6.487996552,9.515781328,5.43954116,5.452216445,6.154555443,5.224540115,5.395071102999999,6.787386457,7.975265396,7.413251548,6.7197630660000005,6.443936817999999,6.031281456,6.498953908,6.593576112,6.675671212,7.841119326,5.419690623999999,9.362507968,7.161481741,6.429778861,9.347164662,5.6808227229999995,6.6371404689999975,6.931560366,6.551670495,6.257415394,5.162116518,9.980327603,6.874553822999999,4.837028045,7.127014,6.4717973639999995,8.435752102,4.613670225,5.345079833,6.733900498,8.161269613,7.7485334639999985,8.492169164,7.309976377000001,6.342043971,5.103586048,4.91406744,4.652400275,11.32268758,4.812456313999999,8.670946212,7.169802344,6.265072977000001,4.6556931939999995,11.01649095,5.880747653999999,7.45823126,7.209433763,5.761698047,5.894761114,6.492072221,4.626298574,4.7687151960000005,7.484842939,5.83456608,6.90915846,5.057366238,6.690069414,8.280477355,6.32452735,8.600904819,10.62871395,9.094848205,7.233059582,9.621776987,11.02367792,6.349988569,4.797932459,6.528808996,5.386894357999999,6.662483094,6.001574205,8.714568658,6.356030538,7.433460137000001,6.5352050120000005,5.618376026,4.624338012,5.153025703,7.233646498,8.161926882000001,7.181744817,7.236297828,5.42748054,5.2267540619999995,6.482587499,4.819385476,6.534103375,6.6107444310000005,10.22120325,10.68831166,4.385573681,4.83398048,6.5008605610000005,7.0902443239999995,4.7568136889999995,4.080157915,7.65801647,7.982765316,5.776629647999999,4.419595289,5.049290114,7.001724227,6.991261278,5.513399188999999,6.277013854,6.747357121,4.9347583760000004,6.409848909,5.546247567999999,6.046290567000001,7.235040406,5.320747449,5.331262357,5.855207900000001,6.069988502999999,5.63318545,6.142360981,7.582832517999999,4.179136109,9.187360894,4.544650561,6.877137817,6.455489012,6.777285158,5.595771653,5.071100004,4.684647518999999,5.081060894,5.683690829,6.200430451,7.556824983999999,5.8800395420000005,11.32584034,5.6736500360000015,7.232424162,4.549951302,5.8264697010000015,4.4195598480000005,5.662846947,5.574215952,6.079310808,7.626620827999999,4.472888028,5.523273652,4.559197562,7.744768485,6.476417975,7.580464434,11.72005118,5.039351295,6.888086932999999,10.16318109,9.015902407999999,8.369266742999999,5.502208249,7.1180161779999995,4.270002957,4.754453235,4.8120005919999995,4.833651855,5.011228498,6.846926064,9.430013621,5.882321717000001,6.203535717,9.670787504,5.991879869,8.920904725,6.156220374,8.401487833,8.498269192,5.944929012999999,9.169280378,6.6023793410000025,5.481843021,7.051380282,5.04308136,7.082828115,6.5834618670000005,8.331862875,7.37458871,7.1469545010000015,6.183583425,4.690889258,8.01294946,8.281929478,5.095416717,4.50007232,5.671099661,5.90459141,6.3566702070000005,6.40454729,6.232235652000001,10.34111891,6.996944587000001,6.357638661,6.8146911160000005,8.420214054,11.21232426,5.038693776000001,8.520566079,6.3728554860000015,8.411834942999999,6.621232572,9.15270772,7.500624264,7.808656487,6.979945505,10.85421122,7.455185822000001,9.439064287999999,4.78873767,5.801973345,4.400920199,7.389273997999999,7.127506704,5.89929377,5.278060003,8.816160423,6.948438218,6.554532152999999,6.9585323510000014,5.030501297,11.67444482,5.226900951,5.8356833539999995,6.727651132999999,6.566038467,9.261484087000001,7.0150715429999995,4.845426455,6.136494839,5.557294203,8.663802056,5.4197096610000015,4.889084421000001,7.148251639,5.5077537439999995,5.832792535,6.235935143,9.456177027,10.01793514,6.336572469,8.07882122,7.961308886,7.445081355,7.9544903310000015,8.159837179,6.985993102,8.131133944,6.660265159,6.244805363999999,6.354548382000001,4.772672957,7.851425495,9.542031465,5.2194299719999995,6.237651082,4.947507002,8.806589153,8.059403468,6.42034102,5.795186974,4.338912288,5.415177987000001,6.782258268,9.116970081,4.966776539,7.044816497,4.986509661,9.053853596,5.895589396,5.991793907999999,6.042977658,4.481059073,6.623644989,5.514584585,5.43472652,5.2427079569999995,6.480078224,4.68838615,7.205595849,5.608079851,5.503405017,10.75443658,6.7134948539999995,4.571875889,6.1686804429999995,9.26683013,5.296298232,8.590900357999999,8.23949559,4.409564135,6.310945727999999,5.8850238820000005,5.683750087000001,5.565222979,4.628767346,4.965162523,6.207749691,4.945533675,6.598754351,7.8599599829999995,6.585936969,7.152433292,10.02104073,5.258338339,5.101417553,7.036263138,5.6321632410000015,5.435419232,5.7670152360000015,4.453184329,4.39048111,8.678369352999999,6.330902846,8.496664682999999,12.42436045,4.649332288,8.949945537,6.066196428,7.659033513,5.015230177,4.473461808,5.934610738,11.75389531,10.28287406,8.241815195,7.642977228999999,5.384706785,4.800696805,5.6934121289999995,7.146392682999999,9.27825604,7.391407282,7.8515819539999985,5.352170056,7.666940941,5.925187386,5.234207103,6.070877384,7.223431729,7.430760542000001,6.292402474,6.868660067,7.4539144020000005,6.755660764,5.650305792999999,5.784142472,8.173094669,8.350628922,9.110551561,9.700618301,8.152270137,10.34390032,9.039385084,8.721870337999999,7.722797944,7.8940285060000015,6.160600095,10.1354179,4.5927438789999995,8.397391916,6.359273815,4.599267258999999,8.852459352999999,6.464309338,11.46950154,4.410319843,6.557592333,5.867686394,6.317478799,6.191466613999999,8.264289672,8.565379549,7.477648855,4.45900713,8.209666198999999,4.39694642,8.025518111,5.0258323030000005,5.745312825,5.788978329,5.9256659,9.738111053999999,4.965269097,5.671604637000001,6.849007643999999,5.075390683,7.025691972000001,7.63823544,8.794794605,7.757427957000001,4.25756135,8.001998958,8.4673428,5.545366771,5.430048861,5.081945056,6.7635388270000005,6.607678074,8.530615762,4.75945937,8.960919192,7.357237483,5.734780957999999,6.390436782,7.730890692000001,6.6322624029999995,6.064386344,7.828095789,6.915756332000001,9.561036247999999,7.214998262000001,4.213195995,6.976694424,7.3445813829999995,5.497170497000001,5.263750407,8.618324756,5.344809791,5.206727955,8.801316992,8.018918845,7.218036427,8.070646434,9.309106153,5.688104196,5.378473604,9.970358535,9.133457669,5.615039756,4.419277211,5.152739858,5.172570169,5.226703387,7.454058527999999,7.997499737999999,8.844225514,7.031468384,6.815699045,6.77050034,10.55605107,7.393180911,4.80839369,6.285792185,7.479713844,4.602375996,11.84205461,6.137253969,9.600338706,7.588042084,9.116003033,7.550573327,8.002077486000001,9.280823095,5.988699774,5.285961267,6.4497729889999995,4.353819967,7.988503121,7.475606252,7.731964558,5.589297771,11.59139887,7.75559663,8.042798067,8.914109391,5.869647109,5.68186873,5.316514767,7.148199475,5.303254587,5.4856167760000005,6.399044879,7.81640383,7.304098346,7.279991017,6.705962726,5.593935815,4.82543522,5.175130687,5.6743351539999995,6.341053401,5.521433131,4.40135156,4.069840226,5.123659151,5.204267627,5.20970514,4.5908152069999995,5.617032772000001,7.337480802999999,5.8054454060000005,6.587648637000001,5.86296469,6.939654831,4.679658979,11.06966639,9.449557636,4.738270834,5.947991742999999,7.146481735,5.309210537,8.583365642999999,4.503651921,5.319668359,9.549887353999999,6.449545218,8.202031538,5.657760306,5.495874954,6.685027737,5.846460757000001,4.202334414,4.487399872,6.972912332000001,5.34434333,7.880836211,4.74110038,6.654581385,6.494159302000001,6.809439555,4.5645960169999995,5.434073385,9.99087645,8.493274187,5.550620285,6.986556462,6.337767303,7.243800221,5.8081631960000015,5.993970751,6.648063336,6.334177057000001,9.70534655,9.489948803999999,9.636475916,7.16746605,7.852614847999999,5.111675853,7.095071462999999,4.714591915,7.9991337520000005,7.18985853,6.204063493,7.0865880039999976,8.557742637999999,7.589957711,5.140520334,5.269688013000001,4.894119305,6.1846715360000015,9.594429017000001,9.906965092,4.819320929,5.6991621939999995,5.950962264,7.938442961,5.928869547000001,6.4666592760000015,11.01853087,5.143335378,7.861375568,6.698545633999999,5.337513133,7.008840137000001,4.590784438,5.942874463,5.843490137000001,5.227557904,5.414295813,5.247775798,8.968411338,11.36114321,5.656069402999999,4.268572173,4.737791057,9.919117421000001,8.519279739,7.774070921,6.6662155510000005,4.490582871,4.272440233999999,7.4005141939999985,7.003357882,6.984655589,4.90135603,4.7369939169999995,6.596541002,4.617412683,4.918217567,5.086070095,8.586066801,9.074621302999999,5.068056102,5.84177145,6.811170721,7.975317255,5.964880421,4.592302228,6.352354602,5.329032928999999,5.504747561,5.522474956,8.867113832000001,6.5907528110000015,6.507133235,6.800523484,5.740095977999999,7.406185446,5.093645396,6.192189162999999,8.915259625,6.5996284260000015,4.876355611,7.700291826,4.729282883,8.10374402,7.900862525,4.798501035,9.502881643,6.3558193439999995,10.15703222,5.173785501,6.023775204,5.607057919,11.81260082,5.963688445,10.15811681,12.28566716,8.039109652,6.540099796,7.459396882999999,5.855647481,10.9414198,9.400767898,4.873090383,7.955180536,7.154021544,8.530785527,9.205398519,6.654334092999999,10.61573847,6.223807817999999,4.984079877,8.658302907000001,8.845010398,5.729027632,10.39317211,5.677960556,8.266654991000001,5.333644673,6.3911105820000005,6.9803231729999995,4.787486341,6.209491732,7.024333399,4.297395205,8.223825741,4.8478685619999995,8.571677907,8.593653518,5.715301015,5.068825034,4.633442227,10.61966661,7.453457812999999,7.140656149,6.97093445,7.260208615,7.546753394,7.272213428,9.927361487999999,5.915485515,6.7759616110000005,7.504203353999999,8.20723043,5.925663064,9.430460295,7.150118544,5.622391264,5.873933438,5.40321451,7.3663816739999985,8.24385629,5.963630869,5.230764403999999,8.815169656,4.554113387,5.234507476,5.853578272000001,4.905725708,6.652484977,5.6131911279999995,6.188277808,9.156976214,7.3393757389999985,9.217475988,9.521987889,8.068837683,8.961029249,5.137709112,7.827721282000001,6.595240702000001,8.701643792999999,7.6206493029999995,5.102454096000001,5.0503787319999995,7.352468977000001,7.31970796,4.497392296,6.380310828,6.968521363,8.342265422999999,5.849118722,5.111583486000001,6.047354365,7.142549653,8.056061785,7.985226346,7.561413009,7.932026229,6.841105353,5.739648572,6.579444341,7.790669164,10.05402075,6.708194617999999,6.707666897,12.88259284,8.896337691,6.735430067999999,8.506715011,11.38016106,10.85026511,4.186892799,4.195903265,5.425789765,6.865439907000001,8.460337557999999,10.02361073,6.972882956,7.600602477000001,7.956536483,5.430982928,4.7224355330000005,6.928363347,8.317453059,9.06905508,5.582457467999999,10.01035868,4.641124507,9.073730449,5.4000748970000005,5.108163072,5.191104289,6.490859531,4.535067358,4.799468658,5.21565277,7.705228121,8.008287232999999,4.631161186,9.352892368,6.767848834,6.751112943,9.467770991,6.6638833360000005,9.887227118,7.363871649,7.921348718,5.673398584,6.030125415,5.083153067,4.752281541,6.710226847,7.77326678,6.7878233020000005,4.937375753,7.959933958,7.2330774920000005,5.349483276,8.15944446,7.091445208,7.465665962,5.987053347000001,5.531227146,4.2803389,5.359874728,10.17560536,6.996796101,5.140682067,11.67054024,5.192275205,10.67891964,5.755719002,6.03052479,5.841208961,5.515385834,4.937422083,4.557994358,5.7312843739999995,5.351612752,4.823666762,5.26137527,6.09215335,4.814450005,6.934794887000001,5.302211618,7.262720718,12.18502645,5.57421987,4.757414936,5.674151859,6.046091121,4.945843374,6.954759475,9.42195583,6.801302777,5.905508697,10.20299823,5.71461562,4.927400405,4.247782337,5.611887126,4.993266098,7.940609151,7.586354696,5.302187857,7.720296323999999,5.9629088889999995,7.055667947000001,5.73662554,5.823461484,4.508680524,7.6951148510000005,8.669527214,10.2959632,5.044319557,4.721300907,7.213716954,5.179530234,11.03814307,5.883863419,8.87248415,6.495107656,6.195447511,5.738216027000001,8.310776005,8.599328468,6.200535062999999,6.258201307,6.950618443,5.741130724,7.76896529,5.717839239,4.5890915130000005,4.980905508999999,5.388798692000001,6.997118209,8.57921821,6.177082048,5.8620252729999995,5.873503082999999,5.24034217,7.008972907,6.192498165,4.577677017,4.252943801,4.1138991030000005,6.8320880000000015,8.703577382,4.874037112,6.760239058,6.533225848,5.6932358039999995,6.253744844,7.03706323,10.25983853,4.882737654,10.62084132,4.9517642969999995,6.021071915,4.826649762,11.28103155,4.41299449,7.685116308,5.15850098,5.825605362,5.430279998,8.698009196000001,5.75298744,8.242090961,7.972641287999999,4.470670375,5.340622309,8.590171955,7.133089469,7.318046402999999,4.488409834,6.785787826,5.779555611,9.195815831,7.154597721,8.098717158,6.654294362000001,7.495057774,4.80063513,8.972442735,5.260232998,5.310305444,7.364486787000001,8.395928992,5.067530411,9.175536486,10.90544646,7.083427358,6.667242398,4.905443562,11.11049275,4.652071871,9.124758647,4.71347533,6.194040526,5.243137512,5.031570643999999,4.876542082,6.322978377,8.373949073,11.59104828,6.632254382999999,4.884810507,8.023811734,8.207719212999999,5.792850527000001,4.455685926,8.112423698999999,7.711585931,8.931185117,6.373120472,5.2871060739999995,6.213943133,7.759552346,6.98281629,6.706640724,4.683255309,5.128560772,5.078741088,5.6765125339999996,6.509895185,7.126634075,7.837170634,6.927865216,5.221287127,6.960422137999999,7.612230017999999,5.543466821,5.626577758,8.871929026,4.795344986,6.6465029929999995,4.87434213,8.977907373999999,5.323429774,4.813148579,4.838174853,5.716323963,5.787499285,9.465791579,5.750666549,5.476872079,5.713769494,4.514437268,9.535887726,8.501953054,5.822959902000001,6.381529966,5.6072266420000005,6.789601998999999,5.8235111129999995,6.97422336,4.503711287,9.835429015,6.5616020760000024,7.832889845,4.2332485160000015,5.119632889,8.332854437,5.237814602,8.596736191,10.32646464,6.1380533370000006,10.38611246,7.532449217000001,4.957474314,6.559659318,6.601814528999999,4.279522167,4.848721739,7.304982884,5.038858142,5.335553956,5.093190122,5.042560684,5.608959337999999,6.2502972560000005,5.8382605629999995,6.859424926,6.074844286,4.534396895,6.357432686,7.664864323,4.73496446,7.191280326,5.661895839,5.558178476,5.545522365,4.667801517,8.02056185,9.145895032,5.371838755,5.081590361,5.126803048,7.157576884,7.009551339,11.14001777,7.892393179,4.140638471,5.440010028,8.157671673,5.308428534,4.311006707,4.727372046,6.716577111,5.160912776,4.27679354,7.928609363,6.1627449,10.81221292,6.486687099,6.068056843,6.254765592999999,5.94569125,7.258381999,6.70292213,5.477756756000002,5.499413515,5.649588,7.249431183,6.63796155,4.892994463,6.221081785,4.965516401,7.6045200920000005,4.718475051,8.339432943,7.1871287420000005,10.36844015,4.663687144,4.407191302,7.056908046,5.5073538960000015,6.031460017000001,4.805583382,10.05797048,6.9008613510000005,10.05910821,7.574598677999999,4.815793153,5.301472562,6.68201473,7.692046697,6.752206158,8.972293605,6.3126495039999995,6.349942712000001,6.0750923839999995,6.966118117000001,7.415323586,7.024747071,4.285155968,6.760142758,4.821927641,4.785199312,5.8342189410000005,7.364182135,5.253810328,4.396997726,7.296336416,5.976381085,5.495276401,6.054973671,5.290796108,5.08693913,7.603922464,4.3784606539999995,5.051759766,4.831896789,9.692998307,6.768773907000001,9.508883331,4.521718374,7.347211202,5.326506708,10.01020368,6.823421727,6.231044279,4.859600391,7.628803549,4.947387968999999,11.45027121,9.148471215,5.971752385,6.5824630410000005,9.648083657,9.861365311,7.693188782999999,6.530833951,7.711625109,5.714374072999999,10.71827971,5.712912604,6.111353546,6.540014322999999,8.098792661000001,8.498264133,5.838782386,8.104023067,9.342506803,10.22074953,4.512715407,5.175920681,5.500514335,4.807062952,8.399995563,4.811367662,9.834121631,8.325662407000001,5.604840514,5.278295156,5.483234293,5.675970883,4.332405501,5.860878832999999,7.844459756,9.000816807,7.049829536,4.990829651,5.809024854,11.48355736,12.35401926,6.222020729,5.078889428,6.2321421070000005,5.304596125,4.2921990889999995,8.024736401,7.169402265,10.38474224,8.514897955,6.287830682,7.741506375,7.109640095,5.437212227000001,4.8253376789999995,4.851641613,5.216800692,6.5891304129999995,6.864094562000001,6.041782744,5.882052375,5.812045366,5.5527202739999995,6.650373871,7.470223797,7.608076466,5.700181477999999,4.3990275919999995,7.936355835,4.275451973,5.165213631,5.688491459,5.681661752999999,6.385702035,6.531408421,5.512922275,8.954396877,4.941941474,5.365509239,5.909331356,4.817531218,6.858964384,4.801862073,10.42399767,9.842162624,5.627400777,5.577043447,5.312259499,5.564459314,7.470536748,8.420973423,4.43900202,4.515231899,7.1403222379999995,8.589988553,5.4375686089999995,6.372567413,8.634132506,7.601223363,4.773986976000001,5.6178517060000015,7.120718373,6.149979276,9.955179196,8.53805366,4.609920273,10.08646783,5.193069979,4.588730792,5.147286684,6.198822389,8.675167529,5.17229103,6.873159516,7.813429687,6.857944292000001,4.848598602,6.315250355,5.125391497,7.631319069,5.36570816,7.222083948,4.928690587,10.82668645,9.820610176,5.219223686,7.29752634,5.155191542,5.101041498,11.38191037,6.235892699,6.496898165,10.19181263,9.382263402000001,6.32172572,6.082549617000001,7.438267907999999,5.015892739,7.284459742999999,8.892904042,4.211289064,7.633417944,6.342581778,7.654326202000001,6.689176201,5.84468593,6.578128714,8.271265306,6.212092875,8.421615601000001,6.704475612,5.860053937000001,6.561846787,4.972138313,8.604386265,5.844510093999999,9.009004666000001,5.178707986,5.973607071,4.975535109,5.199770684,5.023458651,4.834247421000001,4.891177633,5.211937287,6.517828827000001,5.26293959,5.031573542,5.610948098,5.868620394,7.252327216,7.403621621,7.238603104,6.461756502,5.810767909,12.35276978,5.541408504,6.3151550489999995,7.880332049,5.539360137,4.202739674,7.490742278,5.418804495,8.900451896,5.191263496,5.176126593999999,4.440214975,7.426499954,5.835226627000001,6.596074354,7.158037525,5.784657009,5.59810468,12.76021273,6.804429207,4.2592464460000015,12.39878294,7.585810342,5.7252742539999995,4.470577629,5.652147126,6.197222312999999,8.647697435,6.0737942,4.9110382260000005,4.5980900689999995,7.671799339,5.687957872,7.7308845370000006,6.74978863,8.006336713,6.149099541,7.359855382999999,5.455484014,4.87814304,5.938572289,5.743834044,4.834769106,4.557775423,4.680579175,9.466082992,8.209556335,10.00564449,6.370786819,5.830102612,5.653628932,6.847887657999999,7.697493763,4.881147619,5.837840278,5.576284575,5.868408596,4.826802302,7.933755199,13.05510314,4.278280672,5.369699128,7.0904988410000005,4.275852642,8.029749146,9.35610749,10.079569699999999,11.45646043,7.271362661,7.370130876,8.277469422000001,7.266049093999999,5.32130751,6.056291794,7.24792798,4.923133366,6.628814042,6.1657842610000015,9.629544141,7.086143927,5.010085012,5.586225555,4.88632824,5.709199571,4.422834368999999,5.795759549,8.213208682000001,8.294670227000001,5.571625386,5.6521837029999995,8.916332622999999,10.35584199,11.125259300000002,6.390296383,5.8114102370000005,5.88460234,7.238646072000001,9.465921572000001,7.34722503,7.668714232,7.128726914,5.0640574019999995,7.688814953,5.277136076000001,4.619413641,5.621694767,5.307178223,5.1404617969999995,6.576974882000001,8.565427297000001,5.256683442,4.0826850630000004,5.38090456,4.438996714,4.5969684719999995,6.405913684,4.939438255,4.979449106000001,4.535800171,6.843735307999999,5.441062313,8.308413974,5.8186167860000015,7.518170329,5.968909244,6.169793219,5.855428193,9.499262603,6.863795426,4.631623964,8.131341217000001,4.543148683,6.600211423999999,7.940435898,5.775556532,7.683529092000001,8.394134635,7.927514029,8.179972781,8.252602484,4.949076819,5.381786311,4.4054862,8.404972416,10.65424759,6.032857118,7.793597411,7.096681707,7.198454586,5.9265166979999995,4.858502952,6.7988088289999995,4.853091723,5.055310307,6.2023289429999995,6.6449502910000025,6.143696992000001,5.746118878,5.697682746,4.9143639839999995,7.6743544739999985,4.683900817,7.151313805,6.4285475660000015,8.57354933,5.305415473,7.666779149,7.645395255,5.3293203060000005,5.050000743,10.0070238,5.811253557000001,5.39905649,8.469443028999999,4.323826736,6.168958797999999,7.99515265,5.788081802000001,6.086926442999999,7.315467331,8.766183448,6.374714177,7.38735023,4.987772403,4.245595263,5.054827811,4.759431271,9.782397203,5.314878556,6.257479752999999,5.98644646,5.024519273,8.211301548,7.37038097,5.5842546220000004,5.477215084,4.983673433,5.625431721,9.191475785,6.973511866,9.320379373,6.185119498,6.4070175260000015,7.736794887,5.521666217000001,6.14265812,4.912750681,12.87599743,6.124280385,4.3657508310000015,6.954423695,5.335084075,7.160117249,6.743471832999999,7.623071702000001,4.766359205,9.315124804,5.866954666,10.04481733,4.403326458,5.521424777000001,5.165366562,4.955054217,5.010975727,6.7798810739999995,6.3923917260000005,7.658391802000001,11.538755,5.803622219,6.773826484,5.697444031,4.928899152,7.419501222999999,5.41863183,5.944988717999999,5.65174313,7.762742458,6.149573837999999,5.124597249,4.584760145,4.911744961,8.433100021,5.4188866639999995,5.110328629,6.018308311,4.816406419,4.847874492,5.088904298,6.565916818,8.41548011,8.456004228,4.842011724,6.944010124,6.234963235,8.604137573,7.524863048999999,6.283564048,6.284855061,6.3581648479999995,5.207788876,6.325751341,5.8544084629999995,5.081878951,8.99295251,6.2536003220000005,4.344864329,7.730312822999999,7.352574122,4.532647492,6.156972885,7.543682578999999,7.789972931,10.66208289,4.8523660710000005,4.712408478,7.584432427,7.995651153,7.345436302,4.796851636,7.928450939,5.677195959,6.802804748,5.724543411,6.084690129,4.984439514,6.9800262910000015,6.7102230579999995,5.6365190620000005,7.8651558060000015,8.085540952999999,6.025241049,9.798498666,6.34890528,4.870817016,7.362216011,7.7347171,7.518898106,4.642666965,8.067501349,4.330973335,8.98540391,5.891958058999999,7.702395049,7.033504656,7.200616274,4.2692458910000015,6.5417837410000015,7.2424325970000005,6.5839342510000005,4.667454029,4.1742223869999995,5.999786114,9.552568522,5.069357025,6.460936165,7.784144078,5.64260659,6.0284018060000015,7.771164757,5.281442949,5.622487099,6.4775839170000005,5.42652021,8.65060331,10.31984221,7.518429717999999,4.192223376,5.405079023,7.886115697,5.9155244960000015,9.597075588,6.797433361,4.571960206,5.376108602,6.343462242999999,5.169848198,4.585138801,5.954461692000001,4.468619562,7.039031886,5.059485491,5.306888557,6.530313437999999,8.970179099,8.40128126,6.941573633,7.18563397,4.6662562439999995,5.307407773,6.922085605,5.539523419,5.678584312000001,9.190532314,4.923942923999999,6.28655911,8.360531457999999,5.49817788,7.601112818,4.633401208,8.180211106,8.242063225,7.559007382000001,10.02631712,4.8239853319999995,11.33634973,4.450757277,7.184730603999999,6.99373388,4.679198101,4.501435431,10.53835797,7.265492068999999,6.593941015,6.3313409279999995,7.22608955,4.936646214,7.0047182810000015,8.882186738,7.8934109810000015,8.017301045,5.141659801,5.897616827,7.913486685,8.190354427,4.488443072,5.205242128,5.396280399,5.287651477,4.836460961,5.648314506,6.8968971660000005,4.607267712,8.00079713,4.779591492,4.904712153999999,7.964692886,8.161402246,6.595518124,5.565924232,7.757681132,7.152648869,4.800244351,7.59824377,8.04463157,7.329484575,7.4236680339999985,4.683754223999999,4.718589892,8.452718091,7.644813721,5.936192514,8.701875255,9.283387527999999,4.930191703999999,8.714245834,5.329192239,5.070290544,7.395709844,6.641953689,6.782357779,6.449977256,4.806631843,5.131607726,6.57473457,5.112893315,9.337176964,4.38490655,5.092693882,10.36079501,7.117967899,7.3488042,7.635913648,5.795569479,8.193731534,4.147231913,8.469623848,7.0229672039999995,5.1389728880000005,6.0147054760000005,4.951420359,6.2675931579999995,5.696047502000001,6.020162685,5.699590762000001,6.529281532000001,5.895880644,6.522037856,4.4427456780000005,8.34563347,5.116780556,7.401170549,4.336038745,7.174277035,8.896475251,8.005752569,7.893253425,8.954704223,5.6775230310000016,7.656457487000001,4.492467714,8.237502476,6.134863289,9.728680949,11.48644165,6.134233313999999,7.3621297110000015,5.410768462,7.617290661,4.302193157,8.693381453999999,6.074549635,8.198138703,6.799051812,7.734161665,4.832197468,6.32543462,6.005859244,4.398422353,6.133934603999999,5.240999013,5.033590611,5.690621095,13.21519503,6.636512139,6.474432928,10.16680595,7.810163524,6.143929368999999,8.299873426,8.040707043,8.255200519,9.353140243,8.927150166,7.058539013,7.047682204,5.205493788,5.5682692660000015,6.460864554,8.264836079,4.288779562,6.107659462000001,11.48764651,5.390830547999999,8.408040405,5.832637895,5.540725651,5.240529895,6.874343634,6.322936014,9.420483377,9.485606133,7.841871135,7.297705203,6.50380241,4.28136699,5.430531403,7.6011847470000005,8.448449787000001,5.553807837000001,4.486248524,6.587320581,5.575636821,7.285205811,7.465486012,5.211896324,6.242011682,6.35443021,6.1289234839999995,5.491547862999999,7.342542777999999,6.371680875,5.966730962000001,4.770058592,7.152138937999999,5.422649312000001,5.1757379839999995,4.19535706,4.804373988,8.571980762,6.621381307999999,8.517078198,5.910716633,7.6113028310000015,5.7223830389999994,7.893967779,5.995898897000001,7.084932134,5.810774747999999,5.218355911000001,6.3601408410000015,7.75778555,5.932526967,8.719652252000001,4.450349227,6.209337256,4.416661284,5.71741423,7.640525692000001,11.69144448,4.741305551,8.506718457,11.84503583,6.8393669379999995,6.219102542999999,7.119473361,7.035659764,7.004844301,6.078677806,6.698111063,8.330097076,6.3266592379999995,5.847321872,8.920093853,6.497406655,5.784921174,5.325248325,7.015486192999999,4.600195398,7.752756064,12.30377488,5.2564592910000005,6.688457372999999,5.898365605,7.893858312000001,6.299768877999999,6.900171877000001,5.690494581,8.833992531,5.007070488,6.092589244,7.319127707000001,5.694647454,6.715125147999999,6.865285199,4.825225678,8.133291946,7.2264088179999995,5.653849927,5.1934420160000005,5.24112367,5.191392,6.6625348970000005,4.668452234,5.499004612,6.864835848999999,6.703293658,6.575767615,10.16497967,5.435517582,4.736889706,5.692774534,6.650815691,6.2689737,8.366943793999999,6.842782091,6.093950456,7.326577202999999,7.587387647000001,6.035303884,7.03743974,8.233534762,4.929969021000001,5.815729784,8.089148518,9.083728987999999,4.1138491460000015,5.7627681289999995,5.247282166000001,6.063512652000001,6.458983722999999,6.756001165,4.536724746,9.571385101,5.752374457,5.9589224839999995,8.205160591,6.382084084,7.197837034,6.308477826,8.78656277,8.136140703999999,7.22704546,8.615329722,6.005084779,7.428361207999999,7.213394619,8.087155274,5.900203457999999,7.799691507,11.66666354,7.365168177999999,4.76936833,10.15358217,7.063338077999999,8.081797212,6.906332065,7.047562135,6.28002381,5.147766644,5.484111381,5.65396883,7.745063036,7.342799648,5.9723376770000005,6.885963843,4.665853313,5.0109085669999995,10.10485917,5.1298824739999995,8.904445849,5.3188425960000005,4.404855803999999,11.18103516,5.217128536000001,10.32676981,5.348217072,6.59021405,6.230802075,9.633212854,5.721713144,8.091207426,9.10953854,6.460757822000001,7.289850922,7.453560112999999,7.5038059729999995,6.776102196,6.019892845,6.162266186,4.4890272000000015,6.926629985,6.03029751,9.142829082,5.43258978,9.602174247,7.69847601,7.965507016,7.159339827999999,5.993937186,8.089516925,8.627100402,7.4233527289999985,8.09860849,8.707538287,5.363525321,7.752427467,5.02621269,6.257825344,8.035348707,9.513199108,8.186701669,4.433710243999999,5.620776547999999,8.316650183,7.77303898,5.463007336,7.344189419,7.926615512000001,10.0754038,7.283537442999999,5.470395902000001,6.032278985,5.888442341,8.004729328,8.392281495,8.593489672999999,8.216847739,6.05579883,7.595710866,6.064408504,10.5772583,6.687164787,6.8219786870000005,8.126296349,6.075140721,7.469309053,5.49352102,4.221410695,9.994911404,6.779465184,6.5305765,7.575736846,5.296437269,6.793282972,5.41690303,6.429978221,7.18274498,5.4500639920000005,5.7773296610000004,5.235925451,6.463125558,8.044009997,9.750831665,3.813668525,5.327194585,5.677607148,5.80295889,7.957001859,4.774286378999999,5.4176195310000015,4.3989192919999995,7.778565703,5.285286816,5.115507438,6.724929241,8.940066879,4.688644738,7.499636897999999,8.209415577,9.721185902,7.346088615,4.963900962,4.729272601,8.753383232000001,9.064467547000001,8.672297665,10.43141862,9.787400051,6.312865771,4.531141262,4.817968844,6.839937736,7.513470055,5.60518454,7.866808363,7.409916731,7.886421745,8.955224539,5.76346925,6.355621263,5.003200316,7.2236140120000005,4.782486976,6.2495644860000015,4.8486409010000004,4.774844794,6.9150158489999995,6.2033253560000015,6.402384574,5.501861623,7.437465426,8.759435643,6.04335492,5.746477499,5.499408868,5.799347125,10.31266984,9.13979267,8.18821052,8.436744212,6.83506759,6.9717947239999996,7.560502358,5.99506491,6.847714548,7.083516286,5.459077159,4.729058641,5.939721603,7.215446384,6.584527552999999,4.356994459,5.7626992910000014,6.935082446,5.181558036,8.310216543,5.508183667999999,5.8691007520000005,5.003966134,7.363536346,5.343355765,4.658136302,5.161605051,5.595191802,7.9473019,5.265506307,4.601905567,8.190828783999999,4.877626537,8.875576397,10.52609055,5.184767863,6.907940505,11.64608635,6.561937403,6.152277638999999,4.85318027,5.124996586,6.295701276,6.841436067999999,4.628303282,8.490143993,7.136495048,7.41859968,7.461105762000001,5.652620422999999,5.787895391,5.26722979,5.933354487999999,5.2419101139999995,7.063351535,6.364804797000001,6.314391317,11.77763182,4.96730631,4.657118700000002,7.654941459,5.5976801960000016,5.163443879,7.092090568,6.501921224,8.762242937,6.040906531,6.148298317,5.022076135,6.486405897000001,4.837954374,4.747680992,5.94576049,8.723648962,5.362681499,7.245327728999999,4.896304487,4.8379760460000005,5.673755063,4.8143722780000004,6.3137430660000025,5.4014908870000005,4.671976857,7.445772688,5.562936702999999,6.4548756360000015,11.97958911,5.125806347,8.791130653,6.9454689929999995,10.41241936,4.567506245,5.979013052999999,7.627129196,5.661762837,4.091060499,7.650081809,4.403617362,7.259935033,5.658276663,5.95378337,5.486300489,11.7157117,9.660190077000001,8.26458148,4.814227064,5.066078824,4.695779097,7.621553221,7.332826594,5.244256871,5.808171912000001,5.472628328,5.55935224,7.065792626,7.277646752000001,7.910727972999999,7.799284366,5.868750981,4.533591041,4.972952801,7.1970055529999994,10.98580626,4.858129371,10.85395359,6.062675536,8.663069079,9.584510104,4.902074686000001,4.456365186,5.814802365,10.8241601,6.876624085,7.188207679,9.382954968,6.612529229,10.06041324,8.736623981000001,7.081773909,4.615108329,5.995807523,5.883411578,5.381985082999999,6.474756826,7.677903896,7.665033519,8.065169476,4.759017781,6.095671727,7.656070817000001,7.493033617,6.335237327000001,4.545925874,5.686782148,8.643203192,4.9845795310000005,6.811395724,6.5397068439999995,7.226026192000001,6.220683206,7.851845742,7.052497671,4.484326248,7.3682477870000005,6.187343987999999,6.309843666,7.58426668,4.861834428,8.492099995,6.088702645,7.388763235,6.084548912000001,6.123415672,9.372983955,5.43351962,8.123205061,11.02594967,11.39404578,5.6874612010000005,8.41435956,4.620039026000001,10.23183988,5.479793428,6.997814099,5.779665499,5.7198054339999995,5.98121755,7.7109069020000005,11.26316763,6.413175829,5.64978486,4.620610299,7.52267597,9.490254764,7.936595588999999,6.521325813,6.568856212000001,4.978258853,7.895731396,5.5931899210000005,7.174714974,5.7967458610000016,6.665669554,6.195678035,8.857582969,10.42372451,6.191813123999999,4.890693303,4.0
28,11.50149206,6.442371492,10.06803335,6.963142909,6.355185272000001,4.505605357,8.708670106,5.215859324,4.516068508,6.00094258,4.570771944,10.72197403,5.686403123,11.15289902,6.80146911,7.280425217,9.264126575,6.315970509,4.7461321960000005,8.968372459,4.4031022580000005,7.055727082000001,8.201784479,8.276174758,6.6878140010000005,5.099945352,6.4025454029999995,6.8619766910000015,5.327775238,5.086924109,9.169905676,6.332520677000001,7.255834097,5.15407988,7.7251166960000015,7.1945858560000016,6.3680700660000005,4.852083966,6.030109086,5.0859527060000005,9.090945526,6.182953304,6.46408533,7.3724780339999985,7.443572777999999,7.562455722,5.632205614,9.458288917,6.107286892,7.180064599,4.70077951,6.180118491,6.342723522000001,9.207647722,4.3220868260000005,5.5820590060000015,4.638904575,9.564482411,4.479225634,5.486773769,6.080817861,5.36516649,8.492506169,6.912919058,6.338581211,8.250269444,6.463140937,7.087047044,7.3940686960000015,7.831392153999999,6.335388312999999,13.5181696,8.005862952000001,4.417853148,6.8746792889999995,4.738113684,5.035287448,6.635549515,4.650025679,6.81094212,7.3732038310000005,6.413856415,8.638084422,9.042507137000001,5.273553656,5.664064442999999,7.488676497999999,4.9273997419999995,5.407971438,8.560319865,5.330746971,6.998517367000001,5.24807257,8.531623349,7.795500189,6.114101886,10.23013373,4.389235505,4.317163208,7.0484042879999995,5.454337732000001,6.0064216020000005,6.4053457210000015,8.564987106,7.452004938,9.153700446,9.57436994,4.767665404,5.0284764000000015,7.1580560470000005,4.9751590939999994,5.126707822,4.796996409,6.735165042999999,5.935333825,9.052949647,4.32670593,5.290257243,5.880046843,6.875871997000001,10.854647199999999,8.629766072,5.741546848,8.742215148,7.780149285,5.2821427739999995,4.973961296000001,5.456137135,4.676784881000001,7.379573947999999,5.443773075,10.96838826,6.546830569,6.58209914,5.835749924,8.040748607000001,6.532607877,4.731770722,6.287236872,5.3135597510000006,4.372232695,4.589372707,9.914731286,9.148258279,5.644284422999999,6.348863904,4.936908325,6.065469641,10.26790921,4.728262443,6.9791131360000005,4.731528248,7.200273342999999,5.525224796,8.73827955,6.63257591,5.736863747999999,6.193571929,7.708140667,5.346744183999999,9.101556646,4.770013274,6.886826602,6.292550022,6.777024409,4.7640755619999995,8.893178767,6.802069413,8.907980371,4.965191657,4.35156473,5.958083646,7.25387529,9.170295199,8.207702661,8.34902625,8.033019292999999,9.792479002,7.6076755060000005,4.580852244,5.576925352999999,4.432778325,5.21360975,4.557041882,4.396621081,9.955099639,9.25701749,7.689693802000001,7.15825626,6.037861945,5.155064684,6.463150015,7.0963414160000005,7.4351252510000005,6.205401942000001,6.486973405,7.81797012,8.750490682,6.242774596,5.575816372999999,8.151872376,8.859764105,7.5742523760000005,9.452456485,6.214428539,6.935434267000001,5.637472746,8.262827551,4.736596797,5.449053957,5.088603815,9.873359407,5.9408638210000015,5.816516943,6.2151221670000005,9.254887091,6.333001498,5.873113525,6.279914262,5.8423294110000015,7.321422592999999,8.551113701,6.497064924,6.941721338,4.502733147,11.15365941,5.6392328,7.131342328,5.480434799999999,5.870379436,6.156483795,10.03350703,5.0859636969999995,5.353907635,11.35395009,5.3847811839999995,6.161352357999999,4.850398866,5.281831766,7.98134041,5.848019184,4.254925335,8.836448303,7.383963457,5.531576804,6.8135084610000005,5.430313792000001,4.652612597,6.2297097820000005,4.926018202,5.735378008,4.925996222,6.71879443,4.73094431,9.879670747,7.67250849,10.36222301,5.799352482000001,6.3073298829999995,9.14176897,5.646238632,6.867631255,5.066943491,5.269260018,4.656442299999998,7.515971531,5.3691125689999994,6.873610404,6.212164821,6.918278269,7.1180385510000015,4.668945893,7.053280387999999,6.95825291,7.809522096,6.511460258,8.429819001,7.0283960999999975,4.482832818,8.180887468,11.56632956,8.401735942,8.617592396000001,7.52255705,4.381808875,7.4321755629999995,5.779905319,4.91761119,5.50538799,5.851914086,6.664978773,6.666931131,9.28747002,10.63615461,4.965512438999999,7.38189164,6.971159806,5.0145074119999995,6.285051645,8.891757899,5.930476106,5.6066843429999995,9.721787048,5.862713192,7.796469302999999,6.919588462999999,7.455708127,4.7159481219999995,6.921718477000001,4.920637311,4.43064762,5.77188515,6.41641135,6.7577459410000005,4.677197275,7.604141019,7.015955397000001,9.768861845,6.822428426,7.3812923779999995,6.175912899,5.272539419,5.972877177999999,4.628634701,7.85747222,4.677607076,6.731795485,10.385073,8.393103538,5.046282286,6.899490806,5.764388783999999,4.830382449,6.131059483,11.62638356,6.986157612,6.201104777,7.840455771,8.595916075,8.1596453,4.320360882,7.539984349,7.735142194,5.405552861,6.64350281,7.077242565,4.702353014,7.499452923,5.5716171160000005,8.167678421,5.09188012,6.280016149,4.673708582,6.040137232999999,7.7412463670000005,7.398333918,8.760252202,5.736360539,7.722674279,8.952642838,5.054043426000001,10.27555551,8.508830226,4.594475587,4.959274703999999,5.419809435,8.130212756,5.424384506,8.207199825,5.159400717,6.0044885279999995,4.9844395630000005,6.602749149,5.725360734,5.392266001,9.639912936,8.518327482,6.034278314,8.479845527,8.505095942,7.3506679,5.654903653,6.3100328889999995,4.517108428999999,4.862970081,8.765548638,6.239062075,7.874146979,5.206580257,7.698496987,5.923440667,6.262111708,8.554487137999999,8.978221469,6.516017941,6.992607146,8.038289322999999,6.511164832,6.820190116,6.199315937000001,5.264528017,9.226419169,6.873461868,5.724435119,6.196317231,6.1732865110000015,4.685959639,6.89612314,5.5803443470000005,8.029406892999999,10.82099309,4.26431945,7.753742904,4.842169406,5.886866531,5.529670061,6.314380907,5.518627996,5.337513745,8.730809927000001,6.606106575,4.66008699,5.664551311,10.439303500000001,6.021911433,7.941893792,6.420154256,5.092464181,8.090246118,5.415750967,10.39802045,7.6181913,4.316782454,5.7515813179999995,11.63373314,8.098534772,6.424526056,7.0022076160000015,6.2180518739999995,8.946694328,5.549040442000001,4.785903966,6.468842968,5.647339016,8.773264314,6.089321832,5.1168363889999995,7.991553841,7.494752684,5.121722231000001,4.81519485,6.52027907,5.118722662,5.994238788,4.630387717,4.911844295,7.759447618999999,6.876955646,4.917988200000001,7.200370982999999,8.15957021,7.996568055,5.034626225,8.847838932,6.4970241060000005,5.37073751,6.402874167999999,5.052630738,7.390427669,5.598747313,8.114011657,5.511852782,4.897979253,5.507905119,4.536293378,4.875413443,4.290743096,6.461321272999999,6.715975808,7.2153369760000015,5.755598452999999,7.47280029,11.02730793,5.443701507999999,4.6127299289999995,6.861131134,7.583613467999999,4.652456265,6.9293406210000015,4.732947578,6.958004777,8.29403347,4.90748459,7.481996745,9.091452775,8.204906614,5.741285284,8.802906869,6.428653317,8.368052882999999,8.492165179,5.248801922,5.863990518,5.639136412,5.862467633,4.882989067,7.114008457000001,8.082603092000001,4.690814377,7.285857315,7.320758047000001,5.4627725929999995,5.00460421,6.180513027999999,6.954288654,6.06538784,8.113059577000001,7.730653266,7.4893468410000015,5.74437226,5.208793355,7.245645597,9.412565927000001,6.130252785,6.471244032,8.316313206,5.687845633999999,6.9516435770000005,6.159203784,5.51544592,5.319563626,8.432106688,7.07083247,7.640022632999999,6.784477229,6.128621085,6.728392949,8.112246432000001,5.449545027,6.7326107639999995,4.926277385,7.443092495,7.377849677,8.045419546,5.769309223,9.266944661,6.4884140860000015,5.212826134,6.035814003,7.7146268870000005,7.195582722,6.680828914,8.43331268,6.8359341910000015,6.872657203999999,6.185372178,6.020043544,7.048924332,6.439546226,8.900956033,6.317324022999999,10.20504472,5.381582572999999,5.393992398,5.566302514,10.06964081,7.507132493999999,6.301476125,6.616266115,4.572022598,7.782885019,6.138979802000001,5.85502014,5.240553382,5.706342867999999,7.973275611,9.259936745,9.216038679,6.867657446,8.311252084,6.868651367000001,7.3593069710000005,7.3534335870000005,6.916516764,7.78015881,5.786803711,7.798265936,8.533321373,9.021019512,8.617996527999999,6.5855388989999994,4.661497348,4.601253648999999,5.132001679,7.545107729,9.352492796,7.670480082999999,6.036228106,6.857401229,6.393015501,7.4082506760000015,9.379424159,12.32992484,4.823402232,12.81585995,4.925324033,5.7320245089999995,5.561082711,4.526467321,6.296002155,8.241074441,4.423739797,4.341388545,6.784552929,9.769910333,7.593538708,7.525699899,8.787406464,8.983043647999999,5.6552837270000005,5.775140801,7.03544428,6.814657762,7.953558554,6.071206987,7.544465934,6.108396282999999,4.477864555,6.101232988,5.757462478,5.6018965010000015,8.145411332,7.8692976660000005,5.454809909,6.5911395729999995,5.542561347,4.607433326000001,4.697766051,5.043430254,4.36194964,4.786052767,4.716666741,4.810935013,4.916650177,8.926447154,8.624608300000002,5.061354205,6.11046741,5.687936016,4.832727126,4.7068470719999995,5.574318664,7.518359977999999,6.902908213,9.783735115,5.363832816,5.97688963,5.141545503,4.705465579,5.267913254,6.723613137999999,6.564454745,4.962264526,7.937933528999999,5.494424146,9.441531392,5.171516071,6.368912965,4.768977945,4.592269858,5.377686762000001,4.728898031,6.766877631,5.039417578,7.680947374,9.382871158,4.364108596,4.985862256,6.101112595,6.211260066,7.443231093,5.407194324,8.624577894,6.858240706,10.13089679,7.502348725,8.343720004,8.96259621,8.097994906,8.44714149,6.617412926,7.892730356,6.7924410810000015,7.215989645,5.965638642,4.562670778999999,6.515265858999999,7.490217031,4.890064016,5.50307157,5.418014192,5.9805856,4.739157045,5.11431957,7.890329705,8.855776118,7.694793318999999,6.633601893,6.8340253529999995,6.174919383,4.739932348,5.714116882999999,4.865162686000001,4.76342044,8.842475775,4.365342534,4.795490706,9.498292937,7.0478048960000015,6.10117245,4.403795579,6.893625925,4.4118517289999994,6.812062731,5.24057934,7.280950301,7.279883672,8.655320846,6.575390835,5.2931145939999995,4.655549527,7.637765495,7.313104768,6.995355601,4.9202716419999994,7.775431281,7.486675139,8.948615102,7.476625594,6.359928742,8.479946768,5.641710955,5.382061124,5.605229659,5.4266708679999995,9.268021422,9.233436613,6.296072915,4.665310839,4.769654473,7.741264094,7.295070475,8.694152005,4.703188514,4.73137228,8.302395982,9.589908413,5.02483017,7.8751290260000015,9.554254401,7.996915411,5.073759293999999,4.996063821,6.028797129,6.718370799,6.520389487,4.804730512,7.009454946,5.69158257,7.614257169,9.43343236,6.2694017460000016,5.685989747000001,5.189859342,4.318528115,6.205628982,6.864317047,4.977732468999999,6.801875676,6.379296404,7.465328396,10.68098878,10.20422249,11.03713673,8.575320878,7.2375769389999975,11.12521411,9.452257348,8.447606115,7.068338011,5.531425389,6.29291329,8.751102793,6.148215037999999,7.820360544,4.983576857,5.395988377,7.143778747000001,8.807778597,4.44578936,6.9422162279999995,8.046113507000001,8.185623235,4.479437112,5.429372829,5.225641677,5.40635653,9.904297866,4.760438996,13.21365963,14.04399296,6.179690399,7.317390355,7.654732461,9.276246399,9.927301976,9.095603859,6.906418691,6.636219003,5.777721504,8.03905262,5.199403117,7.1911385060000015,9.110071831,5.713084212,4.755315989,8.192638067,7.307062595,8.916503766,10.500537699999999,5.277852091000001,9.670309726000001,6.59853266,6.865779507,8.763052978,6.212970972999999,5.726540881,6.4830062029999995,9.188995015,7.024908383,4.444937755,6.8087699829999995,6.912405784,13.03482453,7.6772387029999996,6.523648737,7.318174152999999,5.559040573,6.5103868060000005,5.146776313999999,8.453039052000001,7.927180521,10.63755358,8.27583208,5.928761242999999,8.298536544,5.708766175,8.224036112,9.299234846000001,5.93555323,6.379356809,6.066986377,7.307184427999999,6.945203962999999,6.199280129,5.363093172,7.007375679,6.605539922,9.118548002,7.505895602000001,5.893262593999999,5.17024385,5.630679413999999,9.398298573,7.3857299770000004,5.560797935,4.731213039,5.066541125,9.228349003,9.309733629,5.019317625,7.716850031,6.519214325,12.83227933,4.870987565,6.790473669,7.168289328999999,4.845528261,6.578078577,7.015386017000001,7.529372865,9.203012141,5.484610617,9.473441216,5.324563533,5.732609931,8.336984847,4.924556245,5.916140738999999,7.322960307000001,5.076560008,8.909155152,9.148088334,6.845693193,8.585230357999999,5.064816158999999,11.93149863,5.624558396,6.566565825,4.471495029,6.3211837110000015,8.073890824,4.828403741,5.788047626,9.157879863,7.1412064179999994,8.603444676,4.372123707,5.9176570889999995,8.094267894,10.06853187,5.318289878,7.783592089,6.623214377,5.072958995,6.9369175310000015,7.467304247,7.628553847,12.04691509,6.407246455,5.984853556,4.769200289,9.24079399,8.643519688,8.393519035,5.723229633,5.536520601,6.126867283999999,7.336186783,5.053818764,4.853436576,5.123748687,5.627458017,7.2356939160000024,5.439165781,4.887526853,6.009773751,7.596793203,14.02962029,5.838318323999999,5.863296922999999,6.301831883999999,6.731944745,5.17387308,4.835868541,6.183070763,6.08954038,5.93455281,5.4458257439999995,6.74320556,5.611829361,7.418318977999999,8.165669609,5.714627999,12.50580816,5.603057636,5.294750402,8.520960934,6.8092225410000005,4.950667775,6.002745362000001,4.484269885,6.237674939,5.0761826480000005,6.018643624,5.978812415,7.604349087,7.111170129,7.87325726,7.658372657999999,5.0209045969999995,4.17489039,8.439847839,7.421242446,5.354989235,7.375963262999999,6.190145287999999,11.26120273,10.7500283,8.795989335,7.997413855,5.619281189,6.487996552,9.515781328,5.43954116,5.452216445,6.154555443,5.224540115,5.395071102999999,6.787386457,7.975265396,7.413251548,6.7197630660000005,6.443936817999999,6.031281456,6.498953908,6.593576112,6.675671212,7.841119326,5.419690623999999,9.362507968,7.161481741,6.429778861,9.347164662,5.6808227229999995,6.6371404689999975,6.931560366,6.551670495,6.257415394,5.162116518,9.980327603,6.874553822999999,4.837028045,7.127014,6.4717973639999995,8.435752102,4.613670225,5.345079833,6.733900498,8.161269613,7.7485334639999985,8.492169164,7.309976377000001,6.342043971,5.103586048,4.91406744,4.652400275,11.32268758,4.812456313999999,8.670946212,7.169802344,6.265072977000001,4.6556931939999995,11.01649095,5.880747653999999,7.45823126,7.209433763,5.761698047,5.894761114,6.492072221,4.626298574,4.7687151960000005,7.484842939,5.83456608,6.90915846,5.057366238,6.690069414,8.280477355,6.32452735,8.600904819,10.62871395,9.094848205,7.233059582,9.621776987,11.02367792,6.349988569,4.797932459,6.528808996,5.386894357999999,6.662483094,6.001574205,8.714568658,6.356030538,7.433460137000001,6.5352050120000005,5.618376026,4.624338012,5.153025703,7.233646498,8.161926882000001,7.181744817,7.236297828,5.42748054,5.2267540619999995,6.482587499,4.819385476,6.534103375,6.6107444310000005,10.22120325,10.68831166,4.385573681,4.83398048,6.5008605610000005,7.0902443239999995,4.7568136889999995,4.080157915,7.65801647,7.982765316,5.776629647999999,4.419595289,5.049290114,7.001724227,6.991261278,5.513399188999999,6.277013854,6.747357121,4.9347583760000004,6.409848909,5.546247567999999,6.046290567000001,7.235040406,5.320747449,5.331262357,5.855207900000001,6.069988502999999,5.63318545,6.142360981,7.582832517999999,4.179136109,9.187360894,4.544650561,6.877137817,6.455489012,6.777285158,5.595771653,5.071100004,4.684647518999999,5.081060894,5.683690829,6.200430451,7.556824983999999,5.8800395420000005,11.32584034,5.6736500360000015,7.232424162,4.549951302,5.8264697010000015,4.4195598480000005,5.662846947,5.574215952,6.079310808,7.626620827999999,4.472888028,5.523273652,4.559197562,7.744768485,6.476417975,7.580464434,11.72005118,5.039351295,6.888086932999999,10.16318109,9.015902407999999,8.369266742999999,5.502208249,7.1180161779999995,4.270002957,4.754453235,4.8120005919999995,4.833651855,5.011228498,6.846926064,9.430013621,5.882321717000001,6.203535717,9.670787504,5.991879869,8.920904725,6.156220374,8.401487833,8.498269192,5.944929012999999,9.169280378,6.6023793410000025,5.481843021,7.051380282,5.04308136,7.082828115,6.5834618670000005,8.331862875,7.37458871,7.1469545010000015,6.183583425,4.690889258,8.01294946,8.281929478,5.095416717,4.50007232,5.671099661,5.90459141,6.3566702070000005,6.40454729,6.232235652000001,10.34111891,6.996944587000001,6.357638661,6.8146911160000005,8.420214054,11.21232426,5.038693776000001,8.520566079,6.3728554860000015,8.411834942999999,6.621232572,9.15270772,7.500624264,7.808656487,6.979945505,10.85421122,7.455185822000001,9.439064287999999,4.78873767,5.801973345,4.400920199,7.389273997999999,7.127506704,5.89929377,5.278060003,8.816160423,6.948438218,6.554532152999999,6.9585323510000014,5.030501297,11.67444482,5.226900951,5.8356833539999995,6.727651132999999,6.566038467,9.261484087000001,7.0150715429999995,4.845426455,6.136494839,5.557294203,8.663802056,5.4197096610000015,4.889084421000001,7.148251639,5.5077537439999995,5.832792535,6.235935143,9.456177027,10.01793514,6.336572469,8.07882122,7.961308886,7.445081355,7.9544903310000015,8.159837179,6.985993102,8.131133944,6.660265159,6.244805363999999,6.354548382000001,4.772672957,7.851425495,9.542031465,5.2194299719999995,6.237651082,4.947507002,8.806589153,8.059403468,6.42034102,5.795186974,4.338912288,5.415177987000001,6.782258268,9.116970081,4.966776539,7.044816497,4.986509661,9.053853596,5.895589396,5.991793907999999,6.042977658,4.481059073,6.623644989,5.514584585,5.43472652,5.2427079569999995,6.480078224,4.68838615,7.205595849,5.608079851,5.503405017,10.75443658,6.7134948539999995,4.571875889,6.1686804429999995,9.26683013,5.296298232,8.590900357999999,8.23949559,4.409564135,6.310945727999999,5.8850238820000005,5.683750087000001,5.565222979,4.628767346,4.965162523,6.207749691,4.945533675,6.598754351,7.8599599829999995,6.585936969,7.152433292,10.02104073,5.258338339,5.101417553,7.036263138,5.6321632410000015,5.435419232,5.7670152360000015,4.453184329,4.39048111,8.678369352999999,6.330902846,8.496664682999999,12.42436045,4.649332288,8.949945537,6.066196428,7.659033513,5.015230177,4.473461808,5.934610738,11.75389531,10.28287406,8.241815195,7.642977228999999,5.384706785,4.800696805,5.6934121289999995,7.146392682999999,9.27825604,7.391407282,7.8515819539999985,5.352170056,7.666940941,5.925187386,5.234207103,6.070877384,7.223431729,7.430760542000001,6.292402474,6.868660067,7.4539144020000005,6.755660764,5.650305792999999,5.784142472,8.173094669,8.350628922,9.110551561,9.700618301,8.152270137,10.34390032,9.039385084,8.721870337999999,7.722797944,7.8940285060000015,6.160600095,10.1354179,4.5927438789999995,8.397391916,6.359273815,4.599267258999999,8.852459352999999,6.464309338,11.46950154,4.410319843,6.557592333,5.867686394,6.317478799,6.191466613999999,8.264289672,8.565379549,7.477648855,4.45900713,8.209666198999999,4.39694642,8.025518111,5.0258323030000005,5.745312825,5.788978329,5.9256659,9.738111053999999,4.965269097,5.671604637000001,6.849007643999999,5.075390683,7.025691972000001,7.63823544,8.794794605,7.757427957000001,4.25756135,8.001998958,8.4673428,5.545366771,5.430048861,5.081945056,6.7635388270000005,6.607678074,8.530615762,4.75945937,8.960919192,7.357237483,5.734780957999999,6.390436782,7.730890692000001,6.6322624029999995,6.064386344,7.828095789,6.915756332000001,9.561036247999999,7.214998262000001,4.213195995,6.976694424,7.3445813829999995,5.497170497000001,5.263750407,8.618324756,5.344809791,5.206727955,8.801316992,8.018918845,7.218036427,8.070646434,9.309106153,5.688104196,5.378473604,9.970358535,9.133457669,5.615039756,4.419277211,5.152739858,5.172570169,5.226703387,7.454058527999999,7.997499737999999,8.844225514,7.031468384,6.815699045,6.77050034,10.55605107,7.393180911,4.80839369,6.285792185,7.479713844,4.602375996,11.84205461,6.137253969,9.600338706,7.588042084,9.116003033,7.550573327,8.002077486000001,9.280823095,5.988699774,5.285961267,6.4497729889999995,4.353819967,7.988503121,7.475606252,7.731964558,5.589297771,11.59139887,7.75559663,8.042798067,8.914109391,5.869647109,5.68186873,5.316514767,7.148199475,5.303254587,5.4856167760000005,6.399044879,7.81640383,7.304098346,7.279991017,6.705962726,5.593935815,4.82543522,5.175130687,5.6743351539999995,6.341053401,5.521433131,4.40135156,4.069840226,5.123659151,5.204267627,5.20970514,4.5908152069999995,5.617032772000001,7.337480802999999,5.8054454060000005,6.587648637000001,5.86296469,6.939654831,4.679658979,11.06966639,9.449557636,4.738270834,5.947991742999999,7.146481735,5.309210537,8.583365642999999,4.503651921,5.319668359,9.549887353999999,6.449545218,8.202031538,5.657760306,5.495874954,6.685027737,5.846460757000001,4.202334414,4.487399872,6.972912332000001,5.34434333,7.880836211,4.74110038,6.654581385,6.494159302000001,6.809439555,4.5645960169999995,5.434073385,9.99087645,8.493274187,5.550620285,6.986556462,6.337767303,7.243800221,5.8081631960000015,5.993970751,6.648063336,6.334177057000001,9.70534655,9.489948803999999,9.636475916,7.16746605,7.852614847999999,5.111675853,7.095071462999999,4.714591915,7.9991337520000005,7.18985853,6.204063493,7.0865880039999976,8.557742637999999,7.589957711,5.140520334,5.269688013000001,4.894119305,6.1846715360000015,9.594429017000001,9.906965092,4.819320929,5.6991621939999995,5.950962264,7.938442961,5.928869547000001,6.4666592760000015,11.01853087,5.143335378,7.861375568,6.698545633999999,5.337513133,7.008840137000001,4.590784438,5.942874463,5.843490137000001,5.227557904,5.414295813,5.247775798,8.968411338,11.36114321,5.656069402999999,4.268572173,4.737791057,9.919117421000001,8.519279739,7.774070921,6.6662155510000005,4.490582871,4.272440233999999,7.4005141939999985,7.003357882,6.984655589,4.90135603,4.7369939169999995,6.596541002,4.617412683,4.918217567,5.086070095,8.586066801,9.074621302999999,5.068056102,5.84177145,6.811170721,7.975317255,5.964880421,4.592302228,6.352354602,5.329032928999999,5.504747561,5.522474956,8.867113832000001,6.5907528110000015,6.507133235,6.800523484,5.740095977999999,7.406185446,5.093645396,6.192189162999999,8.915259625,6.5996284260000015,4.876355611,7.700291826,4.729282883,8.10374402,7.900862525,4.798501035,9.502881643,6.3558193439999995,10.15703222,5.173785501,6.023775204,5.607057919,11.81260082,5.963688445,10.15811681,12.28566716,8.039109652,6.540099796,7.459396882999999,5.855647481,10.9414198,9.400767898,4.873090383,7.955180536,7.154021544,8.530785527,9.205398519,6.654334092999999,10.61573847,6.223807817999999,4.984079877,8.658302907000001,8.845010398,5.729027632,10.39317211,5.677960556,8.266654991000001,5.333644673,6.3911105820000005,6.9803231729999995,4.787486341,6.209491732,7.024333399,4.297395205,8.223825741,4.8478685619999995,8.571677907,8.593653518,5.715301015,5.068825034,4.633442227,10.61966661,7.453457812999999,7.140656149,6.97093445,7.260208615,7.546753394,7.272213428,9.927361487999999,5.915485515,6.7759616110000005,7.504203353999999,8.20723043,5.925663064,9.430460295,7.150118544,5.622391264,5.873933438,5.40321451,7.3663816739999985,8.24385629,5.963630869,5.230764403999999,8.815169656,4.554113387,5.234507476,5.853578272000001,4.905725708,6.652484977,5.6131911279999995,6.188277808,9.156976214,7.3393757389999985,9.217475988,9.521987889,8.068837683,8.961029249,5.137709112,7.827721282000001,6.595240702000001,8.701643792999999,7.6206493029999995,5.102454096000001,5.0503787319999995,7.352468977000001,7.31970796,4.497392296,6.380310828,6.968521363,8.342265422999999,5.849118722,5.111583486000001,6.047354365,7.142549653,8.056061785,7.985226346,7.561413009,7.932026229,6.841105353,5.739648572,6.579444341,7.790669164,10.05402075,6.708194617999999,6.707666897,12.88259284,8.896337691,6.735430067999999,8.506715011,11.38016106,10.85026511,4.186892799,4.195903265,5.425789765,6.865439907000001,8.460337557999999,10.02361073,6.972882956,7.600602477000001,7.956536483,5.430982928,4.7224355330000005,6.928363347,8.317453059,9.06905508,5.582457467999999,10.01035868,4.641124507,9.073730449,5.4000748970000005,5.108163072,5.191104289,6.490859531,4.535067358,4.799468658,5.21565277,7.705228121,8.008287232999999,4.631161186,9.352892368,6.767848834,6.751112943,9.467770991,6.6638833360000005,9.887227118,7.363871649,7.921348718,5.673398584,6.030125415,5.083153067,4.752281541,6.710226847,7.77326678,6.7878233020000005,4.937375753,7.959933958,7.2330774920000005,5.349483276,8.15944446,7.091445208,7.465665962,5.987053347000001,5.531227146,4.2803389,5.359874728,10.17560536,6.996796101,5.140682067,11.67054024,5.192275205,10.67891964,5.755719002,6.03052479,5.841208961,5.515385834,4.937422083,4.557994358,5.7312843739999995,5.351612752,4.823666762,5.26137527,6.09215335,4.814450005,6.934794887000001,5.302211618,7.262720718,12.18502645,5.57421987,4.757414936,5.674151859,6.046091121,4.945843374,6.954759475,9.42195583,6.801302777,5.905508697,10.20299823,5.71461562,4.927400405,4.247782337,5.611887126,4.993266098,7.940609151,7.586354696,5.302187857,7.720296323999999,5.9629088889999995,7.055667947000001,5.73662554,5.823461484,4.508680524,7.6951148510000005,8.669527214,10.2959632,5.044319557,4.721300907,7.213716954,5.179530234,11.03814307,5.883863419,8.87248415,6.495107656,6.195447511,5.738216027000001,8.310776005,8.599328468,6.200535062999999,6.258201307,6.950618443,5.741130724,7.76896529,5.717839239,4.5890915130000005,4.980905508999999,5.388798692000001,6.997118209,8.57921821,6.177082048,5.8620252729999995,5.873503082999999,5.24034217,7.008972907,6.192498165,4.577677017,4.252943801,4.1138991030000005,6.8320880000000015,8.703577382,4.874037112,6.760239058,6.533225848,5.6932358039999995,6.253744844,7.03706323,10.25983853,4.882737654,10.62084132,4.9517642969999995,6.021071915,4.826649762,11.28103155,4.41299449,7.685116308,5.15850098,5.825605362,5.430279998,8.698009196000001,5.75298744,8.242090961,7.972641287999999,4.470670375,5.340622309,8.590171955,7.133089469,7.318046402999999,4.488409834,6.785787826,5.779555611,9.195815831,7.154597721,8.098717158,6.654294362000001,7.495057774,4.80063513,8.972442735,5.260232998,5.310305444,7.364486787000001,8.395928992,5.067530411,9.175536486,10.90544646,7.083427358,6.667242398,4.905443562,11.11049275,4.652071871,9.124758647,4.71347533,6.194040526,5.243137512,5.031570643999999,4.876542082,6.322978377,8.373949073,11.59104828,6.632254382999999,4.884810507,8.023811734,8.207719212999999,5.792850527000001,4.455685926,8.112423698999999,7.711585931,8.931185117,6.373120472,5.2871060739999995,6.213943133,7.759552346,6.98281629,6.706640724,4.683255309,5.128560772,5.078741088,5.6765125339999996,6.509895185,7.126634075,7.837170634,6.927865216,5.221287127,6.960422137999999,7.612230017999999,5.543466821,5.626577758,8.871929026,4.795344986,6.6465029929999995,4.87434213,8.977907373999999,5.323429774,4.813148579,4.838174853,5.716323963,5.787499285,9.465791579,5.750666549,5.476872079,5.713769494,4.514437268,9.535887726,8.501953054,5.822959902000001,6.381529966,5.6072266420000005,6.789601998999999,5.8235111129999995,6.97422336,4.503711287,9.835429015,6.5616020760000024,7.832889845,4.2332485160000015,5.119632889,8.332854437,5.237814602,8.596736191,10.32646464,6.1380533370000006,10.38611246,7.532449217000001,4.957474314,6.559659318,6.601814528999999,4.279522167,4.848721739,7.304982884,5.038858142,5.335553956,5.093190122,5.042560684,5.608959337999999,6.2502972560000005,5.8382605629999995,6.859424926,6.074844286,4.534396895,6.357432686,7.664864323,4.73496446,7.191280326,5.661895839,5.558178476,5.545522365,4.667801517,8.02056185,9.145895032,5.371838755,5.081590361,5.126803048,7.157576884,7.009551339,11.14001777,7.892393179,4.140638471,5.440010028,8.157671673,5.308428534,4.311006707,4.727372046,6.716577111,5.160912776,4.27679354,7.928609363,6.1627449,10.81221292,6.486687099,6.068056843,6.254765592999999,5.94569125,7.258381999,6.70292213,5.477756756000002,5.499413515,5.649588,7.249431183,6.63796155,4.892994463,6.221081785,4.965516401,7.6045200920000005,4.718475051,8.339432943,7.1871287420000005,10.36844015,4.663687144,4.407191302,7.056908046,5.5073538960000015,6.031460017000001,4.805583382,10.05797048,6.9008613510000005,10.05910821,7.574598677999999,4.815793153,5.301472562,6.68201473,7.692046697,6.752206158,8.972293605,6.3126495039999995,6.349942712000001,6.0750923839999995,6.966118117000001,7.415323586,7.024747071,4.285155968,6.760142758,4.821927641,4.785199312,5.8342189410000005,7.364182135,5.253810328,4.396997726,7.296336416,5.976381085,5.495276401,6.054973671,5.290796108,5.08693913,7.603922464,4.3784606539999995,5.051759766,4.831896789,9.692998307,6.768773907000001,9.508883331,4.521718374,7.347211202,5.326506708,10.01020368,6.823421727,6.231044279,4.859600391,7.628803549,4.947387968999999,11.45027121,9.148471215,5.971752385,6.5824630410000005,9.648083657,9.861365311,7.693188782999999,6.530833951,7.711625109,5.714374072999999,10.71827971,5.712912604,6.111353546,6.540014322999999,8.098792661000001,8.498264133,5.838782386,8.104023067,9.342506803,10.22074953,4.512715407,5.175920681,5.500514335,4.807062952,8.399995563,4.811367662,9.834121631,8.325662407000001,5.604840514,5.278295156,5.483234293,5.675970883,4.332405501,5.860878832999999,7.844459756,9.000816807,7.049829536,4.990829651,5.809024854,11.48355736,12.35401926,6.222020729,5.078889428,6.2321421070000005,5.304596125,4.2921990889999995,8.024736401,7.169402265,10.38474224,8.514897955,6.287830682,7.741506375,7.109640095,5.437212227000001,4.8253376789999995,4.851641613,5.216800692,6.5891304129999995,6.864094562000001,6.041782744,5.882052375,5.812045366,5.5527202739999995,6.650373871,7.470223797,7.608076466,5.700181477999999,4.3990275919999995,7.936355835,4.275451973,5.165213631,5.688491459,5.681661752999999,6.385702035,6.531408421,5.512922275,8.954396877,4.941941474,5.365509239,5.909331356,4.817531218,6.858964384,4.801862073,10.42399767,9.842162624,5.627400777,5.577043447,5.312259499,5.564459314,7.470536748,8.420973423,4.43900202,4.515231899,7.1403222379999995,8.589988553,5.4375686089999995,6.372567413,8.634132506,7.601223363,4.773986976000001,5.6178517060000015,7.120718373,6.149979276,9.955179196,8.53805366,4.609920273,10.08646783,5.193069979,4.588730792,5.147286684,6.198822389,8.675167529,5.17229103,6.873159516,7.813429687,6.857944292000001,4.848598602,6.315250355,5.125391497,7.631319069,5.36570816,7.222083948,4.928690587,10.82668645,9.820610176,5.219223686,7.29752634,5.155191542,5.101041498,11.38191037,6.235892699,6.496898165,10.19181263,9.382263402000001,6.32172572,6.082549617000001,7.438267907999999,5.015892739,7.284459742999999,8.892904042,4.211289064,7.633417944,6.342581778,7.654326202000001,6.689176201,5.84468593,6.578128714,8.271265306,6.212092875,8.421615601000001,6.704475612,5.860053937000001,6.561846787,4.972138313,8.604386265,5.844510093999999,9.009004666000001,5.178707986,5.973607071,4.975535109,5.199770684,5.023458651,4.834247421000001,4.891177633,5.211937287,6.517828827000001,5.26293959,5.031573542,5.610948098,5.868620394,7.252327216,7.403621621,7.238603104,6.461756502,5.810767909,12.35276978,5.541408504,6.3151550489999995,7.880332049,5.539360137,4.202739674,7.490742278,5.418804495,8.900451896,5.191263496,5.176126593999999,4.440214975,7.426499954,5.835226627000001,6.596074354,7.158037525,5.784657009,5.59810468,12.76021273,6.804429207,4.2592464460000015,12.39878294,7.585810342,5.7252742539999995,4.470577629,5.652147126,6.197222312999999,8.647697435,6.0737942,4.9110382260000005,4.5980900689999995,7.671799339,5.687957872,7.7308845370000006,6.74978863,8.006336713,6.149099541,7.359855382999999,5.455484014,4.87814304,5.938572289,5.743834044,4.834769106,4.557775423,4.680579175,9.466082992,8.209556335,10.00564449,6.370786819,5.830102612,5.653628932,6.847887657999999,7.697493763,4.881147619,5.837840278,5.576284575,5.868408596,4.826802302,7.933755199,13.05510314,4.278280672,5.369699128,7.0904988410000005,4.275852642,8.029749146,9.35610749,10.079569699999999,11.45646043,7.271362661,7.370130876,8.277469422000001,7.266049093999999,5.32130751,6.056291794,7.24792798,4.923133366,6.628814042,6.1657842610000015,9.629544141,7.086143927,5.010085012,5.586225555,4.88632824,5.709199571,4.422834368999999,5.795759549,8.213208682000001,8.294670227000001,5.571625386,5.6521837029999995,8.916332622999999,10.35584199,11.125259300000002,6.390296383,5.8114102370000005,5.88460234,7.238646072000001,9.465921572000001,7.34722503,7.668714232,7.128726914,5.0640574019999995,7.688814953,5.277136076000001,4.619413641,5.621694767,5.307178223,5.1404617969999995,6.576974882000001,8.565427297000001,5.256683442,4.0826850630000004,5.38090456,4.438996714,4.5969684719999995,6.405913684,4.939438255,4.979449106000001,4.535800171,6.843735307999999,5.441062313,8.308413974,5.8186167860000015,7.518170329,5.968909244,6.169793219,5.855428193,9.499262603,6.863795426,4.631623964,8.131341217000001,4.543148683,6.600211423999999,7.940435898,5.775556532,7.683529092000001,8.394134635,7.927514029,8.179972781,8.252602484,4.949076819,5.381786311,4.4054862,8.404972416,10.65424759,6.032857118,7.793597411,7.096681707,7.198454586,5.9265166979999995,4.858502952,6.7988088289999995,4.853091723,5.055310307,6.2023289429999995,6.6449502910000025,6.143696992000001,5.746118878,5.697682746,4.9143639839999995,7.6743544739999985,4.683900817,7.151313805,6.4285475660000015,8.57354933,5.305415473,7.666779149,7.645395255,5.3293203060000005,5.050000743,10.0070238,5.811253557000001,5.39905649,8.469443028999999,4.323826736,6.168958797999999,7.99515265,5.788081802000001,6.086926442999999,7.315467331,8.766183448,6.374714177,7.38735023,4.987772403,4.245595263,5.054827811,4.759431271,9.782397203,5.314878556,6.257479752999999,5.98644646,5.024519273,8.211301548,7.37038097,5.5842546220000004,5.477215084,4.983673433,5.625431721,9.191475785,6.973511866,9.320379373,6.185119498,6.4070175260000015,7.736794887,5.521666217000001,6.14265812,4.912750681,12.87599743,6.124280385,4.3657508310000015,6.954423695,5.335084075,7.160117249,6.743471832999999,7.623071702000001,4.766359205,9.315124804,5.866954666,10.04481733,4.403326458,5.521424777000001,5.165366562,4.955054217,5.010975727,6.7798810739999995,6.3923917260000005,7.658391802000001,11.538755,5.803622219,6.773826484,5.697444031,4.928899152,7.419501222999999,5.41863183,5.944988717999999,5.65174313,7.762742458,6.149573837999999,5.124597249,4.584760145,4.911744961,8.433100021,5.4188866639999995,5.110328629,6.018308311,4.816406419,4.847874492,5.088904298,6.565916818,8.41548011,8.456004228,4.842011724,6.944010124,6.234963235,8.604137573,7.524863048999999,6.283564048,6.284855061,6.3581648479999995,5.207788876,6.325751341,5.8544084629999995,5.081878951,8.99295251,6.2536003220000005,4.344864329,7.730312822999999,7.352574122,4.532647492,6.156972885,7.543682578999999,7.789972931,10.66208289,4.8523660710000005,4.712408478,7.584432427,7.995651153,7.345436302,4.796851636,7.928450939,5.677195959,6.802804748,5.724543411,6.084690129,4.984439514,6.9800262910000015,6.7102230579999995,5.6365190620000005,7.8651558060000015,8.085540952999999,6.025241049,9.798498666,6.34890528,4.870817016,7.362216011,7.7347171,7.518898106,4.642666965,8.067501349,4.330973335,8.98540391,5.891958058999999,7.702395049,7.033504656,7.200616274,4.2692458910000015,6.5417837410000015,7.2424325970000005,6.5839342510000005,4.667454029,4.1742223869999995,5.999786114,9.552568522,5.069357025,6.460936165,7.784144078,5.64260659,6.0284018060000015,7.771164757,5.281442949,5.622487099,6.4775839170000005,5.42652021,8.65060331,10.31984221,7.518429717999999,4.192223376,5.405079023,7.886115697,5.9155244960000015,9.597075588,6.797433361,4.571960206,5.376108602,6.343462242999999,5.169848198,4.585138801,5.954461692000001,4.468619562,7.039031886,5.059485491,5.306888557,6.530313437999999,8.970179099,8.40128126,6.941573633,7.18563397,4.6662562439999995,5.307407773,6.922085605,5.539523419,5.678584312000001,9.190532314,4.923942923999999,6.28655911,8.360531457999999,5.49817788,7.601112818,4.633401208,8.180211106,8.242063225,7.559007382000001,10.02631712,4.8239853319999995,11.33634973,4.450757277,7.184730603999999,6.99373388,4.679198101,4.501435431,10.53835797,7.265492068999999,6.593941015,6.3313409279999995,7.22608955,4.936646214,7.0047182810000015,8.882186738,7.8934109810000015,8.017301045,5.141659801,5.897616827,7.913486685,8.190354427,4.488443072,5.205242128,5.396280399,5.287651477,4.836460961,5.648314506,6.8968971660000005,4.607267712,8.00079713,4.779591492,4.904712153999999,7.964692886,8.161402246,6.595518124,5.565924232,7.757681132,7.152648869,4.800244351,7.59824377,8.04463157,7.329484575,7.4236680339999985,4.683754223999999,4.718589892,8.452718091,7.644813721,5.936192514,8.701875255,9.283387527999999,4.930191703999999,8.714245834,5.329192239,5.070290544,7.395709844,6.641953689,6.782357779,6.449977256,4.806631843,5.131607726,6.57473457,5.112893315,9.337176964,4.38490655,5.092693882,10.36079501,7.117967899,7.3488042,7.635913648,5.795569479,8.193731534,4.147231913,8.469623848,7.0229672039999995,5.1389728880000005,6.0147054760000005,4.951420359,6.2675931579999995,5.696047502000001,6.020162685,5.699590762000001,6.529281532000001,5.895880644,6.522037856,4.4427456780000005,8.34563347,5.116780556,7.401170549,4.336038745,7.174277035,8.896475251,8.005752569,7.893253425,8.954704223,5.6775230310000016,7.656457487000001,4.492467714,8.237502476,6.134863289,9.728680949,11.48644165,6.134233313999999,7.3621297110000015,5.410768462,7.617290661,4.302193157,8.693381453999999,6.074549635,8.198138703,6.799051812,7.734161665,4.832197468,6.32543462,6.005859244,4.398422353,6.133934603999999,5.240999013,5.033590611,5.690621095,13.21519503,6.636512139,6.474432928,10.16680595,7.810163524,6.143929368999999,8.299873426,8.040707043,8.255200519,9.353140243,8.927150166,7.058539013,7.047682204,5.205493788,5.5682692660000015,6.460864554,8.264836079,4.288779562,6.107659462000001,11.48764651,5.390830547999999,8.408040405,5.832637895,5.540725651,5.240529895,6.874343634,6.322936014,9.420483377,9.485606133,7.841871135,7.297705203,6.50380241,4.28136699,5.430531403,7.6011847470000005,8.448449787000001,5.553807837000001,4.486248524,6.587320581,5.575636821,7.285205811,7.465486012,5.211896324,6.242011682,6.35443021,6.1289234839999995,5.491547862999999,7.342542777999999,6.371680875,5.966730962000001,4.770058592,7.152138937999999,5.422649312000001,5.1757379839999995,4.19535706,4.804373988,8.571980762,6.621381307999999,8.517078198,5.910716633,7.6113028310000015,5.7223830389999994,7.893967779,5.995898897000001,7.084932134,5.810774747999999,5.218355911000001,6.3601408410000015,7.75778555,5.932526967,8.719652252000001,4.450349227,6.209337256,4.416661284,5.71741423,7.640525692000001,11.69144448,4.741305551,8.506718457,11.84503583,6.8393669379999995,6.219102542999999,7.119473361,7.035659764,7.004844301,6.078677806,6.698111063,8.330097076,6.3266592379999995,5.847321872,8.920093853,6.497406655,5.784921174,5.325248325,7.015486192999999,4.600195398,7.752756064,12.30377488,5.2564592910000005,6.688457372999999,5.898365605,7.893858312000001,6.299768877999999,6.900171877000001,5.690494581,8.833992531,5.007070488,6.092589244,7.319127707000001,5.694647454,6.715125147999999,6.865285199,4.825225678,8.133291946,7.2264088179999995,5.653849927,5.1934420160000005,5.24112367,5.191392,6.6625348970000005,4.668452234,5.499004612,6.864835848999999,6.703293658,6.575767615,10.16497967,5.435517582,4.736889706,5.692774534,6.650815691,6.2689737,8.366943793999999,6.842782091,6.093950456,7.326577202999999,7.587387647000001,6.035303884,7.03743974,8.233534762,4.929969021000001,5.815729784,8.089148518,9.083728987999999,4.1138491460000015,5.7627681289999995,5.247282166000001,6.063512652000001,6.458983722999999,6.756001165,4.536724746,9.571385101,5.752374457,5.9589224839999995,8.205160591,6.382084084,7.197837034,6.308477826,8.78656277,8.136140703999999,7.22704546,8.615329722,6.005084779,7.428361207999999,7.213394619,8.087155274,5.900203457999999,7.799691507,11.66666354,7.365168177999999,4.76936833,10.15358217,7.063338077999999,8.081797212,6.906332065,7.047562135,6.28002381,5.147766644,5.484111381,5.65396883,7.745063036,7.342799648,5.9723376770000005,6.885963843,4.665853313,5.0109085669999995,10.10485917,5.1298824739999995,8.904445849,5.3188425960000005,4.404855803999999,11.18103516,5.217128536000001,10.32676981,5.348217072,6.59021405,6.230802075,9.633212854,5.721713144,8.091207426,9.10953854,6.460757822000001,7.289850922,7.453560112999999,7.5038059729999995,6.776102196,6.019892845,6.162266186,4.4890272000000015,6.926629985,6.03029751,9.142829082,5.43258978,9.602174247,7.69847601,7.965507016,7.159339827999999,5.993937186,8.089516925,8.627100402,7.4233527289999985,8.09860849,8.707538287,5.363525321,7.752427467,5.02621269,6.257825344,8.035348707,9.513199108,8.186701669,4.433710243999999,5.620776547999999,8.316650183,7.77303898,5.463007336,7.344189419,7.926615512000001,10.0754038,7.283537442999999,5.470395902000001,6.032278985,5.888442341,8.004729328,8.392281495,8.593489672999999,8.216847739,6.05579883,7.595710866,6.064408504,10.5772583,6.687164787,6.8219786870000005,8.126296349,6.075140721,7.469309053,5.49352102,4.221410695,9.994911404,6.779465184,6.5305765,7.575736846,5.296437269,6.793282972,5.41690303,6.429978221,7.18274498,5.4500639920000005,5.7773296610000004,5.235925451,6.463125558,8.044009997,9.750831665,3.813668525,5.327194585,5.677607148,5.80295889,7.957001859,4.774286378999999,5.4176195310000015,4.3989192919999995,7.778565703,5.285286816,5.115507438,6.724929241,8.940066879,4.688644738,7.499636897999999,8.209415577,9.721185902,7.346088615,4.963900962,4.729272601,8.753383232000001,9.064467547000001,8.672297665,10.43141862,9.787400051,6.312865771,4.531141262,4.817968844,6.839937736,7.513470055,5.60518454,7.866808363,7.409916731,7.886421745,8.955224539,5.76346925,6.355621263,5.003200316,7.2236140120000005,4.782486976,6.2495644860000015,4.8486409010000004,4.774844794,6.9150158489999995,6.2033253560000015,6.402384574,5.501861623,7.437465426,8.759435643,6.04335492,5.746477499,5.499408868,5.799347125,10.31266984,9.13979267,8.18821052,8.436744212,6.83506759,6.9717947239999996,7.560502358,5.99506491,6.847714548,7.083516286,5.459077159,4.729058641,5.939721603,7.215446384,6.584527552999999,4.356994459,5.7626992910000014,6.935082446,5.181558036,8.310216543,5.508183667999999,5.8691007520000005,5.003966134,7.363536346,5.343355765,4.658136302,5.161605051,5.595191802,7.9473019,5.265506307,4.601905567,8.190828783999999,4.877626537,8.875576397,10.52609055,5.184767863,6.907940505,11.64608635,6.561937403,6.152277638999999,4.85318027,5.124996586,6.295701276,6.841436067999999,4.628303282,8.490143993,7.136495048,7.41859968,7.461105762000001,5.652620422999999,5.787895391,5.26722979,5.933354487999999,5.2419101139999995,7.063351535,6.364804797000001,6.314391317,11.77763182,4.96730631,4.657118700000002,7.654941459,5.5976801960000016,5.163443879,7.092090568,6.501921224,8.762242937,6.040906531,6.148298317,5.022076135,6.486405897000001,4.837954374,4.747680992,5.94576049,8.723648962,5.362681499,7.245327728999999,4.896304487,4.8379760460000005,5.673755063,4.8143722780000004,6.3137430660000025,5.4014908870000005,4.671976857,7.445772688,5.562936702999999,6.4548756360000015,11.97958911,5.125806347,8.791130653,6.9454689929999995,10.41241936,4.567506245,5.979013052999999,7.627129196,5.661762837,4.091060499,7.650081809,4.403617362,7.259935033,5.658276663,5.95378337,5.486300489,11.7157117,9.660190077000001,8.26458148,4.814227064,5.066078824,4.695779097,7.621553221,7.332826594,5.244256871,5.808171912000001,5.472628328,5.55935224,7.065792626,7.277646752000001,7.910727972999999,7.799284366,5.868750981,4.533591041,4.972952801,7.1970055529999994,10.98580626,4.858129371,10.85395359,6.062675536,8.663069079,9.584510104,4.902074686000001,4.456365186,5.814802365,10.8241601,6.876624085,7.188207679,9.382954968,6.612529229,10.06041324,8.736623981000001,7.081773909,4.615108329,5.995807523,5.883411578,5.381985082999999,6.474756826,7.677903896,7.665033519,8.065169476,4.759017781,6.095671727,7.656070817000001,7.493033617,6.335237327000001,4.545925874,5.686782148,8.643203192,4.9845795310000005,6.811395724,6.5397068439999995,7.226026192000001,6.220683206,7.851845742,7.052497671,4.484326248,7.3682477870000005,6.187343987999999,6.309843666,7.58426668,4.861834428,8.492099995,6.088702645,7.388763235,6.084548912000001,6.123415672,9.372983955,5.43351962,8.123205061,11.02594967,11.39404578,5.6874612010000005,8.41435956,4.620039026000001,10.23183988,5.479793428,6.997814099,5.779665499,5.7198054339999995,5.98121755,7.7109069020000005,11.26316763,6.413175829,5.64978486,4.620610299,7.52267597,9.490254764,7.936595588999999,6.521325813,6.568856212000001,4.978258853,7.895731396,5.5931899210000005,7.174714974,5.7967458610000016,6.665669554,6.195678035,8.857582969,10.42372451,6.191813123999999,4.890693303,4.0
29,11.50149206,6.442371492,10.06803335,6.963142909,6.355185272000001,4.505605357,8.708670106,5.215859324,4.516068508,6.00094258,4.570771944,10.72197403,5.686403123,11.15289902,6.80146911,7.280425217,9.264126575,6.315970509,4.7461321960000005,8.968372459,4.4031022580000005,7.055727082000001,8.201784479,8.276174758,6.6878140010000005,5.099945352,6.4025454029999995,6.8619766910000015,5.327775238,5.086924109,9.169905676,6.332520677000001,7.255834097,5.15407988,7.7251166960000015,7.1945858560000016,6.3680700660000005,4.852083966,6.030109086,5.0859527060000005,9.090945526,6.182953304,6.46408533,7.3724780339999985,7.443572777999999,7.562455722,5.632205614,9.458288917,6.107286892,7.180064599,4.70077951,6.180118491,6.342723522000001,9.207647722,4.3220868260000005,5.5820590060000015,4.638904575,9.564482411,4.479225634,5.486773769,6.080817861,5.36516649,8.492506169,6.912919058,6.338581211,8.250269444,6.463140937,7.087047044,7.3940686960000015,7.831392153999999,6.335388312999999,13.5181696,8.005862952000001,4.417853148,6.8746792889999995,4.738113684,5.035287448,6.635549515,4.650025679,6.81094212,7.3732038310000005,6.413856415,8.638084422,9.042507137000001,5.273553656,5.664064442999999,7.488676497999999,4.9273997419999995,5.407971438,8.560319865,5.330746971,6.998517367000001,5.24807257,8.531623349,7.795500189,6.114101886,10.23013373,4.389235505,4.317163208,7.0484042879999995,5.454337732000001,6.0064216020000005,6.4053457210000015,8.564987106,7.452004938,9.153700446,9.57436994,4.767665404,5.0284764000000015,7.1580560470000005,4.9751590939999994,5.126707822,4.796996409,6.735165042999999,5.935333825,9.052949647,4.32670593,5.290257243,5.880046843,6.875871997000001,10.854647199999999,8.629766072,5.741546848,8.742215148,7.780149285,5.2821427739999995,4.973961296000001,5.456137135,4.676784881000001,7.379573947999999,5.443773075,10.96838826,6.546830569,6.58209914,5.835749924,8.040748607000001,6.532607877,4.731770722,6.287236872,5.3135597510000006,4.372232695,4.589372707,9.914731286,9.148258279,5.644284422999999,6.348863904,4.936908325,6.065469641,10.26790921,4.728262443,6.9791131360000005,4.731528248,7.200273342999999,5.525224796,8.73827955,6.63257591,5.736863747999999,6.193571929,7.708140667,5.346744183999999,9.101556646,4.770013274,6.886826602,6.292550022,6.777024409,4.7640755619999995,8.893178767,6.802069413,8.907980371,4.965191657,4.35156473,5.958083646,7.25387529,9.170295199,8.207702661,8.34902625,8.033019292999999,9.792479002,7.6076755060000005,4.580852244,5.576925352999999,4.432778325,5.21360975,4.557041882,4.396621081,9.955099639,9.25701749,7.689693802000001,7.15825626,6.037861945,5.155064684,6.463150015,7.0963414160000005,7.4351252510000005,6.205401942000001,6.486973405,7.81797012,8.750490682,6.242774596,5.575816372999999,8.151872376,8.859764105,7.5742523760000005,9.452456485,6.214428539,6.935434267000001,5.637472746,8.262827551,4.736596797,5.449053957,5.088603815,9.873359407,5.9408638210000015,5.816516943,6.2151221670000005,9.254887091,6.333001498,5.873113525,6.279914262,5.8423294110000015,7.321422592999999,8.551113701,6.497064924,6.941721338,4.502733147,11.15365941,5.6392328,7.131342328,5.480434799999999,5.870379436,6.156483795,10.03350703,5.0859636969999995,5.353907635,11.35395009,5.3847811839999995,6.161352357999999,4.850398866,5.281831766,7.98134041,5.848019184,4.254925335,8.836448303,7.383963457,5.531576804,6.8135084610000005,5.430313792000001,4.652612597,6.2297097820000005,4.926018202,5.735378008,4.925996222,6.71879443,4.73094431,9.879670747,7.67250849,10.36222301,5.799352482000001,6.3073298829999995,9.14176897,5.646238632,6.867631255,5.066943491,5.269260018,4.656442299999998,7.515971531,5.3691125689999994,6.873610404,6.212164821,6.918278269,7.1180385510000015,4.668945893,7.053280387999999,6.95825291,7.809522096,6.511460258,8.429819001,7.0283960999999975,4.482832818,8.180887468,11.56632956,8.401735942,8.617592396000001,7.52255705,4.381808875,7.4321755629999995,5.779905319,4.91761119,5.50538799,5.851914086,6.664978773,6.666931131,9.28747002,10.63615461,4.965512438999999,7.38189164,6.971159806,5.0145074119999995,6.285051645,8.891757899,5.930476106,5.6066843429999995,9.721787048,5.862713192,7.796469302999999,6.919588462999999,7.455708127,4.7159481219999995,6.921718477000001,4.920637311,4.43064762,5.77188515,6.41641135,6.7577459410000005,4.677197275,7.604141019,7.015955397000001,9.768861845,6.822428426,7.3812923779999995,6.175912899,5.272539419,5.972877177999999,4.628634701,7.85747222,4.677607076,6.731795485,10.385073,8.393103538,5.046282286,6.899490806,5.764388783999999,4.830382449,6.131059483,11.62638356,6.986157612,6.201104777,7.840455771,8.595916075,8.1596453,4.320360882,7.539984349,7.735142194,5.405552861,6.64350281,7.077242565,4.702353014,7.499452923,5.5716171160000005,8.167678421,5.09188012,6.280016149,4.673708582,6.040137232999999,7.7412463670000005,7.398333918,8.760252202,5.736360539,7.722674279,8.952642838,5.054043426000001,10.27555551,8.508830226,4.594475587,4.959274703999999,5.419809435,8.130212756,5.424384506,8.207199825,5.159400717,6.0044885279999995,4.9844395630000005,6.602749149,5.725360734,5.392266001,9.639912936,8.518327482,6.034278314,8.479845527,8.505095942,7.3506679,5.654903653,6.3100328889999995,4.517108428999999,4.862970081,8.765548638,6.239062075,7.874146979,5.206580257,7.698496987,5.923440667,6.262111708,8.554487137999999,8.978221469,6.516017941,6.992607146,8.038289322999999,6.511164832,6.820190116,6.199315937000001,5.264528017,9.226419169,6.873461868,5.724435119,6.196317231,6.1732865110000015,4.685959639,6.89612314,5.5803443470000005,8.029406892999999,10.82099309,4.26431945,7.753742904,4.842169406,5.886866531,5.529670061,6.314380907,5.518627996,5.337513745,8.730809927000001,6.606106575,4.66008699,5.664551311,10.439303500000001,6.021911433,7.941893792,6.420154256,5.092464181,8.090246118,5.415750967,10.39802045,7.6181913,4.316782454,5.7515813179999995,11.63373314,8.098534772,6.424526056,7.0022076160000015,6.2180518739999995,8.946694328,5.549040442000001,4.785903966,6.468842968,5.647339016,8.773264314,6.089321832,5.1168363889999995,7.991553841,7.494752684,5.121722231000001,4.81519485,6.52027907,5.118722662,5.994238788,4.630387717,4.911844295,7.759447618999999,6.876955646,4.917988200000001,7.200370982999999,8.15957021,7.996568055,5.034626225,8.847838932,6.4970241060000005,5.37073751,6.402874167999999,5.052630738,7.390427669,5.598747313,8.114011657,5.511852782,4.897979253,5.507905119,4.536293378,4.875413443,4.290743096,6.461321272999999,6.715975808,7.2153369760000015,5.755598452999999,7.47280029,11.02730793,5.443701507999999,4.6127299289999995,6.861131134,7.583613467999999,4.652456265,6.9293406210000015,4.732947578,6.958004777,8.29403347,4.90748459,7.481996745,9.091452775,8.204906614,5.741285284,8.802906869,6.428653317,8.368052882999999,8.492165179,5.248801922,5.863990518,5.639136412,5.862467633,4.882989067,7.114008457000001,8.082603092000001,4.690814377,7.285857315,7.320758047000001,5.4627725929999995,5.00460421,6.180513027999999,6.954288654,6.06538784,8.113059577000001,7.730653266,7.4893468410000015,5.74437226,5.208793355,7.245645597,9.412565927000001,6.130252785,6.471244032,8.316313206,5.687845633999999,6.9516435770000005,6.159203784,5.51544592,5.319563626,8.432106688,7.07083247,7.640022632999999,6.784477229,6.128621085,6.728392949,8.112246432000001,5.449545027,6.7326107639999995,4.926277385,7.443092495,7.377849677,8.045419546,5.769309223,9.266944661,6.4884140860000015,5.212826134,6.035814003,7.7146268870000005,7.195582722,6.680828914,8.43331268,6.8359341910000015,6.872657203999999,6.185372178,6.020043544,7.048924332,6.439546226,8.900956033,6.317324022999999,10.20504472,5.381582572999999,5.393992398,5.566302514,10.06964081,7.507132493999999,6.301476125,6.616266115,4.572022598,7.782885019,6.138979802000001,5.85502014,5.240553382,5.706342867999999,7.973275611,9.259936745,9.216038679,6.867657446,8.311252084,6.868651367000001,7.3593069710000005,7.3534335870000005,6.916516764,7.78015881,5.786803711,7.798265936,8.533321373,9.021019512,8.617996527999999,6.5855388989999994,4.661497348,4.601253648999999,5.132001679,7.545107729,9.352492796,7.670480082999999,6.036228106,6.857401229,6.393015501,7.4082506760000015,9.379424159,12.32992484,4.823402232,12.81585995,4.925324033,5.7320245089999995,5.561082711,4.526467321,6.296002155,8.241074441,4.423739797,4.341388545,6.784552929,9.769910333,7.593538708,7.525699899,8.787406464,8.983043647999999,5.6552837270000005,5.775140801,7.03544428,6.814657762,7.953558554,6.071206987,7.544465934,6.108396282999999,4.477864555,6.101232988,5.757462478,5.6018965010000015,8.145411332,7.8692976660000005,5.454809909,6.5911395729999995,5.542561347,4.607433326000001,4.697766051,5.043430254,4.36194964,4.786052767,4.716666741,4.810935013,4.916650177,8.926447154,8.624608300000002,5.061354205,6.11046741,5.687936016,4.832727126,4.7068470719999995,5.574318664,7.518359977999999,6.902908213,9.783735115,5.363832816,5.97688963,5.141545503,4.705465579,5.267913254,6.723613137999999,6.564454745,4.962264526,7.937933528999999,5.494424146,9.441531392,5.171516071,6.368912965,4.768977945,4.592269858,5.377686762000001,4.728898031,6.766877631,5.039417578,7.680947374,9.382871158,4.364108596,4.985862256,6.101112595,6.211260066,7.443231093,5.407194324,8.624577894,6.858240706,10.13089679,7.502348725,8.343720004,8.96259621,8.097994906,8.44714149,6.617412926,7.892730356,6.7924410810000015,7.215989645,5.965638642,4.562670778999999,6.515265858999999,7.490217031,4.890064016,5.50307157,5.418014192,5.9805856,4.739157045,5.11431957,7.890329705,8.855776118,7.694793318999999,6.633601893,6.8340253529999995,6.174919383,4.739932348,5.714116882999999,4.865162686000001,4.76342044,8.842475775,4.365342534,4.795490706,9.498292937,7.0478048960000015,6.10117245,4.403795579,6.893625925,4.4118517289999994,6.812062731,5.24057934,7.280950301,7.279883672,8.655320846,6.575390835,5.2931145939999995,4.655549527,7.637765495,7.313104768,6.995355601,4.9202716419999994,7.775431281,7.486675139,8.948615102,7.476625594,6.359928742,8.479946768,5.641710955,5.382061124,5.605229659,5.4266708679999995,9.268021422,9.233436613,6.296072915,4.665310839,4.769654473,7.741264094,7.295070475,8.694152005,4.703188514,4.73137228,8.302395982,9.589908413,5.02483017,7.8751290260000015,9.554254401,7.996915411,5.073759293999999,4.996063821,6.028797129,6.718370799,6.520389487,4.804730512,7.009454946,5.69158257,7.614257169,9.43343236,6.2694017460000016,5.685989747000001,5.189859342,4.318528115,6.205628982,6.864317047,4.977732468999999,6.801875676,6.379296404,7.465328396,10.68098878,10.20422249,11.03713673,8.575320878,7.2375769389999975,11.12521411,9.452257348,8.447606115,7.068338011,5.531425389,6.29291329,8.751102793,6.148215037999999,7.820360544,4.983576857,5.395988377,7.143778747000001,8.807778597,4.44578936,6.9422162279999995,8.046113507000001,8.185623235,4.479437112,5.429372829,5.225641677,5.40635653,9.904297866,4.760438996,13.21365963,14.04399296,6.179690399,7.317390355,7.654732461,9.276246399,9.927301976,9.095603859,6.906418691,6.636219003,5.777721504,8.03905262,5.199403117,7.1911385060000015,9.110071831,5.713084212,4.755315989,8.192638067,7.307062595,8.916503766,10.500537699999999,5.277852091000001,9.670309726000001,6.59853266,6.865779507,8.763052978,6.212970972999999,5.726540881,6.4830062029999995,9.188995015,7.024908383,4.444937755,6.8087699829999995,6.912405784,13.03482453,7.6772387029999996,6.523648737,7.318174152999999,5.559040573,6.5103868060000005,5.146776313999999,8.453039052000001,7.927180521,10.63755358,8.27583208,5.928761242999999,8.298536544,5.708766175,8.224036112,9.299234846000001,5.93555323,6.379356809,6.066986377,7.307184427999999,6.945203962999999,6.199280129,5.363093172,7.007375679,6.605539922,9.118548002,7.505895602000001,5.893262593999999,5.17024385,5.630679413999999,9.398298573,7.3857299770000004,5.560797935,4.731213039,5.066541125,9.228349003,9.309733629,5.019317625,7.716850031,6.519214325,12.83227933,4.870987565,6.790473669,7.168289328999999,4.845528261,6.578078577,7.015386017000001,7.529372865,9.203012141,5.484610617,9.473441216,5.324563533,5.732609931,8.336984847,4.924556245,5.916140738999999,7.322960307000001,5.076560008,8.909155152,9.148088334,6.845693193,8.585230357999999,5.064816158999999,11.93149863,5.624558396,6.566565825,4.471495029,6.3211837110000015,8.073890824,4.828403741,5.788047626,9.157879863,7.1412064179999994,8.603444676,4.372123707,5.9176570889999995,8.094267894,10.06853187,5.318289878,7.783592089,6.623214377,5.072958995,6.9369175310000015,7.467304247,7.628553847,12.04691509,6.407246455,5.984853556,4.769200289,9.24079399,8.643519688,8.393519035,5.723229633,5.536520601,6.126867283999999,7.336186783,5.053818764,4.853436576,5.123748687,5.627458017,7.2356939160000024,5.439165781,4.887526853,6.009773751,7.596793203,14.02962029,5.838318323999999,5.863296922999999,6.301831883999999,6.731944745,5.17387308,4.835868541,6.183070763,6.08954038,5.93455281,5.4458257439999995,6.74320556,5.611829361,7.418318977999999,8.165669609,5.714627999,12.50580816,5.603057636,5.294750402,8.520960934,6.8092225410000005,4.950667775,6.002745362000001,4.484269885,6.237674939,5.0761826480000005,6.018643624,5.978812415,7.604349087,7.111170129,7.87325726,7.658372657999999,5.0209045969999995,4.17489039,8.439847839,7.421242446,5.354989235,7.375963262999999,6.190145287999999,11.26120273,10.7500283,8.795989335,7.997413855,5.619281189,6.487996552,9.515781328,5.43954116,5.452216445,6.154555443,5.224540115,5.395071102999999,6.787386457,7.975265396,7.413251548,6.7197630660000005,6.443936817999999,6.031281456,6.498953908,6.593576112,6.675671212,7.841119326,5.419690623999999,9.362507968,7.161481741,6.429778861,9.347164662,5.6808227229999995,6.6371404689999975,6.931560366,6.551670495,6.257415394,5.162116518,9.980327603,6.874553822999999,4.837028045,7.127014,6.4717973639999995,8.435752102,4.613670225,5.345079833,6.733900498,8.161269613,7.7485334639999985,8.492169164,7.309976377000001,6.342043971,5.103586048,4.91406744,4.652400275,11.32268758,4.812456313999999,8.670946212,7.169802344,6.265072977000001,4.6556931939999995,11.01649095,5.880747653999999,7.45823126,7.209433763,5.761698047,5.894761114,6.492072221,4.626298574,4.7687151960000005,7.484842939,5.83456608,6.90915846,5.057366238,6.690069414,8.280477355,6.32452735,8.600904819,10.62871395,9.094848205,7.233059582,9.621776987,11.02367792,6.349988569,4.797932459,6.528808996,5.386894357999999,6.662483094,6.001574205,8.714568658,6.356030538,7.433460137000001,6.5352050120000005,5.618376026,4.624338012,5.153025703,7.233646498,8.161926882000001,7.181744817,7.236297828,5.42748054,5.2267540619999995,6.482587499,4.819385476,6.534103375,6.6107444310000005,10.22120325,10.68831166,4.385573681,4.83398048,6.5008605610000005,7.0902443239999995,4.7568136889999995,4.080157915,7.65801647,7.982765316,5.776629647999999,4.419595289,5.049290114,7.001724227,6.991261278,5.513399188999999,6.277013854,6.747357121,4.9347583760000004,6.409848909,5.546247567999999,6.046290567000001,7.235040406,5.320747449,5.331262357,5.855207900000001,6.069988502999999,5.63318545,6.142360981,7.582832517999999,4.179136109,9.187360894,4.544650561,6.877137817,6.455489012,6.777285158,5.595771653,5.071100004,4.684647518999999,5.081060894,5.683690829,6.200430451,7.556824983999999,5.8800395420000005,11.32584034,5.6736500360000015,7.232424162,4.549951302,5.8264697010000015,4.4195598480000005,5.662846947,5.574215952,6.079310808,7.626620827999999,4.472888028,5.523273652,4.559197562,7.744768485,6.476417975,7.580464434,11.72005118,5.039351295,6.888086932999999,10.16318109,9.015902407999999,8.369266742999999,5.502208249,7.1180161779999995,4.270002957,4.754453235,4.8120005919999995,4.833651855,5.011228498,6.846926064,9.430013621,5.882321717000001,6.203535717,9.670787504,5.991879869,8.920904725,6.156220374,8.401487833,8.498269192,5.944929012999999,9.169280378,6.6023793410000025,5.481843021,7.051380282,5.04308136,7.082828115,6.5834618670000005,8.331862875,7.37458871,7.1469545010000015,6.183583425,4.690889258,8.01294946,8.281929478,5.095416717,4.50007232,5.671099661,5.90459141,6.3566702070000005,6.40454729,6.232235652000001,10.34111891,6.996944587000001,6.357638661,6.8146911160000005,8.420214054,11.21232426,5.038693776000001,8.520566079,6.3728554860000015,8.411834942999999,6.621232572,9.15270772,7.500624264,7.808656487,6.979945505,10.85421122,7.455185822000001,9.439064287999999,4.78873767,5.801973345,4.400920199,7.389273997999999,7.127506704,5.89929377,5.278060003,8.816160423,6.948438218,6.554532152999999,6.9585323510000014,5.030501297,11.67444482,5.226900951,5.8356833539999995,6.727651132999999,6.566038467,9.261484087000001,7.0150715429999995,4.845426455,6.136494839,5.557294203,8.663802056,5.4197096610000015,4.889084421000001,7.148251639,5.5077537439999995,5.832792535,6.235935143,9.456177027,10.01793514,6.336572469,8.07882122,7.961308886,7.445081355,7.9544903310000015,8.159837179,6.985993102,8.131133944,6.660265159,6.244805363999999,6.354548382000001,4.772672957,7.851425495,9.542031465,5.2194299719999995,6.237651082,4.947507002,8.806589153,8.059403468,6.42034102,5.795186974,4.338912288,5.415177987000001,6.782258268,9.116970081,4.966776539,7.044816497,4.986509661,9.053853596,5.895589396,5.991793907999999,6.042977658,4.481059073,6.623644989,5.514584585,5.43472652,5.2427079569999995,6.480078224,4.68838615,7.205595849,5.608079851,5.503405017,10.75443658,6.7134948539999995,4.571875889,6.1686804429999995,9.26683013,5.296298232,8.590900357999999,8.23949559,4.409564135,6.310945727999999,5.8850238820000005,5.683750087000001,5.565222979,4.628767346,4.965162523,6.207749691,4.945533675,6.598754351,7.8599599829999995,6.585936969,7.152433292,10.02104073,5.258338339,5.101417553,7.036263138,5.6321632410000015,5.435419232,5.7670152360000015,4.453184329,4.39048111,8.678369352999999,6.330902846,8.496664682999999,12.42436045,4.649332288,8.949945537,6.066196428,7.659033513,5.015230177,4.473461808,5.934610738,11.75389531,10.28287406,8.241815195,7.642977228999999,5.384706785,4.800696805,5.6934121289999995,7.146392682999999,9.27825604,7.391407282,7.8515819539999985,5.352170056,7.666940941,5.925187386,5.234207103,6.070877384,7.223431729,7.430760542000001,6.292402474,6.868660067,7.4539144020000005,6.755660764,5.650305792999999,5.784142472,8.173094669,8.350628922,9.110551561,9.700618301,8.152270137,10.34390032,9.039385084,8.721870337999999,7.722797944,7.8940285060000015,6.160600095,10.1354179,4.5927438789999995,8.397391916,6.359273815,4.599267258999999,8.852459352999999,6.464309338,11.46950154,4.410319843,6.557592333,5.867686394,6.317478799,6.191466613999999,8.264289672,8.565379549,7.477648855,4.45900713,8.209666198999999,4.39694642,8.025518111,5.0258323030000005,5.745312825,5.788978329,5.9256659,9.738111053999999,4.965269097,5.671604637000001,6.849007643999999,5.075390683,7.025691972000001,7.63823544,8.794794605,7.757427957000001,4.25756135,8.001998958,8.4673428,5.545366771,5.430048861,5.081945056,6.7635388270000005,6.607678074,8.530615762,4.75945937,8.960919192,7.357237483,5.734780957999999,6.390436782,7.730890692000001,6.6322624029999995,6.064386344,7.828095789,6.915756332000001,9.561036247999999,7.214998262000001,4.213195995,6.976694424,7.3445813829999995,5.497170497000001,5.263750407,8.618324756,5.344809791,5.206727955,8.801316992,8.018918845,7.218036427,8.070646434,9.309106153,5.688104196,5.378473604,9.970358535,9.133457669,5.615039756,4.419277211,5.152739858,5.172570169,5.226703387,7.454058527999999,7.997499737999999,8.844225514,7.031468384,6.815699045,6.77050034,10.55605107,7.393180911,4.80839369,6.285792185,7.479713844,4.602375996,11.84205461,6.137253969,9.600338706,7.588042084,9.116003033,7.550573327,8.002077486000001,9.280823095,5.988699774,5.285961267,6.4497729889999995,4.353819967,7.988503121,7.475606252,7.731964558,5.589297771,11.59139887,7.75559663,8.042798067,8.914109391,5.869647109,5.68186873,5.316514767,7.148199475,5.303254587,5.4856167760000005,6.399044879,7.81640383,7.304098346,7.279991017,6.705962726,5.593935815,4.82543522,5.175130687,5.6743351539999995,6.341053401,5.521433131,4.40135156,4.069840226,5.123659151,5.204267627,5.20970514,4.5908152069999995,5.617032772000001,7.337480802999999,5.8054454060000005,6.587648637000001,5.86296469,6.939654831,4.679658979,11.06966639,9.449557636,4.738270834,5.947991742999999,7.146481735,5.309210537,8.583365642999999,4.503651921,5.319668359,9.549887353999999,6.449545218,8.202031538,5.657760306,5.495874954,6.685027737,5.846460757000001,4.202334414,4.487399872,6.972912332000001,5.34434333,7.880836211,4.74110038,6.654581385,6.494159302000001,6.809439555,4.5645960169999995,5.434073385,9.99087645,8.493274187,5.550620285,6.986556462,6.337767303,7.243800221,5.8081631960000015,5.993970751,6.648063336,6.334177057000001,9.70534655,9.489948803999999,9.636475916,7.16746605,7.852614847999999,5.111675853,7.095071462999999,4.714591915,7.9991337520000005,7.18985853,6.204063493,7.0865880039999976,8.557742637999999,7.589957711,5.140520334,5.269688013000001,4.894119305,6.1846715360000015,9.594429017000001,9.906965092,4.819320929,5.6991621939999995,5.950962264,7.938442961,5.928869547000001,6.4666592760000015,11.01853087,5.143335378,7.861375568,6.698545633999999,5.337513133,7.008840137000001,4.590784438,5.942874463,5.843490137000001,5.227557904,5.414295813,5.247775798,8.968411338,11.36114321,5.656069402999999,4.268572173,4.737791057,9.919117421000001,8.519279739,7.774070921,6.6662155510000005,4.490582871,4.272440233999999,7.4005141939999985,7.003357882,6.984655589,4.90135603,4.7369939169999995,6.596541002,4.617412683,4.918217567,5.086070095,8.586066801,9.074621302999999,5.068056102,5.84177145,6.811170721,7.975317255,5.964880421,4.592302228,6.352354602,5.329032928999999,5.504747561,5.522474956,8.867113832000001,6.5907528110000015,6.507133235,6.800523484,5.740095977999999,7.406185446,5.093645396,6.192189162999999,8.915259625,6.5996284260000015,4.876355611,7.700291826,4.729282883,8.10374402,7.900862525,4.798501035,9.502881643,6.3558193439999995,10.15703222,5.173785501,6.023775204,5.607057919,11.81260082,5.963688445,10.15811681,12.28566716,8.039109652,6.540099796,7.459396882999999,5.855647481,10.9414198,9.400767898,4.873090383,7.955180536,7.154021544,8.530785527,9.205398519,6.654334092999999,10.61573847,6.223807817999999,4.984079877,8.658302907000001,8.845010398,5.729027632,10.39317211,5.677960556,8.266654991000001,5.333644673,6.3911105820000005,6.9803231729999995,4.787486341,6.209491732,7.024333399,4.297395205,8.223825741,4.8478685619999995,8.571677907,8.593653518,5.715301015,5.068825034,4.633442227,10.61966661,7.453457812999999,7.140656149,6.97093445,7.260208615,7.546753394,7.272213428,9.927361487999999,5.915485515,6.7759616110000005,7.504203353999999,8.20723043,5.925663064,9.430460295,7.150118544,5.622391264,5.873933438,5.40321451,7.3663816739999985,8.24385629,5.963630869,5.230764403999999,8.815169656,4.554113387,5.234507476,5.853578272000001,4.905725708,6.652484977,5.6131911279999995,6.188277808,9.156976214,7.3393757389999985,9.217475988,9.521987889,8.068837683,8.961029249,5.137709112,7.827721282000001,6.595240702000001,8.701643792999999,7.6206493029999995,5.102454096000001,5.0503787319999995,7.352468977000001,7.31970796,4.497392296,6.380310828,6.968521363,8.342265422999999,5.849118722,5.111583486000001,6.047354365,7.142549653,8.056061785,7.985226346,7.561413009,7.932026229,6.841105353,5.739648572,6.579444341,7.790669164,10.05402075,6.708194617999999,6.707666897,12.88259284,8.896337691,6.735430067999999,8.506715011,11.38016106,10.85026511,4.186892799,4.195903265,5.425789765,6.865439907000001,8.460337557999999,10.02361073,6.972882956,7.600602477000001,7.956536483,5.430982928,4.7224355330000005,6.928363347,8.317453059,9.06905508,5.582457467999999,10.01035868,4.641124507,9.073730449,5.4000748970000005,5.108163072,5.191104289,6.490859531,4.535067358,4.799468658,5.21565277,7.705228121,8.008287232999999,4.631161186,9.352892368,6.767848834,6.751112943,9.467770991,6.6638833360000005,9.887227118,7.363871649,7.921348718,5.673398584,6.030125415,5.083153067,4.752281541,6.710226847,7.77326678,6.7878233020000005,4.937375753,7.959933958,7.2330774920000005,5.349483276,8.15944446,7.091445208,7.465665962,5.987053347000001,5.531227146,4.2803389,5.359874728,10.17560536,6.996796101,5.140682067,11.67054024,5.192275205,10.67891964,5.755719002,6.03052479,5.841208961,5.515385834,4.937422083,4.557994358,5.7312843739999995,5.351612752,4.823666762,5.26137527,6.09215335,4.814450005,6.934794887000001,5.302211618,7.262720718,12.18502645,5.57421987,4.757414936,5.674151859,6.046091121,4.945843374,6.954759475,9.42195583,6.801302777,5.905508697,10.20299823,5.71461562,4.927400405,4.247782337,5.611887126,4.993266098,7.940609151,7.586354696,5.302187857,7.720296323999999,5.9629088889999995,7.055667947000001,5.73662554,5.823461484,4.508680524,7.6951148510000005,8.669527214,10.2959632,5.044319557,4.721300907,7.213716954,5.179530234,11.03814307,5.883863419,8.87248415,6.495107656,6.195447511,5.738216027000001,8.310776005,8.599328468,6.200535062999999,6.258201307,6.950618443,5.741130724,7.76896529,5.717839239,4.5890915130000005,4.980905508999999,5.388798692000001,6.997118209,8.57921821,6.177082048,5.8620252729999995,5.873503082999999,5.24034217,7.008972907,6.192498165,4.577677017,4.252943801,4.1138991030000005,6.8320880000000015,8.703577382,4.874037112,6.760239058,6.533225848,5.6932358039999995,6.253744844,7.03706323,10.25983853,4.882737654,10.62084132,4.9517642969999995,6.021071915,4.826649762,11.28103155,4.41299449,7.685116308,5.15850098,5.825605362,5.430279998,8.698009196000001,5.75298744,8.242090961,7.972641287999999,4.470670375,5.340622309,8.590171955,7.133089469,7.318046402999999,4.488409834,6.785787826,5.779555611,9.195815831,7.154597721,8.098717158,6.654294362000001,7.495057774,4.80063513,8.972442735,5.260232998,5.310305444,7.364486787000001,8.395928992,5.067530411,9.175536486,10.90544646,7.083427358,6.667242398,4.905443562,11.11049275,4.652071871,9.124758647,4.71347533,6.194040526,5.243137512,5.031570643999999,4.876542082,6.322978377,8.373949073,11.59104828,6.632254382999999,4.884810507,8.023811734,8.207719212999999,5.792850527000001,4.455685926,8.112423698999999,7.711585931,8.931185117,6.373120472,5.2871060739999995,6.213943133,7.759552346,6.98281629,6.706640724,4.683255309,5.128560772,5.078741088,5.6765125339999996,6.509895185,7.126634075,7.837170634,6.927865216,5.221287127,6.960422137999999,7.612230017999999,5.543466821,5.626577758,8.871929026,4.795344986,6.6465029929999995,4.87434213,8.977907373999999,5.323429774,4.813148579,4.838174853,5.716323963,5.787499285,9.465791579,5.750666549,5.476872079,5.713769494,4.514437268,9.535887726,8.501953054,5.822959902000001,6.381529966,5.6072266420000005,6.789601998999999,5.8235111129999995,6.97422336,4.503711287,9.835429015,6.5616020760000024,7.832889845,4.2332485160000015,5.119632889,8.332854437,5.237814602,8.596736191,10.32646464,6.1380533370000006,10.38611246,7.532449217000001,4.957474314,6.559659318,6.601814528999999,4.279522167,4.848721739,7.304982884,5.038858142,5.335553956,5.093190122,5.042560684,5.608959337999999,6.2502972560000005,5.8382605629999995,6.859424926,6.074844286,4.534396895,6.357432686,7.664864323,4.73496446,7.191280326,5.661895839,5.558178476,5.545522365,4.667801517,8.02056185,9.145895032,5.371838755,5.081590361,5.126803048,7.157576884,7.009551339,11.14001777,7.892393179,4.140638471,5.440010028,8.157671673,5.308428534,4.311006707,4.727372046,6.716577111,5.160912776,4.27679354,7.928609363,6.1627449,10.81221292,6.486687099,6.068056843,6.254765592999999,5.94569125,7.258381999,6.70292213,5.477756756000002,5.499413515,5.649588,7.249431183,6.63796155,4.892994463,6.221081785,4.965516401,7.6045200920000005,4.718475051,8.339432943,7.1871287420000005,10.36844015,4.663687144,4.407191302,7.056908046,5.5073538960000015,6.031460017000001,4.805583382,10.05797048,6.9008613510000005,10.05910821,7.574598677999999,4.815793153,5.301472562,6.68201473,7.692046697,6.752206158,8.972293605,6.3126495039999995,6.349942712000001,6.0750923839999995,6.966118117000001,7.415323586,7.024747071,4.285155968,6.760142758,4.821927641,4.785199312,5.8342189410000005,7.364182135,5.253810328,4.396997726,7.296336416,5.976381085,5.495276401,6.054973671,5.290796108,5.08693913,7.603922464,4.3784606539999995,5.051759766,4.831896789,9.692998307,6.768773907000001,9.508883331,4.521718374,7.347211202,5.326506708,10.01020368,6.823421727,6.231044279,4.859600391,7.628803549,4.947387968999999,11.45027121,9.148471215,5.971752385,6.5824630410000005,9.648083657,9.861365311,7.693188782999999,6.530833951,7.711625109,5.714374072999999,10.71827971,5.712912604,6.111353546,6.540014322999999,8.098792661000001,8.498264133,5.838782386,8.104023067,9.342506803,10.22074953,4.512715407,5.175920681,5.500514335,4.807062952,8.399995563,4.811367662,9.834121631,8.325662407000001,5.604840514,5.278295156,5.483234293,5.675970883,4.332405501,5.860878832999999,7.844459756,9.000816807,7.049829536,4.990829651,5.809024854,11.48355736,12.35401926,6.222020729,5.078889428,6.2321421070000005,5.304596125,4.2921990889999995,8.024736401,7.169402265,10.38474224,8.514897955,6.287830682,7.741506375,7.109640095,5.437212227000001,4.8253376789999995,4.851641613,5.216800692,6.5891304129999995,6.864094562000001,6.041782744,5.882052375,5.812045366,5.5527202739999995,6.650373871,7.470223797,7.608076466,5.700181477999999,4.3990275919999995,7.936355835,4.275451973,5.165213631,5.688491459,5.681661752999999,6.385702035,6.531408421,5.512922275,8.954396877,4.941941474,5.365509239,5.909331356,4.817531218,6.858964384,4.801862073,10.42399767,9.842162624,5.627400777,5.577043447,5.312259499,5.564459314,7.470536748,8.420973423,4.43900202,4.515231899,7.1403222379999995,8.589988553,5.4375686089999995,6.372567413,8.634132506,7.601223363,4.773986976000001,5.6178517060000015,7.120718373,6.149979276,9.955179196,8.53805366,4.609920273,10.08646783,5.193069979,4.588730792,5.147286684,6.198822389,8.675167529,5.17229103,6.873159516,7.813429687,6.857944292000001,4.848598602,6.315250355,5.125391497,7.631319069,5.36570816,7.222083948,4.928690587,10.82668645,9.820610176,5.219223686,7.29752634,5.155191542,5.101041498,11.38191037,6.235892699,6.496898165,10.19181263,9.382263402000001,6.32172572,6.082549617000001,7.438267907999999,5.015892739,7.284459742999999,8.892904042,4.211289064,7.633417944,6.342581778,7.654326202000001,6.689176201,5.84468593,6.578128714,8.271265306,6.212092875,8.421615601000001,6.704475612,5.860053937000001,6.561846787,4.972138313,8.604386265,5.844510093999999,9.009004666000001,5.178707986,5.973607071,4.975535109,5.199770684,5.023458651,4.834247421000001,4.891177633,5.211937287,6.517828827000001,5.26293959,5.031573542,5.610948098,5.868620394,7.252327216,7.403621621,7.238603104,6.461756502,5.810767909,12.35276978,5.541408504,6.3151550489999995,7.880332049,5.539360137,4.202739674,7.490742278,5.418804495,8.900451896,5.191263496,5.176126593999999,4.440214975,7.426499954,5.835226627000001,6.596074354,7.158037525,5.784657009,5.59810468,12.76021273,6.804429207,4.2592464460000015,12.39878294,7.585810342,5.7252742539999995,4.470577629,5.652147126,6.197222312999999,8.647697435,6.0737942,4.9110382260000005,4.5980900689999995,7.671799339,5.687957872,7.7308845370000006,6.74978863,8.006336713,6.149099541,7.359855382999999,5.455484014,4.87814304,5.938572289,5.743834044,4.834769106,4.557775423,4.680579175,9.466082992,8.209556335,10.00564449,6.370786819,5.830102612,5.653628932,6.847887657999999,7.697493763,4.881147619,5.837840278,5.576284575,5.868408596,4.826802302,7.933755199,13.05510314,4.278280672,5.369699128,7.0904988410000005,4.275852642,8.029749146,9.35610749,10.079569699999999,11.45646043,7.271362661,7.370130876,8.277469422000001,7.266049093999999,5.32130751,6.056291794,7.24792798,4.923133366,6.628814042,6.1657842610000015,9.629544141,7.086143927,5.010085012,5.586225555,4.88632824,5.709199571,4.422834368999999,5.795759549,8.213208682000001,8.294670227000001,5.571625386,5.6521837029999995,8.916332622999999,10.35584199,11.125259300000002,6.390296383,5.8114102370000005,5.88460234,7.238646072000001,9.465921572000001,7.34722503,7.668714232,7.128726914,5.0640574019999995,7.688814953,5.277136076000001,4.619413641,5.621694767,5.307178223,5.1404617969999995,6.576974882000001,8.565427297000001,5.256683442,4.0826850630000004,5.38090456,4.438996714,4.5969684719999995,6.405913684,4.939438255,4.979449106000001,4.535800171,6.843735307999999,5.441062313,8.308413974,5.8186167860000015,7.518170329,5.968909244,6.169793219,5.855428193,9.499262603,6.863795426,4.631623964,8.131341217000001,4.543148683,6.600211423999999,7.940435898,5.775556532,7.683529092000001,8.394134635,7.927514029,8.179972781,8.252602484,4.949076819,5.381786311,4.4054862,8.404972416,10.65424759,6.032857118,7.793597411,7.096681707,7.198454586,5.9265166979999995,4.858502952,6.7988088289999995,4.853091723,5.055310307,6.2023289429999995,6.6449502910000025,6.143696992000001,5.746118878,5.697682746,4.9143639839999995,7.6743544739999985,4.683900817,7.151313805,6.4285475660000015,8.57354933,5.305415473,7.666779149,7.645395255,5.3293203060000005,5.050000743,10.0070238,5.811253557000001,5.39905649,8.469443028999999,4.323826736,6.168958797999999,7.99515265,5.788081802000001,6.086926442999999,7.315467331,8.766183448,6.374714177,7.38735023,4.987772403,4.245595263,5.054827811,4.759431271,9.782397203,5.314878556,6.257479752999999,5.98644646,5.024519273,8.211301548,7.37038097,5.5842546220000004,5.477215084,4.983673433,5.625431721,9.191475785,6.973511866,9.320379373,6.185119498,6.4070175260000015,7.736794887,5.521666217000001,6.14265812,4.912750681,12.87599743,6.124280385,4.3657508310000015,6.954423695,5.335084075,7.160117249,6.743471832999999,7.623071702000001,4.766359205,9.315124804,5.866954666,10.04481733,4.403326458,5.521424777000001,5.165366562,4.955054217,5.010975727,6.7798810739999995,6.3923917260000005,7.658391802000001,11.538755,5.803622219,6.773826484,5.697444031,4.928899152,7.419501222999999,5.41863183,5.944988717999999,5.65174313,7.762742458,6.149573837999999,5.124597249,4.584760145,4.911744961,8.433100021,5.4188866639999995,5.110328629,6.018308311,4.816406419,4.847874492,5.088904298,6.565916818,8.41548011,8.456004228,4.842011724,6.944010124,6.234963235,8.604137573,7.524863048999999,6.283564048,6.284855061,6.3581648479999995,5.207788876,6.325751341,5.8544084629999995,5.081878951,8.99295251,6.2536003220000005,4.344864329,7.730312822999999,7.352574122,4.532647492,6.156972885,7.543682578999999,7.789972931,10.66208289,4.8523660710000005,4.712408478,7.584432427,7.995651153,7.345436302,4.796851636,7.928450939,5.677195959,6.802804748,5.724543411,6.084690129,4.984439514,6.9800262910000015,6.7102230579999995,5.6365190620000005,7.8651558060000015,8.085540952999999,6.025241049,9.798498666,6.34890528,4.870817016,7.362216011,7.7347171,7.518898106,4.642666965,8.067501349,4.330973335,8.98540391,5.891958058999999,7.702395049,7.033504656,7.200616274,4.2692458910000015,6.5417837410000015,7.2424325970000005,6.5839342510000005,4.667454029,4.1742223869999995,5.999786114,9.552568522,5.069357025,6.460936165,7.784144078,5.64260659,6.0284018060000015,7.771164757,5.281442949,5.622487099,6.4775839170000005,5.42652021,8.65060331,10.31984221,7.518429717999999,4.192223376,5.405079023,7.886115697,5.9155244960000015,9.597075588,6.797433361,4.571960206,5.376108602,6.343462242999999,5.169848198,4.585138801,5.954461692000001,4.468619562,7.039031886,5.059485491,5.306888557,6.530313437999999,8.970179099,8.40128126,6.941573633,7.18563397,4.6662562439999995,5.307407773,6.922085605,5.539523419,5.678584312000001,9.190532314,4.923942923999999,6.28655911,8.360531457999999,5.49817788,7.601112818,4.633401208,8.180211106,8.242063225,7.559007382000001,10.02631712,4.8239853319999995,11.33634973,4.450757277,7.184730603999999,6.99373388,4.679198101,4.501435431,10.53835797,7.265492068999999,6.593941015,6.3313409279999995,7.22608955,4.936646214,7.0047182810000015,8.882186738,7.8934109810000015,8.017301045,5.141659801,5.897616827,7.913486685,8.190354427,4.488443072,5.205242128,5.396280399,5.287651477,4.836460961,5.648314506,6.8968971660000005,4.607267712,8.00079713,4.779591492,4.904712153999999,7.964692886,8.161402246,6.595518124,5.565924232,7.757681132,7.152648869,4.800244351,7.59824377,8.04463157,7.329484575,7.4236680339999985,4.683754223999999,4.718589892,8.452718091,7.644813721,5.936192514,8.701875255,9.283387527999999,4.930191703999999,8.714245834,5.329192239,5.070290544,7.395709844,6.641953689,6.782357779,6.449977256,4.806631843,5.131607726,6.57473457,5.112893315,9.337176964,4.38490655,5.092693882,10.36079501,7.117967899,7.3488042,7.635913648,5.795569479,8.193731534,4.147231913,8.469623848,7.0229672039999995,5.1389728880000005,6.0147054760000005,4.951420359,6.2675931579999995,5.696047502000001,6.020162685,5.699590762000001,6.529281532000001,5.895880644,6.522037856,4.4427456780000005,8.34563347,5.116780556,7.401170549,4.336038745,7.174277035,8.896475251,8.005752569,7.893253425,8.954704223,5.6775230310000016,7.656457487000001,4.492467714,8.237502476,6.134863289,9.728680949,11.48644165,6.134233313999999,7.3621297110000015,5.410768462,7.617290661,4.302193157,8.693381453999999,6.074549635,8.198138703,6.799051812,7.734161665,4.832197468,6.32543462,6.005859244,4.398422353,6.133934603999999,5.240999013,5.033590611,5.690621095,13.21519503,6.636512139,6.474432928,10.16680595,7.810163524,6.143929368999999,8.299873426,8.040707043,8.255200519,9.353140243,8.927150166,7.058539013,7.047682204,5.205493788,5.5682692660000015,6.460864554,8.264836079,4.288779562,6.107659462000001,11.48764651,5.390830547999999,8.408040405,5.832637895,5.540725651,5.240529895,6.874343634,6.322936014,9.420483377,9.485606133,7.841871135,7.297705203,6.50380241,4.28136699,5.430531403,7.6011847470000005,8.448449787000001,5.553807837000001,4.486248524,6.587320581,5.575636821,7.285205811,7.465486012,5.211896324,6.242011682,6.35443021,6.1289234839999995,5.491547862999999,7.342542777999999,6.371680875,5.966730962000001,4.770058592,7.152138937999999,5.422649312000001,5.1757379839999995,4.19535706,4.804373988,8.571980762,6.621381307999999,8.517078198,5.910716633,7.6113028310000015,5.7223830389999994,7.893967779,5.995898897000001,7.084932134,5.810774747999999,5.218355911000001,6.3601408410000015,7.75778555,5.932526967,8.719652252000001,4.450349227,6.209337256,4.416661284,5.71741423,7.640525692000001,11.69144448,4.741305551,8.506718457,11.84503583,6.8393669379999995,6.219102542999999,7.119473361,7.035659764,7.004844301,6.078677806,6.698111063,8.330097076,6.3266592379999995,5.847321872,8.920093853,6.497406655,5.784921174,5.325248325,7.015486192999999,4.600195398,7.752756064,12.30377488,5.2564592910000005,6.688457372999999,5.898365605,7.893858312000001,6.299768877999999,6.900171877000001,5.690494581,8.833992531,5.007070488,6.092589244,7.319127707000001,5.694647454,6.715125147999999,6.865285199,4.825225678,8.133291946,7.2264088179999995,5.653849927,5.1934420160000005,5.24112367,5.191392,6.6625348970000005,4.668452234,5.499004612,6.864835848999999,6.703293658,6.575767615,10.16497967,5.435517582,4.736889706,5.692774534,6.650815691,6.2689737,8.366943793999999,6.842782091,6.093950456,7.326577202999999,7.587387647000001,6.035303884,7.03743974,8.233534762,4.929969021000001,5.815729784,8.089148518,9.083728987999999,4.1138491460000015,5.7627681289999995,5.247282166000001,6.063512652000001,6.458983722999999,6.756001165,4.536724746,9.571385101,5.752374457,5.9589224839999995,8.205160591,6.382084084,7.197837034,6.308477826,8.78656277,8.136140703999999,7.22704546,8.615329722,6.005084779,7.428361207999999,7.213394619,8.087155274,5.900203457999999,7.799691507,11.66666354,7.365168177999999,4.76936833,10.15358217,7.063338077999999,8.081797212,6.906332065,7.047562135,6.28002381,5.147766644,5.484111381,5.65396883,7.745063036,7.342799648,5.9723376770000005,6.885963843,4.665853313,5.0109085669999995,10.10485917,5.1298824739999995,8.904445849,5.3188425960000005,4.404855803999999,11.18103516,5.217128536000001,10.32676981,5.348217072,6.59021405,6.230802075,9.633212854,5.721713144,8.091207426,9.10953854,6.460757822000001,7.289850922,7.453560112999999,7.5038059729999995,6.776102196,6.019892845,6.162266186,4.4890272000000015,6.926629985,6.03029751,9.142829082,5.43258978,9.602174247,7.69847601,7.965507016,7.159339827999999,5.993937186,8.089516925,8.627100402,7.4233527289999985,8.09860849,8.707538287,5.363525321,7.752427467,5.02621269,6.257825344,8.035348707,9.513199108,8.186701669,4.433710243999999,5.620776547999999,8.316650183,7.77303898,5.463007336,7.344189419,7.926615512000001,10.0754038,7.283537442999999,5.470395902000001,6.032278985,5.888442341,8.004729328,8.392281495,8.593489672999999,8.216847739,6.05579883,7.595710866,6.064408504,10.5772583,6.687164787,6.8219786870000005,8.126296349,6.075140721,7.469309053,5.49352102,4.221410695,9.994911404,6.779465184,6.5305765,7.575736846,5.296437269,6.793282972,5.41690303,6.429978221,7.18274498,5.4500639920000005,5.7773296610000004,5.235925451,6.463125558,8.044009997,9.750831665,3.813668525,5.327194585,5.677607148,5.80295889,7.957001859,4.774286378999999,5.4176195310000015,4.3989192919999995,7.778565703,5.285286816,5.115507438,6.724929241,8.940066879,4.688644738,7.499636897999999,8.209415577,9.721185902,7.346088615,4.963900962,4.729272601,8.753383232000001,9.064467547000001,8.672297665,10.43141862,9.787400051,6.312865771,4.531141262,4.817968844,6.839937736,7.513470055,5.60518454,7.866808363,7.409916731,7.886421745,8.955224539,5.76346925,6.355621263,5.003200316,7.2236140120000005,4.782486976,6.2495644860000015,4.8486409010000004,4.774844794,6.9150158489999995,6.2033253560000015,6.402384574,5.501861623,7.437465426,8.759435643,6.04335492,5.746477499,5.499408868,5.799347125,10.31266984,9.13979267,8.18821052,8.436744212,6.83506759,6.9717947239999996,7.560502358,5.99506491,6.847714548,7.083516286,5.459077159,4.729058641,5.939721603,7.215446384,6.584527552999999,4.356994459,5.7626992910000014,6.935082446,5.181558036,8.310216543,5.508183667999999,5.8691007520000005,5.003966134,7.363536346,5.343355765,4.658136302,5.161605051,5.595191802,7.9473019,5.265506307,4.601905567,8.190828783999999,4.877626537,8.875576397,10.52609055,5.184767863,6.907940505,11.64608635,6.561937403,6.152277638999999,4.85318027,5.124996586,6.295701276,6.841436067999999,4.628303282,8.490143993,7.136495048,7.41859968,7.461105762000001,5.652620422999999,5.787895391,5.26722979,5.933354487999999,5.2419101139999995,7.063351535,6.364804797000001,6.314391317,11.77763182,4.96730631,4.657118700000002,7.654941459,5.5976801960000016,5.163443879,7.092090568,6.501921224,8.762242937,6.040906531,6.148298317,5.022076135,6.486405897000001,4.837954374,4.747680992,5.94576049,8.723648962,5.362681499,7.245327728999999,4.896304487,4.8379760460000005,5.673755063,4.8143722780000004,6.3137430660000025,5.4014908870000005,4.671976857,7.445772688,5.562936702999999,6.4548756360000015,11.97958911,5.125806347,8.791130653,6.9454689929999995,10.41241936,4.567506245,5.979013052999999,7.627129196,5.661762837,4.091060499,7.650081809,4.403617362,7.259935033,5.658276663,5.95378337,5.486300489,11.7157117,9.660190077000001,8.26458148,4.814227064,5.066078824,4.695779097,7.621553221,7.332826594,5.244256871,5.808171912000001,5.472628328,5.55935224,7.065792626,7.277646752000001,7.910727972999999,7.799284366,5.868750981,4.533591041,4.972952801,7.1970055529999994,10.98580626,4.858129371,10.85395359,6.062675536,8.663069079,9.584510104,4.902074686000001,4.456365186,5.814802365,10.8241601,6.876624085,7.188207679,9.382954968,6.612529229,10.06041324,8.736623981000001,7.081773909,4.615108329,5.995807523,5.883411578,5.381985082999999,6.474756826,7.677903896,7.665033519,8.065169476,4.759017781,6.095671727,7.656070817000001,7.493033617,6.335237327000001,4.545925874,5.686782148,8.643203192,4.9845795310000005,6.811395724,6.5397068439999995,7.226026192000001,6.220683206,7.851845742,7.052497671,4.484326248,7.3682477870000005,6.187343987999999,6.309843666,7.58426668,4.861834428,8.492099995,6.088702645,7.388763235,6.084548912000001,6.123415672,9.372983955,5.43351962,8.123205061,11.02594967,11.39404578,5.6874612010000005,8.41435956,4.620039026000001,10.23183988,5.479793428,6.997814099,5.779665499,5.7198054339999995,5.98121755,7.7109069020000005,11.26316763,6.413175829,5.64978486,4.620610299,7.52267597,9.490254764,7.936595588999999,6.521325813,6.568856212000001,4.978258853,7.895731396,5.5931899210000005,7.174714974,5.7967458610000016,6.665669554,6.195678035,8.857582969,10.42372451,6.191813123999999,4.890693303,4.0
